feat	n.vars	mean.s	median.s	sd.s	cv.s	liptak.s	p.nom	fdr
ENSDARG00000000002	1	2.55483363774512	2.55483363774512	NA	NA	2.55483363774512	0.25488	0.797787547633682
ENSDARG00000000086	25	1.69608656382243	0.961167181459792	1.96078540266301	1.15606446303309	8.48043281911216	0.98737	1
ENSDARG00000000103	26	3.08010679855559	2.36194651464875	3.05759052366795	0.992689774621386	15.7055246697848	0.47017	0.971652844670051
ENSDARG00000000142	1	0.450977621636113	0.450977621636113	NA	NA	0.450977621636113	1	1
ENSDARG00000000151	5	1.10008865947458	0.639688258929584	0.938766387963845	0.853355209035803	2.45987302386178	0.9188	1
ENSDARG00000000161	20	1.36781010686131	1.18287714980908	1.12201470757595	0.820300056234139	6.11703275850626	0.95006	1
ENSDARG00000000183	26	2.13890921379801	1.72938734637006	1.64835420505142	0.770651785694295	10.9063398189595	0.90998	1
ENSDARG00000000189	26	2.44071484216145	2.18219177058927	1.50891089277314	0.618224983397438	12.4452526072968	0.3118	0.854017034649476
ENSDARG00000000212	2	1.21708041154096	1.21708041154096	1.00639498575558	0.826892764202302	1.72121162449985	0.67737	1
ENSDARG00000000324	7	1.38953842825264	1.07377613652615	0.841631867481455	0.605691681762137	3.67637311832404	0.94402	1
ENSDARG00000000370	27	2.08143369680746	1.88731018277332	1.55589257933913	0.747510036820096	10.8154467463693	0.89619	1
ENSDARG00000000380	1	0.841000624206828	0.841000624206828	NA	NA	0.841000624206828	0.84242	1
ENSDARG00000000394	9	2.90878244611985	2.92205426206152	1.23624951210871	0.425005834918246	8.72634733835955	0.45013	0.958226135508156
ENSDARG00000000423	9	1.48452337807042	1.12903435013942	1.2544120751814	0.844993143059754	4.45357013421125	0.75819	1
ENSDARG00000000442	11	2.22744613655511	2.49853183635452	1.11643967606455	0.501219606500202	7.38760307568003	0.32107	0.86473947075946
ENSDARG00000000472	6	1.51633379651741	1.34831510067332	1.07079020838124	0.70617050865749	3.71424408120487	0.88047	1
ENSDARG00000000489	1	0	0	NA	NA	0	1	1
ENSDARG00000000503	23	5.37050172727195	4.97138718931236	3.26739239989348	0.608396117498917	25.7560214796562	0.78512	1
ENSDARG00000000529	16	1.3951530566044	1.56895148095009	1.04585577247953	0.749635151160397	5.58061222641762	0.92277	1
ENSDARG00000000542	18	1.73858912778167	1.56978585718257	1.25826581682163	0.723728106149552	7.37620897170976	0.82511	1
ENSDARG00000000568	10	1.25190613446928	1.23026039048343	0.787164932605234	0.628773125182373	3.95887480165996	0.98188	1
ENSDARG00000000631	27	2.29277716754365	1.89415755171101	1.55375432337251	0.6776734980474	11.9136196338584	0.44024	0.952940408250053
ENSDARG00000000651	1	4.18783822890248	4.18783822890248	NA	NA	4.18783822890248	0.07829	0.478928725961538
ENSDARG00000000656	5	1.70775534236727	2.47510545179259	1.35850562314147	0.79549194749309	3.81865703447165	0.54874	1
ENSDARG00000000666	12	2.87441968445402	2.36886479744788	2.7221894957189	0.947039679153869	9.95728187150093	0.4631	0.968863311555737
ENSDARG00000000690	1	1.42405447347082	1.42405447347082	NA	NA	1.42405447347082	0.59921	1
ENSDARG00000000729	26	2.53137275318219	2.46624520257373	1.0889403060055	0.430177777901969	12.9075190646531	0.07868	0.479315622009569
ENSDARG00000000767	4	2.12869145896283	2.13134916427144	1.1992844825014	0.563390470446916	4.25738291792566	0.37166	0.909903005008347
ENSDARG00000000779	6	3.41003903698633	2.26226936756532	3.07817725411489	0.902680943158725	8.35285564358825	0.08504	0.49686401836969
ENSDARG00000000830	8	1.5748617502993	1.45444146399705	0.617633789519759	0.392182862655963	4.45438169227179	0.71157	1
ENSDARG00000000857	6	1.13485412334664	0.799372727453252	1.23947888408464	1.09219225500936	2.77981353469279	0.95119	1
ENSDARG00000000861	3	1.92294058979386	1.90699781491844	1.93096133904058	1.00417108531033	3.33063080145943	0.57394	1
ENSDARG00000000935	18	1.9126659212432	1.17193618839342	1.85877416803409	0.971823749976117	8.11475425833289	0.53609	1
ENSDARG00000000943	15	0.877002815426795	0.531292386882995	0.721207830714812	0.822355205739944	3.39661729872499	0.9998	1
ENSDARG00000001015	35	2.07419931224278	1.81388156178672	1.33513980780352	0.643689253931857	12.2711286172786	0.56322	1
ENSDARG00000001127	13	2.81094337365734	2.51315576337473	1.81040490933036	0.64405598714528	10.1350004661473	0.77724	1
ENSDARG00000001162	14	2.76701322149759	2.87409892655645	1.85316374471173	0.66973432953412	10.3532154595176	0.50261	0.989760781582511
ENSDARG00000001169	3	3.44968454481949	3.63687552629052	0.334098070129592	0.0968488758287531	5.97502890171248	0.07829	0.478928725961538
ENSDARG00000001210	3	1.6265246904611	0.998768614330307	1.10403157777477	0.678767180264434	2.81722340364387	0.76244	1
ENSDARG00000001220	45	2.034549388697	1.74681740293493	1.66143403525741	0.816610323881813	13.6481722101214	0.98825	1
ENSDARG00000001234	5	1.22750447246176	0.57210937755394	1.64070425566449	1.33661774150122	2.74478344310951	0.82851	1
ENSDARG00000001241	3	2.94460523737113	4.05371712678102	2.08519051014911	0.708139238389292	5.10020587936021	0.62553	1
ENSDARG00000001249	2	2.50662319057446	2.50662319057446	1.72349500330463	0.687576421452336	3.54490051186932	0.24019	0.780540810983397
ENSDARG00000001303	5	2.04933575233409	1.6244208892013	1.01850413861197	0.496992324196729	4.5824540509397	0.3529	0.892155042225534
ENSDARG00000001442	3	1.00250674158003	0.69154966776939	0.538593450812967	0.537246712140911	1.73639261134693	0.8403	1
ENSDARG00000001447	7	2.85983203016209	2.83123981546344	1.48144138093735	0.518016920334087	7.56640434322586	0.12939	0.603313421896473
ENSDARG00000001470	10	3.76441298124795	2.46347332726171	5.80571877007631	1.54226403930624	11.9041190742483	0.01213	0.168707639836289
ENSDARG00000001557	4	3.23338020807052	3.03938106962141	2.36041173342682	0.730013664194277	6.46676041614105	0.09258	0.518020472787246
ENSDARG00000001558	12	2.49153162943148	2.6823674146269	1.08943354754744	0.437254552452151	8.63091874168039	0.17268	0.682273695652174
ENSDARG00000001621	2	1.16171543144822	1.16171543144822	0.215054773430335	0.185118289392303	1.64291371877218	0.76987	1
ENSDARG00000001656	2	1.6244208892013	1.6244208892013	0	0	2.29727805251064	0.48822	0.981648194389569
ENSDARG00000001676	16	5.03518061624189	5.00768197352115	3.45360169901038	0.685894302951151	20.1407224649676	0.08214	0.490177727006444
ENSDARG00000001686	1	1.42405447347082	1.42405447347082	NA	NA	1.42405447347082	0.59894	1
ENSDARG00000001710	26	3.46535278786448	3.40633325026755	1.9443209372617	0.561074458009189	17.6699014868042	0.12004	0.586872670509126
ENSDARG00000001712	2	2.47345918908359	2.47345918908359	1.35761265755906	0.548872066921812	3.49799953117837	0.2381	0.776476065363666
ENSDARG00000001729	14	2.34275438240097	2.04370104600832	1.62286357537479	0.692716055752971	8.76578424030761	0.60807	1
ENSDARG00000001733	7	1.80073836451692	1.80818422401268	1.0412401313217	0.578229548411402	4.76430588880493	0.65172	1
ENSDARG00000001734	8	1.78323493787891	1.65083366115258	0.979810137942426	0.549456561852626	5.04375006809179	0.75828	1
ENSDARG00000001754	9	1.70698151945792	1.01628741068726	2.22169387820472	1.30153364455303	5.12094455837375	0.61642	1
ENSDARG00000001767	4	1.27998609892568	1.16174259421783	0.484929143182605	0.378855007557986	2.55997219785136	0.76787	1
ENSDARG00000001776	2	1.02741371653379	1.02741371653379	0.687404461529085	0.669062959221723	1.45298241209023	0.79885	1
ENSDARG00000001781	2	2.05723330480644	2.05723330480644	0.824502172040928	0.400782045533966	2.90936724062289	0.37972	0.913063235710912
ENSDARG00000001785	6	1.11446082733543	1.34485762435747	0.705280296462415	0.632844402569694	2.72986036529178	0.95631	1
ENSDARG00000001803	16	2.02549574635828	1.60536907956635	2.05521652285616	1.01467333444236	8.10198298543311	0.38679	0.919371466604391
ENSDARG00000001818	9	1.53476668853361	1.35165069132102	1.26154247482449	0.821976711020375	4.60430006560083	0.69631	1
ENSDARG00000001829	1	2.09967151460726	2.09967151460726	NA	NA	2.09967151460726	0.44687	0.957164650673401
ENSDARG00000001835	15	1.85658851317324	1.70958820901628	1.56832620866391	0.844735490678741	7.19053639227996	0.8038	1
ENSDARG00000001859	5	2.2082604094386	1.79709874247389	1.89988516989278	0.860353770674983	4.93782038752622	0.29437	0.842718937007874
ENSDARG00000001873	6	2.76766605657336	2.56480137573636	0.95747311317636	0.345949653464264	6.77936961702561	0.22395	0.757992268349386
ENSDARG00000001879	17	3.87683756163808	2.66076034226546	3.47953563562974	0.89751906813437	15.9846107599958	0.00441	0.0843702631578947
ENSDARG00000001880	10	1.40941714987445	1.33175210157692	0.912682727204275	0.647560395646938	4.45696836690615	0.87668	1
ENSDARG00000001889	4	17.1859314324473	19.7778276302872	9.37559387007128	0.545538884925959	34.3718628648945	0.00209	0.0490138709677419
ENSDARG00000001898	13	1.54053840123556	1.5441916803703	1.01294970436662	0.657529668558867	5.55449019747612	0.87327	1
ENSDARG00000001910	14	1.96158915150694	1.99164453432953	1.13104575829501	0.576596662673277	7.33959453855157	0.9745	1
ENSDARG00000001912	36	1.5879476576036	1.24557946268073	1.21552778399845	0.7654709386535	9.5276859456216	0.8915	1
ENSDARG00000001929	6	3.75373512992617	4.33502095793713	2.07578115329182	0.552990842838889	9.19473569787904	0.05242	0.391151583577713
ENSDARG00000001940	8	1.1630725140644	0.873914056965025	1.08722034743494	0.934782942841291	3.28966584682648	0.98399	1
ENSDARG00000001950	7	11.3082429960681	9.76354118863418	6.6693432239996	0.589777141004002	29.9187987326843	0.00054	0.0180200655737705
ENSDARG00000001953	17	2.06258488306873	1.76196513349038	1.6454878340669	0.797779450229816	8.50425533469464	0.72799	1
ENSDARG00000001969	1	2.59959564003683	2.59959564003683	NA	NA	2.59959564003683	0.19894	0.72573882437276
ENSDARG00000001999	14	1.55831741256272	1.61212820302192	1.05287829298019	0.675650727183163	5.83068985765376	0.75145	1
ENSDARG00000002013	3	2.17199845502148	1.83056614575414	1.13009107335481	0.520300127627682	3.76201167805831	0.30635	0.849307986977754
ENSDARG00000002026	1	0.475884931705394	0.475884931705394	NA	NA	0.475884931705394	1	1
ENSDARG00000002031	10	2.03664194441492	2.18700816262392	1.76823247594683	0.868209790530857	6.44042732258519	0.80591	1
ENSDARG00000002060	2	2.39759347589962	2.39759347589962	0.383173879184825	0.15981603346708	3.39070921067449	0.24863	0.790396211838006
ENSDARG00000002082	5	3.83511517839896	1.56586524015439	4.51761875528368	1.17796168958077	8.57557824044131	0.30141	0.847024228539884
ENSDARG00000002127	11	3.21690644618314	3.06498204880198	2.04235894119232	0.634882914800205	10.6692716676651	0.1586	0.660217096114519
ENSDARG00000002131	8	2.70469264319851	1.79857855660453	2.50293992542513	0.92540641603743	7.65002603612413	0.6465	1
ENSDARG00000002168	7	1.55940863353388	0.776665258590336	2.12213226779066	1.36085707245416	4.1258074366577	0.96099	1
ENSDARG00000002172	5	2.49364470378545	2.44896675534156	1.57138440267795	0.630155691503497	5.57595906939659	0.43493	0.949204861736334
ENSDARG00000002184	3	7.78489417205715	7.78649868995459	0.441515637306655	0.0567144045312031	13.4838322375498	0.00225	0.0522842465753425
ENSDARG00000002190	12	1.50938045492227	0.517837939019428	1.63508854916128	1.08328456475573	5.22864727175361	0.98065	1
ENSDARG00000002196	25	1.57319253976747	1.12903435013942	2.00286068829764	1.27311860288486	7.86596269883734	0.81672	1
ENSDARG00000002213	7	1.44273187089068	2.09967151460726	1.03690290780261	0.718707979440744	3.8171097389237	0.72525	1
ENSDARG00000002216	13	1.93885551465933	1.39540085529522	2.00996024977496	1.03667356055055	6.99064297382032	0.44092	0.953040721102863
ENSDARG00000002217	15	7.08101480083703	6.53806500186879	2.91702446555975	0.411950059081212	27.42465239789	0.00102	0.0288376666666667
ENSDARG00000002219	3	2.29187583622935	1.92870913052087	1.0101849365753	0.440767741692885	3.96964539298864	0.27936	0.826308073234525
ENSDARG00000002220	6	0.677960873717264	0.668083475020935	0.468180642965858	0.690571773557995	1.66065820617876	0.99382	1
ENSDARG00000002241	10	2.56956556879083	2.37455704652382	1.36261734737613	0.530290942533659	8.1256797945251	0.14962	0.64092271043771
ENSDARG00000002255	8	2.92069942013212	2.61452813664624	2.55479566232211	0.874720501778488	8.26098546313217	0.61373	1
ENSDARG00000002264	5	3.93271109376674	3.95539096936828	2.34141004164679	0.595367924523588	8.79380934152998	0.08628	0.501517898343803
ENSDARG00000002271	8	4.31488466673937	4.05054603876852	1.38329908563122	0.320587731184142	12.2043368315571	0.08906	0.509815905511811
ENSDARG00000002285	24	1.46813511504788	1.16431200989165	1.31775019097532	0.897567381550122	7.19236381065919	0.91182	1
ENSDARG00000002299	7	3.82056727923351	2.3803428662894	4.27616529401568	1.11924878728312	10.1082708880425	0.01779	0.216968143712575
ENSDARG00000002330	2	2.76313878864614	2.76313878864614	0.900133018132867	0.325764678137615	3.90766834962253	0.16825	0.672339418924225
ENSDARG00000002332	2	3.81172308416629	3.81172308416629	0.0695997556721531	0.0182593945402978	5.39059048163857	0.07329	0.464953869158878
ENSDARG00000002339	10	4.65855708922514	3.80240296116149	4.26648355349752	0.915837988411808	14.7316510118757	0.00282	0.0611982089552239
ENSDARG00000002344	10	4.67408648030888	4.11799657827622	3.3582350052734	0.718479433237076	14.7807592583758	0.9374	1
ENSDARG00000002365	6	2.89521461538494	2.78069773388953	0.928040454058636	0.320542887952798	7.09179850354135	0.1427	0.629730675909879
ENSDARG00000002369	3	2.90593658141077	2.89017384886327	0.670736265961666	0.230815865099175	5.03322980257647	0.19963	0.726355496453901
ENSDARG00000002377	14	1.37781563356766	1.33712398211073	0.795025512961399	0.577018792349447	5.15531404295105	0.90025	1
ENSDARG00000002403	5	3.53961192392535	2.50839500877384	2.79748773726372	0.790337414775506	7.91481287586589	0.06416	0.434970585885486
ENSDARG00000002405	16	4.64213318953938	2.55890209168402	6.00161950852439	1.29285810283266	18.5685327581575	0.00013	0.00588062222222222
ENSDARG00000002411	5	1.0957214405724	1.28063326167805	0.611886423176813	0.558432463324955	2.45010762552388	0.86367	1
ENSDARG00000002463	25	2.37859360760855	2.10245572445808	1.86255506619148	0.783048882429353	11.8929680380428	0.13994	0.621969135371179
ENSDARG00000002467	14	1.90022622240923	2.26828649601179	1.01415513241385	0.533702314205538	7.10999548161903	0.80851	1
ENSDARG00000002506	12	2.99909673542173	2.58517999975347	2.1628717178627	0.721174376377213	10.3891758451288	0.47401	0.975396810187993
ENSDARG00000002523	17	2.18875504037157	2.1806381867566	1.56927861855702	0.716973160363624	9.02446822005503	0.48745	0.981103672662581
ENSDARG00000002533	3	1.25612960072069	1.66871728755481	1.10897545816336	0.882851146511553	2.17568028933944	0.69598	1
ENSDARG00000002536	6	2.78199182889513	2.50596044638032	2.20628586679888	0.793059794023592	6.81446044938522	0.22689	0.762241504950495
ENSDARG00000002546	19	2.07476012077769	1.679706372888	1.68980972768455	0.814460289053155	9.04366969855817	0.98416	1
ENSDARG00000002549	14	4.95703510249986	3.9212276831636	3.71579702422854	0.749600708365902	18.5475270077663	2e-04	0.00824129554655871
ENSDARG00000002571	6	3.0290996041185	2.84209372561645	2.07090559433399	0.683670352575498	7.41974841015685	0.09654	0.534303491027732
ENSDARG00000002587	1	17.821367512207	17.821367512207	NA	NA	17.821367512207	0.00861	0.134819353846154
ENSDARG00000002607	17	1.86106275619122	1.31922273696803	1.49964841953583	0.805802176496699	7.67335831967953	0.52285	1
ENSDARG00000002632	12	4.01369008797325	3.28216361642539	2.46376161287143	0.613839523946787	13.9038303164105	0.04607	0.366138489096573
ENSDARG00000002635	8	1.77968704405002	1.32225497229866	1.74578125313218	0.980948453251268	5.03371510895043	0.92659	1
ENSDARG00000002642	5	2.63497384128902	2.17162779224378	1.19944589080165	0.455202200495047	5.89198062805599	0.23069	0.768312441099476
ENSDARG00000002644	4	3.28803853874568	3.79996014945626	1.23640436431186	0.376030983135473	6.57607707749135	0.10596	0.558209565217391
ENSDARG00000002659	22	1.71489340548422	1.63253689693069	1.31746104716978	0.768246611105125	8.04356305550048	0.97997	1
ENSDARG00000002666	7	1.74718252749275	1.01628741068726	1.73402029581013	0.99246659609085	4.62261046278308	0.53812	1
ENSDARG00000002670	12	2.48151811996462	1.92698685091625	1.65646169833784	0.66751948535498	8.59623092736303	0.36229	0.903993042412356
ENSDARG00000002690	6	4.90550526801014	4.62030771324249	2.29025446442029	0.466874325740823	12.0159848371597	0.00404	0.0793805405405405
ENSDARG00000002696	1	0.278220296659216	0.278220296659216	NA	NA	0.278220296659216	0.97128	1
ENSDARG00000002701	1	2.18641395806165	2.18641395806165	NA	NA	2.18641395806165	0.4039	0.93111986409966
ENSDARG00000002710	14	3.37994995028235	3.11603719218002	2.35335874447314	0.696270293670042	12.6466146984002	0.50631	0.992340300404391
ENSDARG00000002728	1	6.48897642830391	6.48897642830391	NA	NA	6.48897642830391	0.05062	0.384561298507463
ENSDARG00000002745	8	4.31961935190535	4.31533263542246	1.87029249013656	0.432976227248262	12.2177285435076	0.02864	0.285801429970617
ENSDARG00000002750	6	1.63057590538802	1.3526167286788	1.73315065067874	1.06290706550475	3.99407895507735	0.59176	1
ENSDARG00000002758	11	2.2892157526712	2.10453832922005	1.37087229674709	0.598839272859041	7.59246971578141	0.93892	1
ENSDARG00000002771	1	0.95221669778229	0.95221669778229	NA	NA	0.95221669778229	0.78166	1
ENSDARG00000002787	12	1.91945241180077	1.81472072583245	1.61284598393548	0.840263594981426	6.64917819989911	0.82575	1
ENSDARG00000002790	5	6.52472960261295	4.37787690351015	5.09103523726694	0.780267619860927	14.5897389262478	0.05365	0.397208284883721
ENSDARG00000002795	14	3.58132783514568	1.14013015820659	5.40023154959841	1.50788528673716	13.400101748832	0.01135	0.161116178521618
ENSDARG00000002798	18	2.38602817518551	1.93761896149705	2.09664046558072	0.878715719866848	10.123060216655	0.19652	0.722645354046243
ENSDARG00000002816	4	2.71479465075983	3.03271563012551	1.95002455541599	0.718295416881793	5.42958930151965	0.18647	0.705762951672863
ENSDARG00000002830	9	1.95182071272124	1.42405447347082	1.75279371296912	0.898030081116095	5.85546213816371	0.42846	0.944728310225303
ENSDARG00000002840	24	3.54584366091022	3.31476866866184	2.76950818498651	0.781057612753174	17.3710153538247	0.34364	0.884340814159292
ENSDARG00000002872	6	2.35254452734668	1.90325948945773	1.86201747977413	0.791490855169577	5.7625336891764	0.24222	0.784133320610687
ENSDARG00000002880	12	1.52184090791145	1.28332259680492	0.849335346399865	0.55809732934928	5.27181154707877	0.88758	1
ENSDARG00000002894	1	3.73283163859021	3.73283163859021	NA	NA	3.73283163859021	0.12238	0.59329702188392
ENSDARG00000002897	22	3.73529642205466	3.03168853213402	3.01330620522693	0.806711399779462	17.5200932056173	0.00281	0.0611114957264957
ENSDARG00000002912	10	1.751464555179	0.988432168118772	1.54433859184035	0.881741276050274	5.53861723541929	0.94581	1
ENSDARG00000002916	14	2.46809184295918	1.94331328575136	2.31102381256445	0.936360540697541	9.23475407544472	0.1887	0.710427411242604
ENSDARG00000002933	3	3.08295579463426	3.03507703840486	1.68335144893171	0.546018678523224	5.33983607379542	0.1319	0.607732524886878
ENSDARG00000002947	6	1.47657899381685	1.37193108112441	0.649530123950707	0.439888503541364	3.61686509976348	0.77125	1
ENSDARG00000002949	1	3.70198320531299	3.70198320531299	NA	NA	3.70198320531299	0.30563	0.849307986977754
ENSDARG00000002952	13	1.65607250625023	2.01922574346728	0.997113628025832	0.602095393929067	5.97105433717138	0.66533	1
ENSDARG00000002970	9	2.84419890778457	2.74239380432961	1.28879477397234	0.453131027666493	8.5325967233537	0.92586	1
ENSDARG00000002971	15	1.70687820567915	1.5441916803703	1.05571169761758	0.618504410042264	6.61071086459974	0.75043	1
ENSDARG00000002986	4	1.07780842759828	1.32125821141916	0.75349848651749	0.699102426018822	2.15561685519656	0.83022	1
ENSDARG00000002988	1	8.56565810322557	8.56565810322557	NA	NA	8.56565810322557	0.02789	0.282171391650099
ENSDARG00000002991	6	4.80702448103617	5.16190035408514	3.01243206506485	0.626672919380579	11.7747571596057	0.009	0.137540540540541
ENSDARG00000002994	1	1.96770110303155	1.96770110303155	NA	NA	1.96770110303155	0.4808	0.97776206662677
ENSDARG00000003008	19	3.05802413712455	2.80969766348862	2.88209324043154	0.942469094812824	13.3296181806341	0.59923	1
ENSDARG00000003017	4	9.45926137800999	1.94428546985346	15.8765145712374	1.67840954349201	18.91852275602	0.00021	0.00854952
ENSDARG00000003021	7	2.11080576573441	2.21594303954923	1.53975524962306	0.729463257405561	5.5846671220945	0.34646	0.88694
ENSDARG00000003022	4	3.02292697539435	1.94430688052243	2.29723686536107	0.759937929053475	6.0458539507887	0.12184	0.592130400763359
ENSDARG00000003027	7	1.77480798640279	1.66363743321075	0.928376115197221	0.523085382931405	4.69570055691309	0.52115	1
ENSDARG00000003035	15	5.90655100290453	6.86001255294226	3.61005252225875	0.61119467528233	22.875973667774	0.00748	0.124085681818182
ENSDARG00000003061	11	2.02271767772375	1.46635448287741	1.68002851610659	0.83057983553948	6.7085955938287	0.40584	0.932452393605044
ENSDARG00000003068	33	2.27782429868658	1.35165069132102	2.43732950973687	1.07002524783947	13.0851043816116	0.16536	0.668135799920603
ENSDARG00000003069	5	1.90487827306523	2.01922574346728	0.914337315957021	0.479997766201468	4.25943730743627	0.41615	0.93900040247678
ENSDARG00000003081	2	2.57508284686791	2.57508284686791	0.798596998396096	0.310124778846411	3.64171708627492	0.22692	0.762241504950495
ENSDARG00000003084	27	2.07888261767729	2.18566123045522	1.05748240770229	0.508678267214434	10.8021909503666	0.50697	0.99246261053441
ENSDARG00000003085	1	0	0	NA	NA	0	1	1
ENSDARG00000003087	12	1.55623617576093	1.1588113744341	1.09134386815277	0.701271365587651	5.39096024998924	0.89682	1
ENSDARG00000003098	9	1.21700260906856	0.961306640858283	1.09803802818835	0.902247883452561	3.65100782720569	0.99457	1
ENSDARG00000003113	2	3.49604929857959	3.49604929857959	2.08854390087188	0.597401158422003	4.9441603327762	0.09918	0.539744072688402
ENSDARG00000003127	12	2.93993089878823	2.7611604616799	1.85174565772822	0.629860265930557	10.1842193748857	0.7269	1
ENSDARG00000003142	10	1.3906227488792	1.06918260024583	0.898521495241922	0.64612886274592	4.39753525250263	0.94467	1
ENSDARG00000003144	8	1.5641389627005	1.53199159644473	0.753985063043185	0.482044806135015	4.42405306897446	0.67234	1
ENSDARG00000003151	4	6.9228546875801	8.0007117891756	3.25271779971638	0.469852098087788	13.8457093751602	0.04584	0.365595035238841
ENSDARG00000003165	9	1.80624544877227	2.06978703272788	1.49878580844994	0.829779701019419	5.41873634631682	0.52338	1
ENSDARG00000003167	14	2.12654015562582	2.0366782331324	1.27517188406097	0.599646275518223	7.95678468156875	0.52604	1
ENSDARG00000003175	15	2.52579030027859	2.44662019335071	1.16532674526878	0.461371138031628	9.78234376899123	0.14833	0.637532047277332
ENSDARG00000003189	17	1.93142383382657	1.61800202974787	1.10998907551505	0.57469989552522	7.96346447470236	0.94849	1
ENSDARG00000003193	7	0.823035646350763	0.69154966776939	0.950187112232972	1.15449083699592	2.17754764038542	0.97615	1
ENSDARG00000003205	13	1.55696251702133	1.56318269850394	0.974701919263171	0.626027864259637	5.61370818909587	0.85896	1
ENSDARG00000003206	4	3.44907224063209	3.21356535042009	1.37181543368371	0.397734619044193	6.89814448126419	0.12907	0.60287951353832
ENSDARG00000003207	5	2.18090684983779	2.82275408353197	1.01958991667683	0.467507320063976	4.87665596883223	0.40604	0.932452393605044
ENSDARG00000003208	28	1.7025458483557	1.33712398211073	1.49323065089253	0.877057526723685	9.00902582086932	0.74938	1
ENSDARG00000003213	10	2.78714841645881	2.8071481146529	1.59159144586003	0.571046535039644	8.81373717294138	0.20125	0.726355496453901
ENSDARG00000003216	9	2.19111379410345	1.42579946951914	1.95428946564432	0.891916006783191	6.57334138231036	0.45619	0.960415867631851
ENSDARG00000003235	9	2.06834131404998	1.74446101063095	0.877808090145624	0.424401951545803	6.20502394214995	0.40152	0.930692452744249
ENSDARG00000003250	11	1.5319007837724	1.39724208924344	0.823839306143943	0.537788944865731	5.08074011582439	0.90538	1
ENSDARG00000003251	22	1.57123220199759	1.2066678122466	1.48406227119277	0.94452129310105	7.36973228259155	0.8684	1
ENSDARG00000003257	10	2.7687757990104	2.39861043548983	2.0864089420043	0.753549255504912	8.75563785522543	0.1068	0.561311453608247
ENSDARG00000003269	33	3.34286866113831	3.34844667218888	2.17843644429525	0.651666776388832	19.2033184430577	0.70963	1
ENSDARG00000003270	13	6.13761272806844	4.93424156202994	4.52192045872448	0.736755585448541	22.1294773999912	3e-05	0.00169633333333333
ENSDARG00000003281	18	5.03466347789438	4.76259947774554	2.79993824683461	0.556132154438575	21.3602681172682	0.16211	0.66518023246493
ENSDARG00000003290	8	1.79981636195298	1.72749351747772	1.09638546788203	0.609165185437218	5.09064941770982	0.6659	1
ENSDARG00000003293	1	6.37251058941194	6.37251058941194	NA	NA	6.37251058941194	0.02571	0.268111045081967
ENSDARG00000003307	27	3.17393825962516	3.07700678844372	1.86393817531414	0.587263526523125	16.4922669772726	0.00966	0.143532087591241
ENSDARG00000003308	2	1.48610591982708	1.48610591982708	0.519206462741931	0.34937379349269	2.1016711469424	0.69653	1
ENSDARG00000003320	1	5.75127378491728	5.75127378491728	NA	NA	5.75127378491728	0.04723	0.370009446153846
ENSDARG00000003328	13	1.40642998876939	0.69154966776939	1.43177707387037	1.01802228714076	5.07095543985828	0.85912	1
ENSDARG00000003375	6	3.8075652163353	3.72324316911206	2.79432034043493	0.733886402903008	9.32659194239133	0.02691	0.275266311557789
ENSDARG00000003382	14	3.05480454614739	2.87835446027677	1.94696270598512	0.63734444432478	11.430031995243	0.10847	0.563175774504825
ENSDARG00000003383	11	2.95427982245799	2.72552311957667	2.14428163141535	0.72582211580462	9.79823769681091	0.28715	0.834642501427756
ENSDARG00000003398	16	2.1581382274889	1.66700454910879	1.90820634751667	0.884190976838846	8.63255290995561	0.28748	0.835037511415525
ENSDARG00000003403	31	2.29109735824081	1.53081671387972	2.06521290356522	0.901407745130031	12.7562902229872	0.88422	1
ENSDARG00000003420	11	2.07891362983	1.98964228258538	1.78163522108424	0.857003001721595	6.89497648170189	0.50797	0.992716406909789
ENSDARG00000003421	4	3.57276016462698	2.27093915538091	3.36990054601495	0.943220476812159	7.14552032925396	0.05943	0.418961440443213
ENSDARG00000003429	1	1.36358090232267	1.36358090232267	NA	NA	1.36358090232267	0.85971	1
ENSDARG00000003446	11	1.70422266267817	0.927420832205978	1.11144332410847	0.65217025242573	5.65226713132391	0.63193	1
ENSDARG00000003449	5	1.98430773682729	2.10823393214556	1.24824222597228	0.629056775219805	4.43704698782458	0.39469	0.925986935483871
ENSDARG00000003462	2	0.853918539228323	0.853918539228323	0.229624260124436	0.268906516928354	1.20762317933852	0.81009	1
ENSDARG00000003486	4	2.16256499781428	2.13478105641284	1.49059133203767	0.689270072133889	4.32512999562855	0.88657	1
ENSDARG00000003487	14	2.97737596914234	2.87344754432517	1.98730871667993	0.667469858451364	11.1403207881446	0.08802	0.50671242081448
ENSDARG00000003517	4	2.46494844324352	2.24076336031181	1.62944728613007	0.661047207943202	4.92989688648705	0.32231	0.866245360443623
ENSDARG00000003519	3	2.1942871649967	2.1384801920119	0.765176077284941	0.348712825509368	3.80061685617056	0.39616	0.926707835477941
ENSDARG00000003520	23	2.90530501478434	2.99547478553409	1.79671790189818	0.618426599876831	13.9333533747413	0.02461	0.262008974895397
ENSDARG00000003531	4	2.83577254922831	2.85480540927127	0.762319615233975	0.268822552584981	5.67154509845662	0.56033	1
ENSDARG00000003544	1	4.31884806956218	4.31884806956218	NA	NA	4.31884806956218	0.0922	0.517372315325248
ENSDARG00000003564	10	4.34652361176338	3.40105942513947	3.74624376901888	0.861894263930856	13.7449145168737	0.00711	0.11961252892562
ENSDARG00000003573	4	3.535468178336	3.23780702488636	3.51329145081433	0.993727357621953	7.070936356672	0.20537	0.732174304728546
ENSDARG00000003576	12	1.54400521335953	0.994164142940648	1.34175930720695	0.869012161097225	5.34859095337988	0.89433	1
ENSDARG00000003592	4	5.69518164337334	2.3646070527849	7.57656377605001	1.3303462910381	11.3903632867467	0.0034	0.070051012145749
ENSDARG00000003599	3	3.14382603881365	2.20896044602732	2.5952055974796	0.825492748466107	5.44526642938326	0.76966	1
ENSDARG00000003607	4	1.14010235606808	1.11307230098327	0.989466934651138	0.8678755283548	2.28020471213616	0.9006	1
ENSDARG00000003616	4	1.52077304492112	1.2585142201331	1.00032634713973	0.657774906308662	3.04154608984223	0.81139	1
ENSDARG00000003631	14	2.07182657572673	2.30815832378592	0.965340226139902	0.465936790969724	7.75206521118247	0.49359	0.98545719890153
ENSDARG00000003655	5	2.10140237290641	1.8787482054053	1.78409643369854	0.849002769151245	4.6988785538981	0.9945	1
ENSDARG00000003675	8	5.11697166829428	3.00671609259199	5.56254226377527	1.08707701045949	14.4729814631613	0.00181	0.0437581472684085
ENSDARG00000003681	6	1.56413347711666	1.30038058277272	1.46029818513113	0.933614813885998	3.83132890854105	0.97117	1
ENSDARG00000003693	9	2.82287073586484	4.17441405363866	2.29923618739878	0.814502824442779	8.46861220759451	0.55081	1
ENSDARG00000003699	31	1.58334047272225	1.43956230368816	1.26536059325266	0.799171507993546	8.81566665824941	0.88946	1
ENSDARG00000003705	15	7.0377883802294	4.38125929259161	7.3434255795412	1.04342801783731	27.2572371907605	0.00362	0.07368872
ENSDARG00000003750	1	2.12664862755447	2.12664862755447	NA	NA	2.12664862755447	0.42484	0.943079938931298
ENSDARG00000003751	27	1.98647976940798	1.71077433334494	2.20094167176731	1.1079607784897	10.322051666467	0.48011	0.97776206662677
ENSDARG00000003754	20	3.57580889851085	2.57470044632802	4.43059100093006	1.23904580101447	15.9915035432378	0.65403	1
ENSDARG00000003757	5	1.56415556119354	1.51049194547627	0.590138470747724	0.377288861408013	3.4975581622131	0.62153	1
ENSDARG00000003769	9	3.01412914163646	2.34748874283529	2.7111171074639	0.899469458694777	9.04238742490938	0.06374	0.434524929671802
ENSDARG00000003779	15	1.53651747093324	1.36263079097667	1.09831194174367	0.714806022398551	5.95090657608119	0.99154	1
ENSDARG00000003820	1	2.75904484056487	2.75904484056487	NA	NA	2.75904484056487	0.26455	0.811021054216868
ENSDARG00000003822	2	4.08090206572923	4.08090206572923	1.84875997909253	0.453027283996381	5.77126704807066	0.05866	0.41576704735376
ENSDARG00000003829	6	2.10780377550049	2.12958817450059	0.884847577282356	0.41979599219204	5.1630437278881	0.61754	1
ENSDARG00000003835	1	16.6912279721269	16.6912279721269	NA	NA	16.6912279721269	0.00233	0.053653257918552
ENSDARG00000003841	6	1.66465366315587	1.4386121650076	0.981491009305822	0.589606733838617	4.07755207318675	0.58442	1
ENSDARG00000003845	10	1.55586298098568	1.32404823818814	0.971507325770144	0.624417019778098	4.92007074705398	0.90751	1
ENSDARG00000003846	2	4.08141976201902	4.08141976201902	1.66279053713299	0.407404931148379	5.77199918118487	0.08662	0.502919771819738
ENSDARG00000003854	25	2.33241581781224	1.87636397003357	2.72497437239066	1.16830556180443	11.6620790890612	0.18824	0.71012109710897
ENSDARG00000003865	5	1.17802215961848	1.28792818639663	0.645855346026092	0.548253987204502	2.63413762790804	0.84065	1
ENSDARG00000003866	13	4.45244226499564	3.98848579289068	2.09388378357689	0.470277582269545	16.0535088874848	0.02069	0.236876062992126
ENSDARG00000003867	4	1.02313237332978	0.72862691108403	0.936269786561305	0.915101321165528	2.04626474665956	0.93592	1
ENSDARG00000003877	18	2.43284143815157	2.01177602525615	1.09991328839517	0.45211055317722	10.3216720708116	0.42055	0.941827146923582
ENSDARG00000003900	8	2.83693679302097	3.12792996483842	1.28178094845178	0.451818648764062	8.02406897657096	0.10041	0.543024332627119
ENSDARG00000003903	2	0.996165183721282	0.996165183721282	0.850623321227083	0.853897862651139	1.40879031318252	0.84293	1
ENSDARG00000003920	8	2.75522921851183	2.39545871977801	1.91659696869449	0.695621604118184	7.7929650565321	0.55499	1
ENSDARG00000003927	1	66.728610829306	66.728610829306	NA	NA	66.728610829306	0	0
ENSDARG00000003931	6	2.63920851728613	2.92853564560571	2.1826233691705	0.826999213921479	6.46471419215837	0.16585	0.668713515223408
ENSDARG00000003952	12	3.75519787790082	3.47487156714818	2.25285577201283	0.599929975799887	13.0083870339981	0.66008	1
ENSDARG00000003961	12	2.33022689297428	2.36272743124938	1.13389993205623	0.486604946271535	8.07214274358962	0.29124	0.83925275198188
ENSDARG00000003974	12	4.78599480289172	3.01855508626781	4.4503361740656	0.929866486979194	16.5791723267381	0.00107	0.0295134417344173
ENSDARG00000003984	11	1.93543516925413	1.17193618839342	2.59065412711346	1.33853831338192	6.41911226247393	0.4441	0.956421878967414
ENSDARG00000003989	3	2.47926257343894	2.39587044179794	2.52199289185587	1.01723509194819	4.29420874250021	0.23269	0.770435530253741
ENSDARG00000003994	6	1.50859408844814	1.28235154481142	1.01132062002861	0.670372917256317	3.69528574567705	0.93438	1
ENSDARG00000003998	1	4.10309341314746	4.10309341314746	NA	NA	4.10309341314746	0.28436	0.830755905963303
ENSDARG00000004015	4	1.78754813675577	2.17800475718361	1.22730460818761	0.686585487099134	3.57509627351153	0.52109	1
ENSDARG00000004037	8	1.92420417550574	2.14117771279139	1.41557323861054	0.7356668573066	5.44247128355031	0.46781	0.969718224394217
ENSDARG00000004046	5	1.81330569078097	1.92047025517885	0.826957011233939	0.456049421472769	4.05467478857345	0.71666	1
ENSDARG00000004074	2	1.39097316685818	1.39097316685818	1.00618828234968	0.723370016276002	1.96713311746789	0.65947	1
ENSDARG00000004094	35	2.0225753505359	1.54195652782357	1.51740314322845	0.750233183068504	11.9657171411011	0.99777	1
ENSDARG00000004105	24	2.49299654091433	2.18380291810663	1.76844190109426	0.709363961028871	12.2131389115272	0.09291	0.51901096597146
ENSDARG00000004111	12	4.74491494691143	4.3864676665082	3.54847581181209	0.747848138800017	16.4368675312871	0.00113	0.0309170430107527
ENSDARG00000004115	10	2.144593821753	1.34576877852622	2.0874709847656	0.973364263009626	6.78180113266463	0.4666	0.969194857142857
ENSDARG00000004150	9	1.51310101066522	1.32952020692114	1.36129350019957	0.899671264908542	4.53930303199566	0.87802	1
ENSDARG00000004151	5	2.4036639365315	2.22472349365335	0.987949447795126	0.41101812644439	5.37475595714918	0.33937	0.882050015321757
ENSDARG00000004154	3	0.91683887636783	1.28792818639663	0.798793900326083	0.871247850539022	1.58801151622344	0.88958	1
ENSDARG00000004158	26	2.60548852108353	1.67716112210245	2.68264797342776	1.02961419776747	13.2854368114469	0.12671	0.598169149722736
ENSDARG00000004160	6	1.83397127166147	1.0032049369102	2.75381003365846	1.50155570930163	4.4922938184938	0.58796	1
ENSDARG00000004161	11	1.93175667956358	1.37991526085122	1.97135377639754	1.02049797329698	6.40691209237521	0.98026	1
ENSDARG00000004167	2	2.2369118658164	2.2369118658164	0.559954765051812	0.250324911592995	3.16347109847086	0.3787	0.912262858495031
ENSDARG00000004169	3	3.54016757711151	2.41417397646796	2.12426471271415	0.600046372507422	6.13175011086514	0.07516	0.469311950920245
ENSDARG00000004171	13	11.4154707623538	8.05317371186652	9.2573049010662	0.81094377041332	41.1590651672266	0	0
ENSDARG00000004173	5	2.24068053549384	1.66473628778491	1.19913112740968	0.535163807787263	5.01031399322484	0.68258	1
ENSDARG00000004174	20	2.02662238381841	1.3930333908073	2.17358182010935	1.07251446419636	9.06333082988126	0.93429	1
ENSDARG00000004176	1	0.355307533624039	0.355307533624039	NA	NA	0.355307533624039	1	1
ENSDARG00000004189	1	1.54195652782357	1.54195652782357	NA	NA	1.54195652782357	0.64763	1
ENSDARG00000004218	15	3.80568535893424	4.45934778522301	2.26916545763575	0.596256716890337	14.7393560160577	0.31659	0.859303935037274
ENSDARG00000004219	8	4.22264905462952	2.87002935549505	3.17629340219032	0.752203974589832	11.943455124398	0.00591	0.105338741258741
ENSDARG00000004227	10	0.960380247989149	0.818431217448918	0.771618052225173	0.803450564337191	3.03698900348305	0.98966	1
ENSDARG00000004243	8	5.79516668849543	2.62971371060376	5.97081959844713	1.0303102428961	16.391206654166	0.00147	0.0374978947368421
ENSDARG00000004251	10	0.672905294969531	0.541345360368685	0.543050526238715	0.807023707939917	2.12791338169116	0.99884	1
ENSDARG00000004261	9	1.75319619138344	1.2977486716684	1.02264339577372	0.583302314253121	5.25958857415033	0.85892	1
ENSDARG00000004274	3	2.40436828963956	2.06641238603354	1.55334557990262	0.646051433383148	4.1644880377632	0.24319	0.785307287116176
ENSDARG00000004280	16	1.09626550930019	0.893419891045705	1.05961879406622	0.966571314227183	4.38506203720076	0.99891	1
ENSDARG00000004282	5	4.36981179161477	2.69355767677058	3.89467990608694	0.891269485235139	9.77119621493077	0.12133	0.59090838277512
ENSDARG00000004291	7	1.70203261321225	1.28665064178806	1.20162019709768	0.70599128816331	4.50315501788101	0.82271	1
ENSDARG00000004297	5	3.26780672611134	3.20337990807312	2.68798553371606	0.822565640812773	7.30703797691599	0.74492	1
ENSDARG00000004301	2	1.68576242363068	1.68576242363068	0.367643135419117	0.218087157635957	2.38402808243745	0.48757	0.981103672662581
ENSDARG00000004302	12	2.40265770437605	2.62236929269713	1.72468942057382	0.717825688375242	8.32305043435224	0.58895	1
ENSDARG00000004306	7	2.66973892170352	2.85442126012578	1.18498266148073	0.44385713218902	7.06346525229725	0.15109	0.642353391812866
ENSDARG00000004307	3	3.12651520398626	1.96770110303155	2.41120955975319	0.771213124656784	5.41528318394078	0.12772	0.599741466789668
ENSDARG00000004308	1	2.10710693452492	2.10710693452492	NA	NA	2.10710693452492	0.50552	0.991594935440355
ENSDARG00000004311	1	0.927420832205978	0.927420832205978	NA	NA	0.927420832205978	0.82145	1
ENSDARG00000004318	3	2.0340480338023	1.08733280567666	1.82019509574707	0.89486337859216	3.52307453958117	0.51714	0.998957572078907
ENSDARG00000004325	10	1.4782613893928	1.35351112523056	1.01704998344848	0.688004158632753	4.67467296756632	0.83853	1
ENSDARG00000004343	8	1.59056839708385	1.03641182490939	1.81651284398247	1.1420526443961	4.49880679807602	0.87196	1
ENSDARG00000004363	10	4.69897975185795	3.04598078998757	3.77202489161255	0.802732740042371	14.8594786948839	0.00144	0.0371046075949367
ENSDARG00000004372	20	2.33482903644313	1.75119344204783	1.76647301527653	0.756574887370582	10.4416728826543	0.18653	0.705762951672863
ENSDARG00000004377	18	1.52516297956623	0.864355190522923	1.44259186726199	0.945860794281984	6.47071851159576	0.98492	1
ENSDARG00000004378	10	1.8609385161693	1.64656908837805	0.765871539528107	0.411551232280708	5.88480429662907	0.48726	0.981103672662581
ENSDARG00000004406	13	3.22523085220835	3.07700678844372	1.31571017538687	0.407942946002141	11.6287352128456	0.03281	0.308060387096774
ENSDARG00000004415	4	3.87765774711507	3.60433663143394	2.48054082399095	0.639700815740235	7.75531549423014	0.50725	0.99246261053441
ENSDARG00000004445	16	2.6351681964905	1.88256122712876	2.74019471302065	1.03985571648521	10.540672785962	0.61547	1
ENSDARG00000004452	4	1.87504564959848	2.11887669450502	0.975351475330346	0.520174789098713	3.75009129919695	0.84953	1
ENSDARG00000004470	8	1.83137684962877	1.590384659738	1.49534158085682	0.816512222025708	5.17991595712222	0.61384	1
ENSDARG00000004472	5	1.97575572804132	2.33799849800988	1.85504887903472	0.938905985545965	4.41792411483497	0.68559	1
ENSDARG00000004492	4	1.30643111660373	1.43680172992257	0.97226264706587	0.744212714095035	2.61286223320746	0.88641	1
ENSDARG00000004497	4	2.46822924241925	2.06249842593032	1.83231890730842	0.742361720628697	4.9364584848385	0.21857	0.750623217771794
ENSDARG00000004517	1	1.23241785660833	1.23241785660833	NA	NA	1.23241785660833	0.68434	1
ENSDARG00000004539	1	0	0	NA	NA	0	1	1
ENSDARG00000004576	1	0.69154966776939	0.69154966776939	NA	NA	0.69154966776939	0.78278	1
ENSDARG00000004577	1	2.77307671215854	2.77307671215854	NA	NA	2.77307671215854	0.44788	0.957676703065939
ENSDARG00000004580	3	1.19312236201418	0.476343408428355	1.67108289357119	1.40059640718672	2.06654855065515	0.97212	1
ENSDARG00000004581	10	2.90862238567009	1.5640711837544	2.62993935827024	0.904187278220498	9.19787159207017	0.08394	0.494150127020785
ENSDARG00000004592	8	2.71819423465977	2.64148413531921	1.8173827082865	0.668599280034149	7.68821430364039	0.46382	0.968863311555737
ENSDARG00000004594	15	1.13674535112238	0.811782717807519	1.27262131689412	1.11953069844321	4.4025958137757	0.99566	1
ENSDARG00000004621	14	6.34685223926729	4.21433901910062	5.66075743233768	0.891899987416625	23.7477465638172	0.2196	0.751542972427707
ENSDARG00000004635	25	2.47746171262469	1.58709483460232	2.95266330954041	1.1918098651108	12.3873085631235	0.20891	0.738541125
ENSDARG00000004648	3	1.49836591419824	1.79468021068131	0.75544093920787	0.504176537953414	2.59524589172074	0.71351	1
ENSDARG00000004672	13	1.25584952963445	1.25814586240628	0.930834083881617	0.741198735928626	4.52802987336436	0.98796	1
ENSDARG00000004680	6	2.51444690577724	2.25065753884436	1.06608520859478	0.423983980789305	6.15911190447425	0.71581	1
ENSDARG00000004692	11	2.04257947670986	2.25405238870038	0.761851300636342	0.372984899399613	6.77446972872709	0.51458	0.997599093333333
ENSDARG00000004702	3	5.69402205132264	2.48628835233028	6.85419834697343	1.20375338999281	9.86233549230837	0.41013	0.935636943074854
ENSDARG00000004706	2	1.72827065255185	1.72827065255185	0.752525565685181	0.435421133011808	2.44414379629022	0.51487	0.997614472782642
ENSDARG00000004712	6	1.21816947674746	1.00496926963387	0.635106245265865	0.521361154904004	2.98389363826447	0.92663	1
ENSDARG00000004714	11	1.78036699952944	1.54210501327889	1.42042774272964	0.7978286179788	5.90480932657001	0.84186	1
ENSDARG00000004721	2	1.58513024007504	1.58513024007504	0.225327736623517	0.142150929259194	2.24171268364185	0.53806	1
ENSDARG00000004726	7	1.70712357859407	1.76196513349038	0.760392384551317	0.445423163317534	4.51662444621452	0.85791	1
ENSDARG00000004745	7	1.2166548209884	1.08612743914641	0.735212527500937	0.604290152652875	3.21896608774312	0.85313	1
ENSDARG00000004771	8	3.90103333981255	4.04055385898082	3.47365119719254	0.89044386310204	11.033788512865	0.03121	0.301667027540361
ENSDARG00000004774	4	2.26199524502835	1.0973320925828	2.81741682261642	1.24554498017131	4.5239904900567	0.28367	0.830755905963303
ENSDARG00000004782	27	2.24539338473949	1.93047951111037	1.38218028516395	0.615562642411683	11.6674062760435	0.2847	0.830755905963303
ENSDARG00000004789	32	1.40263681786325	1.28792818639663	0.932405540265966	0.664751936061661	7.93451204362422	0.95683	1
ENSDARG00000004836	39	2.58243708666465	2.44071565545478	1.52986658430918	0.59241194769437	16.1273144372105	0.29367	0.842718937007874
ENSDARG00000004840	13	2.5421216226729	2.72552311957667	1.00669545070713	0.396006013924952	9.16574985901286	0.15226	0.644620773388773
ENSDARG00000004843	4	2.15008701638704	2.18351270049071	1.27267553351947	0.591918152065329	4.30017403277408	0.3462	0.88694
ENSDARG00000004851	1	3.57133700700438	3.57133700700438	NA	NA	3.57133700700438	0.11869	0.58591074843071
ENSDARG00000004861	7	3.23513958321465	2.22472349365335	2.92081438070872	0.902840296555737	8.55937479376711	0.13849	0.619396337285902
ENSDARG00000004866	14	2.51585145835056	2.53644947140247	1.31282322573734	0.521820643019224	9.41345419316338	0.27624	0.824507542521994
ENSDARG00000004869	2	3.57764698680492	3.57764698680492	2.73288760864809	0.76387849855716	5.05955689012276	0.41825	0.94055424215643
ENSDARG00000004870	14	2.04114206876359	2.31544333456484	1.55747448687616	0.763040706823309	7.63725429904435	0.6631	1
ENSDARG00000004874	1	0	0	NA	NA	0	1	1
ENSDARG00000004875	13	1.46859548140233	1.19500419975371	0.824477192252261	0.561405235609867	5.29509631111082	0.87832	1
ENSDARG00000004891	5	2.65183502576858	2.25198770719222	1.46265923520151	0.551564943138795	5.92968338273344	0.71069	1
ENSDARG00000004925	3	0.616821663955706	0.475884931705394	0.397540412887935	0.644498136363255	1.06836646118046	0.97152	1
ENSDARG00000004930	34	1.50823874225254	1.42084184038065	1.163379949791	0.771349997317736	8.79446755201655	0.99161	1
ENSDARG00000004931	5	1.85900214700903	1.42579946951914	0.721739160953155	0.388240090047431	4.15685517103026	0.44883	0.957957030824072
ENSDARG00000004932	3	2.95178798595562	4.03391989613876	2.12327863581176	0.719319492427696	5.11264676484653	0.13852	0.619396337285902
ENSDARG00000004948	2	3.74418158513201	3.74418158513201	4.75124661019547	1.26896799798986	5.29507237768128	0.43441	0.949065738197425
ENSDARG00000004952	3	5.56303288974523	6.6181501266265	2.17914987406914	0.391719753821003	9.63545560921545	0.00865	0.135237634408602
ENSDARG00000004954	4	1.00072535098705	0.701652881955686	1.13117467668198	1.13035477273186	2.0014507019741	0.87395	1
ENSDARG00000004956	5	2.31379750748366	2.88848109314403	1.5999084700314	0.691464341566933	5.17380851290304	0.49501	0.985711331899081
ENSDARG00000004964	7	3.78143523088838	2.8876605376282	1.95083802270501	0.515898833006507	10.0047372198288	0.09744	0.535484738262277
ENSDARG00000004979	12	1.52378447956984	1.29246688452947	1.08669570462151	0.713155777074382	5.27854427679972	0.84914	1
ENSDARG00000004988	9	4.64580718817092	3.06330418138775	4.16038192993491	0.895513257745178	13.9374215645128	0.21478	0.743894095238095
ENSDARG00000005002	11	1.55209291728894	0.57210937755394	2.45731649942506	1.58322769987075	5.14770984641555	0.75867	1
ENSDARG00000005010	1	1.6244208892013	1.6244208892013	NA	NA	1.6244208892013	0.55965	1
ENSDARG00000005015	14	1.35951508809223	1.19485116627831	1.07344806387692	0.789581574547483	5.08683967179093	0.98406	1
ENSDARG00000005023	1	2.66853832424476	2.66853832424476	NA	NA	2.66853832424476	0.20149	0.726706314670447
ENSDARG00000005034	7	1.16048504558151	0.891562269317417	0.733114468424894	0.631731077635334	3.07035483081812	0.95989	1
ENSDARG00000005049	4	1.81709534198001	1.98507311870632	0.761590710526806	0.41912534413133	3.63419068396001	0.48929	0.982020477129337
ENSDARG00000005058	12	1.75804034967831	1.72749351747772	1.19798128155996	0.681429912447216	6.09003041479796	0.60074	1
ENSDARG00000005078	16	2.22087186034891	1.94995762055749	1.41906161827535	0.638966004122545	8.88348744139565	0.63222	1
ENSDARG00000005085	6	6.43996241157794	3.41148032849782	6.88252641808598	1.06872152013067	15.7746218710694	0.85467	1
ENSDARG00000005095	18	4.61861184869933	4.24080189662458	2.4247828138136	0.525002510114908	19.595110547303	0.00022	0.0088504347826087
ENSDARG00000005104	9	2.47414730454323	3.04247269180471	1.49806605999997	0.605487820894535	7.42244191362969	0.26423	0.810528312236287
ENSDARG00000005108	2	3.5096128634951	3.5096128634951	1.55943450094381	0.444332341371355	4.96334211023385	0.10794	0.563175774504825
ENSDARG00000005126	15	2.59887495115977	2.51389309785646	2.22373564706464	0.855653191806048	10.0653994047174	0.09865	0.538947772410091
ENSDARG00000005134	9	1.82140328719149	2.24512613165606	0.816940815419756	0.448522752300199	5.46420986157447	0.67434	1
ENSDARG00000005141	1	8.73028518928384	8.73028518928384	NA	NA	8.73028518928384	0.01206	0.168376790123457
ENSDARG00000005159	2	23.8710651460081	23.8710651460081	5.98890592078108	0.250885575660313	33.7587840777764	0	0
ENSDARG00000005162	10	1.63722379885279	1.04822500447287	1.55808189187464	0.951660910967938	5.1773562438082	0.9743	1
ENSDARG00000005163	4	1.1411605260063	0.773131473028082	1.44828087229288	1.26912983694012	2.2823210520126	0.87761	1
ENSDARG00000005176	1	1.13788788057288	1.13788788057288	NA	NA	1.13788788057288	0.68974	1
ENSDARG00000005179	9	21.1281096064197	19.3814958371626	11.6182883109218	0.549897199860777	63.3843288192592	0	0
ENSDARG00000005185	1	2.1806381867566	2.1806381867566	NA	NA	2.1806381867566	0.45442	0.959895774006623
ENSDARG00000005186	14	2.50772938151834	2.00859839896799	2.1616770440632	0.862005709226242	9.38306416438813	0.28109	0.829256237681159
ENSDARG00000005191	2	0.663017417057017	0.663017417057017	0.0227917658058385	0.0343758176172897	0.937648223291612	0.93343	1
ENSDARG00000005218	10	2.17183872870305	2.28337841217552	1.46806770422836	0.67595613100842	6.86795709326615	0.29531	0.843577092337918
ENSDARG00000005220	4	4.30279066890067	3.62048879812669	2.45055208338446	0.569526214950762	8.60558133780135	0.16349	0.665866834733894
ENSDARG00000005221	2	1.52691427108898	1.52691427108898	0.62336671584865	0.408252596528599	2.15938287075507	0.52062	1
ENSDARG00000005230	3	9.1098818053087	9.04330267019421	0.300433083742393	0.0329788124767238	15.778778137742	6e-04	0.0193866666666667
ENSDARG00000005236	47	1.81755442867303	1.63516130881086	1.31794795503663	0.725121588792722	12.4605253804115	0.9949	1
ENSDARG00000005251	2	3.43792845971512	3.43792845971512	0.297398802122055	0.0865052329060676	4.86196505419757	0.09706	0.53542014084507
ENSDARG00000005254	10	4.3327065787617	4.38833519608218	2.10811321260174	0.486558038094573	13.7012212220827	0.04644	0.36705597826087
ENSDARG00000005274	3	1.94128110565831	2.18641395806165	0.721613846279742	0.371720429450652	3.36239750677367	0.38803	0.919741346064276
ENSDARG00000005284	16	2.24682326724176	2.03840093995017	1.43025717466738	0.636568614683784	8.98729306896702	0.44807	0.957676703065939
ENSDARG00000005343	11	1.25499839365482	0.601408055988209	1.30475439846124	1.03964626971475	4.16235878425178	0.99516	1
ENSDARG00000005350	18	2.52778231684335	2.15684238845672	2.63685097748528	1.04314796409294	10.7244721056202	0.23594	0.773895365775056
ENSDARG00000005355	11	2.01949356090636	1.62458928002768	1.79370080570312	0.888193377005915	6.69790240806514	0.83453	1
ENSDARG00000005356	16	3.14063442786669	2.71003934983388	2.41971538373482	0.770454326764302	12.5625377114668	0.02551	0.267395242018538
ENSDARG00000005359	4	0.978694715518798	1.00099212790676	0.333191032679248	0.340444295239324	1.9573894310376	0.98877	1
ENSDARG00000005364	7	1.26941584765527	1.28792818639663	0.54771190021974	0.431467671710112	3.35855864322011	0.85286	1
ENSDARG00000005372	1	3.69665432443759	3.69665432443759	NA	NA	3.69665432443759	0.53588	1
ENSDARG00000005374	6	2.38384166354923	1.26560235149276	2.35869334522469	0.989450508098305	5.83919570328302	0.43914	0.952828050234142
ENSDARG00000005382	20	1.68885667350148	1.78617471105753	1.11993463346517	0.663131840041363	7.55279665240697	0.76257	1
ENSDARG00000005394	13	1.71065661133965	1.31099152023263	1.24800705226444	0.729548551118687	6.16786012689657	0.82745	1
ENSDARG00000005397	20	2.16143442673861	0.922718106898906	3.13887266726922	1.45221739250516	9.66622861419163	0.93192	1
ENSDARG00000005425	3	1.82836510226039	1.76761892138385	1.64354174696982	0.898913321490289	3.16682125190087	0.66024	1
ENSDARG00000005448	3	0.905390651167282	1.12903435013942	0.506302391714509	0.559208769233208	1.5681826085196	0.87794	1
ENSDARG00000005451	7	2.82493907656415	2.253822731164	2.18126774648198	0.772146827723791	7.47408626549719	0.94162	1
ENSDARG00000005454	6	1.43143164989512	1.74323924536684	0.810084683632718	0.565926206600275	3.5062771439133	0.69456	1
ENSDARG00000005456	9	4.01503391410964	4.04281448675811	2.49954591792213	0.622546651259464	12.0451017423289	0.01369	0.181901853785901
ENSDARG00000005458	6	3.15360873471448	2.93360514830749	2.59477438329692	0.822795280446177	7.72473224843456	0.15601	0.65568676300578
ENSDARG00000005462	5	1.22102577891817	0.586213345141312	1.16555310261638	0.954568791863725	2.73029664394066	0.80519	1
ENSDARG00000005463	8	3.49464125735194	3.23337622287932	1.84068435283466	0.526716254196988	9.88433812355135	0.07489	0.468801057160418
ENSDARG00000005468	6	1.68772775654928	1.64018697445427	0.764256351799415	0.45283153567493	4.13407182827792	0.84621	1
ENSDARG00000005476	29	1.57018211995795	0.970277705727999	1.39457775463149	0.888163058861498	8.45568949318942	0.97442	1
ENSDARG00000005479	39	2.30659722913176	1.92047025517885	2.00144571410177	0.867704898290869	14.4046950790391	0.80047	1
ENSDARG00000005481	4	1.50491010769752	1.65443250977671	0.631274071344948	0.419476265137712	3.00982021539504	0.64359	1
ENSDARG00000005482	29	1.96437453045343	1.0949050386026	2.42780746545452	1.23591882699381	10.5784805894292	0.99342	1
ENSDARG00000005500	11	2.25939441989822	2.53910534262441	1.25216630696885	0.55420439031856	7.49356354422508	0.31491	0.857129112299465
ENSDARG00000005513	8	1.79119582624285	1.79871320903784	0.699000765437844	0.390242515752198	5.06626686067743	0.51488	0.997614472782642
ENSDARG00000005522	3	0.195404448380437	0	0.338450432619888	1.73205080756888	0.338450432619888	1	1
ENSDARG00000005525	1	2.19315229999806	2.19315229999806	NA	NA	2.19315229999806	0.34085	0.883197761953204
ENSDARG00000005536	14	1.72432807024691	1.42645398455321	1.11244384961844	0.645146285566843	6.45184486126101	0.85917	1
ENSDARG00000005540	16	2.02234896085229	1.72907294157783	2.63022927553488	1.30058131729472	8.08939584340914	0.6018	1
ENSDARG00000005541	2	1.10503132396175	1.10503132396175	0.797172334632654	0.721402477329458	1.5627502851938	0.73305	1
ENSDARG00000005544	1	3.93575169652631	3.93575169652631	NA	NA	3.93575169652631	0.09119	0.514770837493067
ENSDARG00000005547	1	0.541345360368685	0.541345360368685	NA	NA	0.541345360368685	1	1
ENSDARG00000005549	12	2.02509371343517	2.06985338990255	1.44130074524449	0.711720517269105	7.01513040351607	0.74875	1
ENSDARG00000005551	4	2.72946645598152	2.00130406177114	2.31746480658791	0.849054144449836	5.45893291196304	0.47708	0.977300937437135
ENSDARG00000005560	8	6.25265783324864	4.48526422561592	4.96139503926676	0.793485773823164	17.6851870173172	0.26478	0.811209557894737
ENSDARG00000005561	13	1.50962494122332	1.6016534780358	1.24483912246946	0.824601587107264	5.44303013229998	0.7821	1
ENSDARG00000005576	12	2.02178045101086	1.56064999212313	1.56313192187989	0.773146224209629	7.00365292580067	0.76938	1
ENSDARG00000005586	5	1.96267147602402	1.94572537774222	1.51000670280939	0.769362942935493	4.38866683788956	0.3993	0.92871924131627
ENSDARG00000005590	16	1.9762499741932	1.57424883507954	1.49027458848935	0.754092148235323	7.90499989677279	0.40871	0.934377893081761
ENSDARG00000005593	1	7.69973159306062	7.69973159306062	NA	NA	7.69973159306062	0.04818	0.374876717557252
ENSDARG00000005595	1	1.83056614575414	1.83056614575414	NA	NA	1.83056614575414	0.42315	0.942232689112374
ENSDARG00000005606	7	0.34332192118741	0.365332227013753	0.262244537183024	0.76384442996249	0.908344423098804	0.99993	1
ENSDARG00000005619	2	1.02457933903428	1.02457933903428	0.848304055521099	0.82795350560228	1.44897399698954	0.79576	1
ENSDARG00000005625	12	2.20026676902623	1.84092328964433	1.32844293037723	0.603764483960804	7.62194766831771	0.62541	1
ENSDARG00000005629	2	0.789841923787378	0.789841923787378	1.11700516075097	1.4142135623731	1.11700516075097	0.87881	1
ENSDARG00000005645	15	1.51891098749059	0.646901204900493	1.98773847978009	1.30866028105048	5.8827169589225	0.98612	1
ENSDARG00000005651	12	2.35125943020818	2.39697195921414	1.0814854860971	0.459960084456248	8.14500158979205	0.39002	0.92209606504065
ENSDARG00000005652	1	8.37009134051244	8.37009134051244	NA	NA	8.37009134051244	0.01877	0.223178808411215
ENSDARG00000005670	19	1.19505708404546	0.818728929201644	0.846839610171556	0.70861854339616	5.20913306111655	0.99599	1
ENSDARG00000005673	4	1.1417021243004	1.31904968334036	0.902372777319869	0.790374965688023	2.28340424860079	0.7964	1
ENSDARG00000005675	7	1.84604022952875	1.6016534780358	1.13699196887026	0.615908554257513	4.88416335755367	0.67868	1
ENSDARG00000005699	20	1.90677022936276	1.91493118454172	1.08089691774732	0.566873187499134	8.52733570065598	0.84615	1
ENSDARG00000005704	1	5.74295240144421	5.74295240144421	NA	NA	5.74295240144421	0.0571	0.409558703312192
ENSDARG00000005713	7	3.5820387760884	2.72341198360104	2.51628943825269	0.702474092421881	9.4771837881201	0.03777	0.332738930112166
ENSDARG00000005754	3	4.50444725084044	0.981399046547358	6.17150816214739	1.37009222629833	7.80193149846959	0.03119	0.301667027540361
ENSDARG00000005772	1	1.04782277521322	1.04782277521322	NA	NA	1.04782277521322	0.7916	1
ENSDARG00000005774	10	2.14082031766409	1.96084055161628	1.71249170117046	0.79992313555722	6.76986826498371	0.88279	1
ENSDARG00000005775	15	4.54833429464101	3.09294752867595	5.91555647573882	1.30059843725839	17.6156229761287	0.10654	0.560684653567735
ENSDARG00000005780	4	1.99962663524359	1.71231350423881	0.808313566569482	0.404232246321831	3.99925327048719	0.37723	0.91123887544484
ENSDARG00000005789	10	1.51999135114631	1.62818280763664	1.11531427705358	0.733763567939028	4.80663469337914	0.73118	1
ENSDARG00000005821	15	1.83839512704282	1.01628741068726	1.62578390333765	0.884349550008234	7.1200737107857	0.52548	1
ENSDARG00000005823	19	3.44085092762459	1.28792818639663	5.77217094268297	1.67754170816921	14.9983214733038	0.00709	0.11961252892562
ENSDARG00000005827	4	1.01835226815238	0.873912625431062	0.65150442199298	0.639763314098589	2.03670453630475	0.96967	1
ENSDARG00000005834	5	4.47283828579942	3.88664860962899	2.92814557572449	0.654650445338233	10.0015704594111	0.07914	0.480887713432836
ENSDARG00000005840	4	3.55649448225784	3.75264261565271	1.33473724398548	0.375295744347148	7.11298896451568	0.45554	0.959895774006623
ENSDARG00000005861	39	2.41061321013808	1.79709874247389	2.30432266869487	0.95590726002986	15.054274672225	0.25151	0.794743489599503
ENSDARG00000005867	35	1.77156639950108	1.6016534780358	1.12530922567465	0.63520578511286	10.4807281605069	0.8771	1
ENSDARG00000005870	9	1.19762161051936	1.28063326167805	0.720115036144725	0.601287610226438	3.59286483155809	0.9754	1
ENSDARG00000005883	14	2.59578750439246	2.26724240271666	1.38825490307381	0.534810688750401	9.71254749030553	0.24618	0.78753154619736
ENSDARG00000005891	8	1.35123075954992	1.12176932716917	1.41233616770845	1.04522203755847	3.8218577321024	0.95154	1
ENSDARG00000005908	9	1.93683860546398	1.1271987439868	2.22015128317902	1.14627583161333	5.81051581639194	0.65113	1
ENSDARG00000005915	3	1.65050384835822	2.23752825687873	1.14267054136783	0.692316193327548	2.85875652344439	0.55824	1
ENSDARG00000005916	10	1.191629789725	0.993769040228091	0.834413408088321	0.700228724796218	3.76826426323851	0.98598	1
ENSDARG00000005924	12	5.42966560003987	3.11245661297531	4.84755564105116	0.892790826937035	18.808913374756	0.4061	0.932452393605044
ENSDARG00000005927	13	2.99102826921517	1.9236194673061	3.17464781417809	1.06139010682473	10.7843057910176	0.08314	0.492212813953488
ENSDARG00000005941	19	1.80337768492761	1.3802443439463	1.69085066463074	0.937602077902288	7.86074108563577	0.91997	1
ENSDARG00000005945	9	2.93296885805636	1.9850992876978	2.48466506209285	0.847150168426748	8.79890657416907	0.53233	1
ENSDARG00000005948	12	1.90411127236921	2.0601368603534	1.27778326799794	0.671065439578038	6.5960349340162	0.59647	1
ENSDARG00000005972	4	1.11121174234227	1.10122337074015	0.740132525393495	0.666058949155278	2.22242348468453	0.91676	1
ENSDARG00000005989	7	4.71002211665043	2.55942347463971	4.59626645779858	0.975848168854724	12.4615471902711	0.00506	0.0944966605504587
ENSDARG00000006003	6	2.66710166833336	2.24389859992649	1.86061225167567	0.697615795365742	6.53303817954247	0.17695	0.687665941198931
ENSDARG00000006025	20	4.66419745763239	3.55431593519283	6.97186285687408	1.49476151475223	20.8589251514954	0.00011	0.0051356880733945
ENSDARG00000006031	4	10.2630508326895	11.2703253221256	7.01689868161538	0.683704952455797	20.5261016653789	0.00135	0.0353221079691517
ENSDARG00000006038	6	2.22252425522889	1.56981864571249	2.06617576526568	0.929652740753957	5.44405036626998	0.31998	0.862878707284768
ENSDARG00000006040	1	1.92870913052087	1.92870913052087	NA	NA	1.92870913052087	0.37313	0.909903005008347
ENSDARG00000006065	3	1.4182496302398	2.10929244807184	1.22837330192511	0.866119247087286	2.4564804173911	0.77678	1
ENSDARG00000006074	22	2.47762468743927	2.01507551285881	2.30164211054631	0.928971253077542	11.6210898808927	0.23319	0.771087660818713
ENSDARG00000006092	14	2.80511694493149	2.95425134497666	1.80610674897409	0.643861480441132	10.4957865377676	0.55481	1
ENSDARG00000006110	4	1.82875653050736	1.74964171665448	0.257437670510578	0.140771976048204	3.65751306101471	0.43373	0.9481322895189
ENSDARG00000006124	24	1.68621973575687	1.83443146778333	1.14650551634125	0.679926519675468	8.26075589363002	0.99695	1
ENSDARG00000006128	1	4.64820606984211	4.64820606984211	NA	NA	4.64820606984211	0.07024	0.45361847715736
ENSDARG00000006192	1	0.262932718328746	0.262932718328746	NA	NA	0.262932718328746	0.92297	1
ENSDARG00000006202	11	3.13215305010276	3.50834067002421	2.36538646490341	0.755195045409994	10.3881764531581	0.06661	0.443108875816993
ENSDARG00000006207	3	1.16559942155189	1.10092782285774	1.19924376388977	1.02886441234939	2.01887741940077	0.75858	1
ENSDARG00000006215	9	2.68946863375388	1.79468021068131	3.16731897839695	1.17767463009082	8.06840590126164	0.13188	0.607732524886878
ENSDARG00000006219	16	3.51715326134592	2.22946567013776	3.5814044236005	1.01826794497718	14.0686130453837	0.00772	0.125718656
ENSDARG00000006225	5	2.298031944005	2.09505376728461	1.5174514461709	0.660326524237211	5.13855564126118	0.68621	1
ENSDARG00000006235	19	2.31237780969295	2.06808100488002	1.94983812439313	0.843217797809621	10.0794211917375	0.4679	0.969718224394217
ENSDARG00000006240	18	2.6343297474188	1.92489154146976	2.49972965149039	0.948905372966198	11.1765145696877	0.41715	0.93900040247678
ENSDARG00000006253	4	1.89013460863774	1.94309124851943	0.849914069184039	0.449657958380324	3.78026921727548	0.54168	1
ENSDARG00000006257	19	2.03201814924221	1.71077433334494	1.79730400511262	0.884492102485838	8.85736176398734	0.97356	1
ENSDARG00000006260	2	5.28518164388805	5.28518164388805	4.99404647722316	0.944914822936774	7.47437556039181	0.41121	0.936517202953681
ENSDARG00000006266	9	1.554091146371	1.3802443439463	1.13535891338719	0.730561341938274	4.66227343911299	0.9601	1
ENSDARG00000006272	6	2.98922835660084	2.91846035586387	1.43471286409693	0.479960944077352	7.32208419833038	0.11091	0.566972365645404
ENSDARG00000006279	1	1.96770110303155	1.96770110303155	NA	NA	1.96770110303155	0.48037	0.97776206662677
ENSDARG00000006292	2	1.51348207269889	1.51348207269889	0	0	2.14038687361931	0.59166	1
ENSDARG00000006299	17	1.94752127990621	1.5417107476728	1.65141434079555	0.847957019948499	8.02983594519139	0.93797	1
ENSDARG00000006301	14	1.94216038102616	1.50136771903511	1.55826729890706	0.80233708509888	7.26689873596622	0.87166	1
ENSDARG00000006307	26	4.34277574611768	3.58373263356873	2.82714570055695	0.650999698311463	22.1438982726115	0.00026	0.0101003053435114
ENSDARG00000006332	14	2.44890758807361	1.68700271458829	2.06508292453633	0.843266987530871	9.1629731664424	0.24235	0.78424951684679
ENSDARG00000006356	3	1.74383354394876	2.12585922246192	1.58767435426894	0.910450633191622	3.02040829806214	0.57205	1
ENSDARG00000006370	7	16.7380616145438	6.4668410111163	27.5779274717579	1.64761775328843	44.2847484613591	0	0
ENSDARG00000006383	11	2.34289452262355	1.8729424654955	1.90445023762393	0.812862132389702	7.77050205492115	0.80225	1
ENSDARG00000006389	8	3.35446213358391	3.35956020816216	1.51339893794877	0.45115994090291	9.48785168756272	0.22472	0.758223903247184
ENSDARG00000006395	12	1.91378755585493	1.53707637708867	1.75674630322393	0.917942170670639	6.6295545632676	0.89713	1
ENSDARG00000006396	18	2.29847238218505	1.54063277942933	2.79974844105111	1.21809096456905	9.75159244687828	0.69641	1
ENSDARG00000006408	7	2.75643830083111	2.78965975123715	1.1786615683273	0.427603102152482	7.29285024829256	0.37539	0.910345346676197
ENSDARG00000006420	24	1.99341203174775	1.68830189160718	1.27549602892176	0.639855688943273	9.76568464981337	0.86912	1
ENSDARG00000006434	5	2.47254151313146	1.79709874247389	1.75612859049642	0.710252418885497	5.52877090055212	0.21191	0.74246309540151
ENSDARG00000006494	12	3.99327453638512	1.53689173712389	6.16091778082386	1.54282349602764	13.8331087711802	0.00788	0.127104025356577
ENSDARG00000006524	4	1.91440339664492	1.42589826117493	1.42041066896437	0.741959960713456	3.82880679328984	0.66532	1
ENSDARG00000006526	23	2.27608621194598	1.90968754712783	2.31799197277132	1.01841132405504	10.915726005028	0.19198	0.715888692786525
ENSDARG00000006553	11	2.32051859356746	2.10823393214556	1.44080608850663	0.6208983166524	7.69628949390648	0.22175	0.754083361176078
ENSDARG00000006567	4	2.55540485665313	1.86509509492006	2.57994776030185	1.00960431126395	5.11080971330626	0.20489	0.731965749385749
ENSDARG00000006584	22	1.90140574475966	1.54714239465954	1.50401186083398	0.79099995620561	8.91838347103951	0.79215	1
ENSDARG00000006601	7	1.55042575064158	1.60184664152274	1.17708027733463	0.759198095650528	4.10204096246827	0.88621	1
ENSDARG00000006603	2	1.1053171171713	1.1053171171713	0.734123594683847	0.66417463665323	1.56315445782679	0.75173	1
ENSDARG00000006607	17	2.04284690999842	1.50923780426747	1.47902393561105	0.724001357307872	8.42287358689015	0.71487	1
ENSDARG00000006609	7	4.52004971925042	3.6149145245801	2.04941698324659	0.453405849612302	11.9589274707839	0.03525	0.320620643431635
ENSDARG00000006617	17	3.53502220580363	4.27668026576852	2.27655480916404	0.644000143882124	14.5752699434323	0.0112	0.159654901960784
ENSDARG00000006624	7	2.46584474910715	1.88731018277332	1.96453337373311	0.796697916381166	6.52401197783198	0.45974	0.966416126367954
ENSDARG00000006636	5	2.12578425637004	1.3084406719797	2.22291210079375	1.04569035833842	4.75339810274224	0.72226	1
ENSDARG00000006639	12	1.26550494627473	1.35666618985008	1.00758534502719	0.796192340451319	4.38383772835509	0.95804	1
ENSDARG00000006678	10	1.67639424973053	1.72660759589053	1.09324883612959	0.652143036344415	5.30122408555759	0.71159	1
ENSDARG00000006683	29	2.5433888620659	1.34995904567657	2.80585646889401	1.1031960195874	13.6965681908551	0.11592	0.578349882352941
ENSDARG00000006691	2	8.84182620242799	8.84182620242799	1.84422639992324	0.208579806671252	12.5042305316195	0.15207	0.644620773388773
ENSDARG00000006712	17	2.74603650326143	3.18511364277753	2.11775926715118	0.771205795930221	11.3221985547487	0.61688	1
ENSDARG00000006719	17	1.84311006819299	1.47041023249601	1.23433522650502	0.669702394776227	7.59933749079908	0.74992	1
ENSDARG00000006747	67	3.38391895893797	2.85858157641476	2.4878721200964	0.735204403617637	27.6985704303346	0.00039	0.0135475085324232
ENSDARG00000006760	7	3.62610815169526	2.70599206699384	3.42961873836379	0.945812588838639	9.59378039640974	0.10947	0.563962155870445
ENSDARG00000006766	12	4.7167150051892	2.11852170620266	5.62614355620428	1.1928097309281	16.3391800676204	0.00105	0.0291196185286103
ENSDARG00000006773	17	2.40436478026816	2.08498945892384	1.69581795238088	0.705308098961486	9.9134499515606	0.86675	1
ENSDARG00000006775	13	0.996136846803789	0.958081677855914	0.750633358992911	0.753544416514055	3.59162247853008	0.98494	1
ENSDARG00000006782	12	1.86264846466445	1.9220662626191	1.19914340093784	0.643784065370524	6.45240355487797	0.54318	1
ENSDARG00000006786	8	4.0754415386289	3.17685205895321	2.36635612967858	0.580637976830038	11.5270893931753	0.00772	0.125718656
ENSDARG00000006791	5	1.28479952121237	0.606119586851166	1.50694207256337	1.17290055583254	2.87289906689005	0.90012	1
ENSDARG00000006797	9	1.73717057659442	1.81681099154319	0.82908065946535	0.477259211407262	5.21151172978325	0.9039	1
ENSDARG00000006812	21	2.48206013129142	1.74477457455977	2.30616350687395	0.929132811006496	11.374228431075	0.28909	0.835659761431412
ENSDARG00000006818	2	1.46077454582492	1.46077454582492	1.39284424972824	0.953497070242061	2.065847174275	0.56201	1
ENSDARG00000006840	3	3.0119490241193	3.06336883915592	0.197715850489347	0.0656438236192126	5.21684873958213	0.13575	0.614892523364486
ENSDARG00000006848	2	1.63695953949004	1.63695953949004	0.658311018014741	0.402154727794815	2.31501038180283	0.62874	1
ENSDARG00000006859	10	1.86099762162282	1.54660511045619	1.74734686755968	0.938930199188525	5.88499120448432	0.96421	1
ENSDARG00000006862	22	1.83013455399143	1.38806765831961	1.66121497726813	0.90770100681674	8.58409195463882	0.93255	1
ENSDARG00000006865	10	2.5328040388976	2.5326299380093	2.15842458332075	0.852187753246082	8.00942962979012	0.21737	0.747429682432432
ENSDARG00000006869	1	3.43343630546829	3.43343630546829	NA	NA	3.43343630546829	0.18165	0.69740992078461
ENSDARG00000006877	14	1.70008963044594	1.14012031591077	1.48571200784212	0.873902164471415	6.36115292393584	0.64273	1
ENSDARG00000006889	9	2.68554060792401	1.89709657428601	2.26928673729952	0.845001833375265	8.05662182377204	0.39385	0.925204394184168
ENSDARG00000006891	11	1.59347821861911	1.51348207269889	1.11265679265586	0.69825666874824	5.28496936276349	0.69365	1
ENSDARG00000006892	5	2.66591451513801	2.18641395806165	0.873355078117027	0.32760055626608	5.96116607805198	0.19128	0.714701850220264
ENSDARG00000006894	5	3.0903942509354	1.90968754712783	1.96457262962754	0.635702913643754	6.91033162236609	0.08484	0.496550615296147
ENSDARG00000006900	6	1.34051863286923	1.30997078876716	0.502077219640464	0.374539530693299	3.2835866412229	0.83572	1
ENSDARG00000006915	4	1.66952681280067	1.81285957966869	0.609165734613821	0.364873286216908	3.33905362560134	0.91801	1
ENSDARG00000006923	2	5.74746879411298	5.74746879411298	2.37499911973478	0.413225230934258	8.12814831795071	0.02698	0.275428726178536
ENSDARG00000006924	22	2.13265223152855	1.83091073828532	1.69828869451057	0.796327066083974	10.0030256369841	0.32633	0.870624412997903
ENSDARG00000006983	5	2.57992973205059	2.54609616025392	1.20921402573242	0.468700372227312	5.76889825803793	0.47626	0.97721514809591
ENSDARG00000007025	1	0.446471352868266	0.446471352868266	NA	NA	0.446471352868266	0.85517	1
ENSDARG00000007045	1	0.74741962932381	0.74741962932381	NA	NA	0.74741962932381	0.86366	1
ENSDARG00000007065	6	1.52185057123054	0.959297196753023	1.15788553520797	0.760840490582282	3.72775736427793	0.80113	1
ENSDARG00000007081	15	1.26362508950004	0.887865490194279	1.28097266858426	1.0137284224794	4.8939989274835	0.98937	1
ENSDARG00000007092	23	1.37604587146911	1.35165069132102	1.21580447556069	0.883549379253366	6.59928416791589	0.96083	1
ENSDARG00000007097	1	1.96770110303155	1.96770110303155	NA	NA	1.96770110303155	0.4825	0.978263944223107
ENSDARG00000007098	14	10.9943041206535	10.6406711101198	5.12280109490789	0.46595046295694	41.1369192254823	0.00398	0.078963820662768
ENSDARG00000007125	7	1.63098051838839	1.23241785660833	1.34197840759579	0.822804682499716	4.3151688448469	0.6371	1
ENSDARG00000007127	9	2.87225403458592	1.86455648193041	2.18639449884134	0.761212090753157	8.61676210375776	0.13944	0.621374921190893
ENSDARG00000007129	1	3.1183238582193	3.1183238582193	NA	NA	3.1183238582193	0.15066	0.641852786610879
ENSDARG00000007130	7	1.505586514642	1.10098295612561	1.30739414457628	0.868362018297668	3.98340749503525	0.83906	1
ENSDARG00000007135	19	1.40478377785174	1.36249970283902	1.01574796483118	0.723063563835073	6.12331052518102	0.99844	1
ENSDARG00000007136	41	1.73448458373297	1.51716562814312	1.32505499997856	0.763947406858333	11.1061202775542	0.96884	1
ENSDARG00000007149	16	1.87833470497767	1.69971086317195	1.24487862440834	0.662756547653276	7.51333881991069	0.99099	1
ENSDARG00000007151	3	1.46345688289633	1.57968384757476	0.905503515514356	0.618742872507641	2.53478167586283	0.69192	1
ENSDARG00000007169	2	1.07810915247157	1.07810915247157	0.391618468595622	0.363245658102275	1.52467658514386	0.82862	1
ENSDARG00000007172	4	2.03378751832749	1.78531598649419	1.04005973169744	0.511390556941143	4.06757503665498	0.79447	1
ENSDARG00000007180	17	2.8151697239345	1.14802068482922	4.16478192627353	1.47940704635485	11.6072421258229	0.08221	0.490177727006444
ENSDARG00000007184	16	2.97498783820229	2.56297068136813	1.99645762664804	0.671080937209628	11.8999513528092	0.17786	0.688835266362253
ENSDARG00000007186	7	1.01425179634777	0.818728929201644	1.11237941284232	1.09674877268929	2.68345801993673	0.96244	1
ENSDARG00000007198	12	2.89953216598542	1.55028617470233	2.65650901606559	0.916185392674466	10.044274059334	0.12153	0.591082608695652
ENSDARG00000007207	14	2.07587117882367	1.96299179775468	1.19814320624651	0.577176088029441	7.76719873023672	0.35216	0.891739646766169
ENSDARG00000007216	8	5.58003197842307	2.93842845078066	6.64535890708936	1.19091771029014	15.782713804723	0.00238	0.0545577477477477
ENSDARG00000007217	7	2.56097188381159	2.10823393214556	1.76237521464056	0.688166561210955	6.77569471919407	0.1718	0.67982552662262
ENSDARG00000007219	10	2.8012901848586	2.14945224520612	2.34426390575218	0.836851504504346	8.8584573712273	0.17627	0.687335857852503
ENSDARG00000007241	2	1.16665405165676	1.16665405165676	0.817753116372227	0.700938821762061	1.64989798245052	0.80829	1
ENSDARG00000007244	5	2.26195531609996	1.96770110303155	2.39774329702747	1.06003123932688	5.05788584886653	0.29946	0.844931973392461
ENSDARG00000007250	11	3.27656801440865	2.77849746865565	4.11258864336673	1.25515131237371	10.8671467038733	0.02961	0.292137173281704
ENSDARG00000007257	1	0.815149561765483	0.815149561765483	NA	NA	0.815149561765483	0.77388	1
ENSDARG00000007271	5	0.904379886210146	0.674815068749066	0.571648675776964	0.632089108231376	2.02225490304941	0.96463	1
ENSDARG00000007278	2	3.76937215529458	3.76937215529458	2.81036369239581	0.745578726804219	5.3306972236491	0.08053	0.486034190871369
ENSDARG00000007279	4	2.00258053950383	1.32687994817195	1.76046344909113	0.87909745169466	4.00516107900765	0.47815	0.97776206662677
ENSDARG00000007294	12	3.71811614728863	2.35618864396911	3.26256623131412	0.877478298705994	12.8799321510923	0.85171	1
ENSDARG00000007302	5	1.31629665861907	1.12416197179155	0.948903735139719	0.720888964449105	2.94332880722808	0.8013	1
ENSDARG00000007320	1	5.20251564114964	5.20251564114964	NA	NA	5.20251564114964	0.15852	0.660154075286416
ENSDARG00000007347	15	6.50673278163318	5.79125586604319	5.09121008963955	0.782452616466857	25.2004677014872	0	0
ENSDARG00000007359	4	1.26512319090029	1.29754419144786	0.518546143878163	0.409877984695826	2.53024638180058	0.94527	1
ENSDARG00000007362	16	2.6780471529882	2.34516106346716	1.72231860998121	0.643124826259848	10.7121886119528	0.08285	0.491402855477855
ENSDARG00000007377	8	3.62289321065692	2.79394971694499	3.34221022600839	0.922525184064799	10.2470894270808	0.02956	0.292137173281704
ENSDARG00000007383	2	0.712027236735411	0.712027236735411	1.00695857497026	1.4142135623731	1.00695857497026	0.86222	1
ENSDARG00000007385	10	3.45913991607678	2.39266375958908	3.23556125018686	0.935365821760836	10.9387608800063	0.7455	1
ENSDARG00000007387	15	1.71420105917623	1.81776120317886	1.15534869453068	0.673986688052739	6.63907215424064	0.7175	1
ENSDARG00000007396	5	0.955451671693998	0.957304512275576	0.352607554179094	0.369048026839419	2.13645488712359	0.98098	1
ENSDARG00000007398	31	3.68334237588879	2.19315229999806	4.09272240000006	1.111143625092	20.5079824165752	0.00026	0.0101003053435114
ENSDARG00000007406	7	2.05711219623664	1.76196513349038	1.95490471566451	0.950315067520812	5.44260729020005	0.36286	0.90474989710926
ENSDARG00000007412	1	1.57275094726751	1.57275094726751	NA	NA	1.57275094726751	0.5656	1
ENSDARG00000007425	3	1.85306537864347	1.83056614575414	0.735538774264579	0.396930827558296	3.20960338555734	0.41479	0.93900040247678
ENSDARG00000007429	14	2.92562484875452	2.31261566430535	2.47212453460498	0.844990271277399	10.9466858262717	0.04057	0.34766265993266
ENSDARG00000007430	9	2.94838443721684	2.51747195985716	2.67453841535409	0.907119974449043	8.84515331165051	0.09702	0.53542014084507
ENSDARG00000007436	2	1.54730417695758	1.54730417695758	1.359187689027	0.878423072378396	2.18821855216994	0.56068	1
ENSDARG00000007438	2	1.96359803233767	1.96359803233767	1.15279020032739	0.587080543646191	2.77694696838106	0.74265	1
ENSDARG00000007443	18	2.0455172270757	1.8538452556163	1.50516459911973	0.735835699253208	8.67839461379479	0.38465	0.917212082454907
ENSDARG00000007449	8	2.98062775847316	3.60387081172582	1.37818645628987	0.462381272660445	8.43048840083692	0.13893	0.620180061349693
ENSDARG00000007477	11	1.58831324040008	0.851039226007627	1.67143624291196	1.05233413686771	5.2678390679606	0.9103	1
ENSDARG00000007480	1	0.982080478597003	0.982080478597003	NA	NA	0.982080478597003	0.80634	1
ENSDARG00000007485	8	2.04157600541773	1.26313292305602	1.80442627712254	0.883839872889441	5.77444895095447	0.50142	0.98906652586708
ENSDARG00000007490	3	0.572008828651857	0.457659343172847	0.308455640305517	0.539249789260251	0.990748353602977	0.98958	1
ENSDARG00000007494	9	2.33288759562434	1.96770110303155	1.55815524849218	0.667908411624601	6.99866278687301	0.23954	0.77942395140665
ENSDARG00000007496	10	1.88655419314882	1.63554313163397	1.14275498342925	0.605736632204502	5.96580817969149	0.64842	1
ENSDARG00000007553	2	3.44080555785994	3.44080555785994	2.56875583290361	0.746556522799064	4.86603388541425	0.12688	0.598169149722736
ENSDARG00000007597	6	1.89264680627006	1.72544298034142	1.55911085204567	0.823772743483131	4.63601893866985	0.64808	1
ENSDARG00000007603	7	1.84542397726051	2.01922574346728	0.658326413811045	0.356734507583626	4.88253290730702	0.48722	0.981103672662581
ENSDARG00000007624	3	2.67115163622717	2.44566415994445	1.62374439759457	0.607881774876701	4.62657034866619	0.1847	0.702985899065421
ENSDARG00000007630	4	1.36980227040765	1.00497664131665	0.918437617039581	0.670489191674544	2.7396045408153	0.88629	1
ENSDARG00000007639	16	2.9941076659279	2.64224737734897	2.04095611904704	0.681657557699927	11.9764306637116	0.06451	0.436267627906977
ENSDARG00000007654	10	7.94362080315017	3.87101276891318	8.3949324349022	1.05681434737835	25.1199346066506	0.10849	0.563175774504825
ENSDARG00000007657	3	1.79818406879025	1.50703813634281	1.22968646225814	0.683849047269906	3.11454616850564	0.4936	0.98545719890153
ENSDARG00000007663	12	3.76714418296283	1.89427008160953	3.73786134864509	0.992226781642665	13.0497702486583	0.54206	1
ENSDARG00000007678	3	10.6960978187034	8.61550870493758	5.59833284897459	0.523399555975005	18.526184864721	0.00824	0.130430357698289
ENSDARG00000007682	2	4.14012987970035	4.14012987970035	0.447303008048276	0.108040815396026	5.85502782585833	0.22254	0.7552076
ENSDARG00000007697	1	2.53910534262441	2.53910534262441	NA	NA	2.53910534262441	0.23556	0.773396670967742
ENSDARG00000007711	6	1.87096551041129	1.73290801501435	0.543279378616968	0.290373807317026	4.58291082685354	0.44628	0.957164650673401
ENSDARG00000007734	5	6.7497235008357	5.92186437894816	4.47701042622956	0.663287974044456	15.0928405771965	3e-04	0.0112671586715867
ENSDARG00000007737	11	2.41224661263539	2.67703625017896	1.33017393167143	0.55142534959069	8.00051691591739	0.42668	0.944348693009119
ENSDARG00000007751	8	1.84147443798453	2.12149642349273	1.08320289995728	0.588225868148803	5.20847624992219	0.4965	0.986808850865254
ENSDARG00000007753	12	3.25157099816061	2.72139063998149	3.60209699119738	1.10780204191606	11.2637723464633	0.34632	0.88694
ENSDARG00000007755	2	3.2403138696176	3.2403138696176	3.86461309682038	1.19266628244147	4.58249582075886	0.23065	0.768312441099476
ENSDARG00000007760	7	3.11945768089311	2.75579778145086	1.6689382728796	0.535009108506893	8.25330924903345	0.08628	0.501517898343803
ENSDARG00000007764	9	2.55227971896213	2.69626191289408	1.50702365569278	0.59046179166663	7.65683915688638	0.27825	0.825739895165987
ENSDARG00000007786	9	3.54144954456223	3.85732854641149	2.44338967833721	0.689940558969406	10.6243486336867	0.15221	0.644620773388773
ENSDARG00000007788	5	1.26968138202911	0.586213345141312	1.03876633635099	0.818131502165459	2.83909387998296	0.78536	1
ENSDARG00000007791	2	2.42302723677847	2.42302723677847	1.81814535354025	0.750361087957705	3.42667798025152	0.77045	1
ENSDARG00000007795	8	7.11822658862745	4.55046210398238	6.9333947361161	0.9740340026817	20.1333851633634	0.13066	0.605674426229508
ENSDARG00000007807	15	1.86208808406813	1.54210501327889	1.57385160372663	0.845207923938926	7.21183613876713	0.678	1
ENSDARG00000007812	22	1.26085406382718	0.948703880775181	1.21256463353574	0.961701015464977	5.91392977181243	0.9958	1
ENSDARG00000007813	12	2.00500645570918	1.67638180199585	1.5596574029566	0.777881486872787	6.94554610158381	0.40078	0.930036215230278
ENSDARG00000007818	9	3.3195314198424	2.60980671557309	2.0254408324626	0.610158656838008	9.95859425952719	0.86426	1
ENSDARG00000007824	48	3.31714241384329	2.59217889527998	2.63572403049101	0.79457668729912	22.981836786873	0.47827	0.97776206662677
ENSDARG00000007825	12	4.37572004712367	3.3609653220235	2.89369319874589	0.661306748965357	15.1579388826317	0.53663	1
ENSDARG00000007836	5	2.76446850754058	2.70276557590151	1.01156260513708	0.365915763691235	6.18153950451812	0.58358	1
ENSDARG00000007842	15	1.81769570506232	1.6351304197089	1.32099869497453	0.726743586011413	7.03990519417909	0.58759	1
ENSDARG00000007856	7	3.11641731239304	2.99793926660178	1.32473390112627	0.425082319963442	8.24526519008828	0.11993	0.586872670509126
ENSDARG00000007863	5	3.04689879496626	3.36902878200401	0.840845073714493	0.275967510014984	6.81307282610674	0.32985	0.873591803278688
ENSDARG00000007867	9	3.67640059277701	3.46654844854594	3.37868057735098	0.919018614018571	11.029201778331	0.65692	1
ENSDARG00000007886	2	3.62264514777662	3.62264514777662	1.33366429918656	0.368146546179135	5.12319389965078	0.09711	0.53542014084507
ENSDARG00000007901	9	2.35162021826453	2.46556228994829	0.933287331498561	0.396869921533213	7.05486065479358	0.35552	0.894999396487757
ENSDARG00000007916	8	2.15018978953848	2.10190065977047	0.869544321508125	0.404403520907225	6.08165512408293	0.35153	0.891107216135458
ENSDARG00000007923	10	1.93115741844812	1.48252341368952	1.19547372751989	0.619045198542427	6.10685596262691	0.53867	1
ENSDARG00000007941	1	2.18641395806165	2.18641395806165	NA	NA	2.18641395806165	0.40424	0.93118802804161
ENSDARG00000007943	27	1.95565501694046	1.23180659203811	2.20538798019555	1.1276978613773	10.1618815542536	0.4843	0.978793764892772
ENSDARG00000007944	3	1.3665087803313	1.6244208892013	1.25754751055365	0.920263029886109	2.36686263652278	0.62849	1
ENSDARG00000007950	1	5.25719022651858	5.25719022651858	NA	NA	5.25719022651858	0.10851	0.563175774504825
ENSDARG00000007975	8	3.55019933165673	3.08479917406996	1.99268618443007	0.561288535734179	10.0414800879137	0.16014	0.662832419682798
ENSDARG00000007976	34	1.64553690656544	1.07373304995843	2.24393463242464	1.3636489242336	9.59504654337562	0.97791	1
ENSDARG00000007982	3	1.12067449577023	1.31922273696803	0.663914425365354	0.592423962418324	1.94106516542067	0.80399	1
ENSDARG00000008019	5	12.0880769310026	11.6336896807417	5.06833318579936	0.419283663954889	27.0297617349689	2e-05	0.00120449704142012
ENSDARG00000008032	19	8.65186102426019	7.74316887791305	5.33156475382033	0.6162332865577	37.7125878783085	0	0
ENSDARG00000008034	7	2.60167730768057	1.92047025517885	1.96690722060262	0.756015057976635	6.88339114776286	0.25434	0.797344582691715
ENSDARG00000008049	1	3.50929127070922	3.50929127070922	NA	NA	3.50929127070922	0.23971	0.779727829977629
ENSDARG00000008068	2	1.5580098003931	1.5580098003931	2.20335859002612	1.4142135623731	2.20335859002612	0.54333	1
ENSDARG00000008100	21	2.6449832559899	2.64877013581084	1.73839102650535	0.657240843611596	12.1208359824645	0.32589	0.870624412997903
ENSDARG00000008107	8	1.38243161322156	1.48980725364056	0.759602501047999	0.549468410432146	3.9101070729425	0.8652	1
ENSDARG00000008127	17	2.24354460021823	1.54184275175628	2.31233776513047	1.03066271332674	9.25037136248392	0.2374	0.776137743589744
ENSDARG00000008131	5	0.951302610454856	0.841000624206828	0.57446038066071	0.603867133704214	2.12717730415006	0.96511	1
ENSDARG00000008133	2	6.35497827964337	6.35497827964337	3.75673333357872	0.59114809968942	8.98729647165809	0.00876	0.135500425531915
ENSDARG00000008140	7	1.90261625980866	1.74446101063095	1.208830483123	0.635351704207852	5.03384946384158	0.54442	1
ENSDARG00000008141	10	1.61717503363441	1.27592086070364	1.62919697109633	1.00743391235449	5.11395648144414	0.64084	1
ENSDARG00000008142	25	4.29475169457344	4.54330119906285	1.82350893577878	0.42459007306123	21.4737584728672	5e-05	0.00263678756476684
ENSDARG00000008153	21	2.10132558853817	2.1311807081486	1.31246290476331	0.624588075223675	9.62948356922378	0.5821	1
ENSDARG00000008155	6	1.86591022713876	1.91837462082199	0.640756369252439	0.34340149913589	4.57052796233062	0.91939	1
ENSDARG00000008184	36	2.76396152830583	1.9346542870147	3.0004212131572	1.08555100439343	16.583769169835	0.02473	0.262736889352818
ENSDARG00000008186	31	1.47675564855229	1.20868259346524	1.148870067034	0.777968967418731	8.22222747261738	0.99227	1
ENSDARG00000008191	10	9.15034267482	7.65228264954081	6.17719413191545	0.675077901608419	28.9359242234687	0	0
ENSDARG00000008192	1	4.80164906757269	4.80164906757269	NA	NA	4.80164906757269	0.08866	0.508555954929578
ENSDARG00000008212	12	1.35912064651663	1.24076414722082	1.13013639147992	0.831520288045372	4.70813202676531	0.87679	1
ENSDARG00000008224	5	2.08019679947527	0.126565618079573	3.69672161468063	1.77710186632973	4.6514614502042	0.87937	1
ENSDARG00000008235	6	1.6686221370967	1.3902821437134	1.62254887591275	0.972388439443744	4.08727280939932	0.6253	1
ENSDARG00000008237	7	2.22738836951928	2.4569321684326	1.61126049928086	0.723385522403802	5.89311569890567	0.85969	1
ENSDARG00000008243	6	3.66878135693261	2.39944471483404	3.5865860825429	0.977596028110427	8.98664230232057	0.15705	0.658448299711816
ENSDARG00000008255	6	1.53602727651508	1.49163082714995	0.774029653566104	0.503916607081491	3.76248305845888	0.93129	1
ENSDARG00000008275	22	1.83792853494013	1.62369657745033	1.53927550808098	0.837505636817988	8.62064896571237	0.58977	1
ENSDARG00000008279	3	0.243059126563856	0	0.420990756451913	1.73205080756888	0.420990756451913	0.99776	1
ENSDARG00000008310	12	2.25787767022612	1.53627080330508	2.72004901469637	1.20469281864326	7.82151768421377	0.98642	1
ENSDARG00000008322	7	1.50465220113303	1.48812427962682	0.939057339545288	0.624102592504875	3.98093553384393	0.7057	1
ENSDARG00000008329	3	2.83264890945579	1.46027479369219	3.48494235536951	1.23027684219399	4.906291831182	0.36561	0.906114403892944
ENSDARG00000008363	2	3.25502296818503	3.25502296818503	3.64072589836361	1.11849468773293	4.60329762744319	0.2226	0.7552076
ENSDARG00000008370	4	2.96645666173336	2.29322035262085	1.80025671135874	0.606871064250374	5.93291332346672	0.56502	1
ENSDARG00000008372	14	2.59672073443602	2.3620181473403	1.73458596113024	0.667990954178204	9.71603931739157	0.16303	0.66518023246493
ENSDARG00000008380	8	1.19767756403778	1.26045937882556	1.04682672061297	0.874047199384583	3.38754370882439	0.94782	1
ENSDARG00000008384	18	1.14026643680746	1.19131647141204	0.687835642358371	0.603223615249247	4.83774077895585	0.99435	1
ENSDARG00000008388	15	1.95246116397085	1.6244208892013	1.54026094970415	0.788881734565012	7.56184957217585	0.45356	0.959895774006623
ENSDARG00000008395	5	1.81656393573836	1.96770110303155	1.44119504001575	0.793363234655408	4.06196044578554	0.50919	0.993203491759295
ENSDARG00000008396	14	3.62391385941881	2.91971579219362	2.88674142948005	0.796581138918962	13.5594440611269	0.00701	0.118715108153078
ENSDARG00000008398	16	1.79005780336716	1.33109245902861	1.16523469495376	0.650948082660744	7.16023121346864	0.94561	1
ENSDARG00000008407	12	4.42338882728489	4.16497275854751	3.08848359832117	0.698216620539983	15.3230683809799	0.85883	1
ENSDARG00000008413	53	2.16251428175999	1.3369455356059	2.2391440668359	1.03543550473736	15.7433416083513	0.53032	1
ENSDARG00000008434	4	1.3443275310946	0.82774811718166	1.56946539272535	1.16747247707367	2.68865506218921	0.87615	1
ENSDARG00000008439	8	1.25412690512361	1.35321636559859	0.608364289899405	0.485089895937956	3.54720655632562	0.88114	1
ENSDARG00000008457	9	2.3652456871099	2.28482958297016	1.86467401119498	0.788363771830158	7.0957370613297	0.34015	0.882949936240755
ENSDARG00000008461	11	1.54734142347813	1.19500419975371	0.85014993267549	0.549426209223116	5.13195092425138	0.76694	1
ENSDARG00000008472	6	1.81483144308996	1.9740533060626	1.19116305944322	0.656349141391952	4.44541100472926	0.57935	1
ENSDARG00000008480	2	2.39486793601355	2.39486793601355	3.38685471520283	1.4142135623731	3.38685471520283	0.25229	0.795972603843769
ENSDARG00000008485	15	1.96376914966727	1.86434111241728	1.64951155631285	0.839972232271971	7.60564521245725	0.46584	0.968863311555737
ENSDARG00000008487	15	1.65796865648096	1.40403782613278	1.52567038628678	0.920204601168404	6.42128499508465	0.7904	1
ENSDARG00000008491	3	2.70178807139665	2.79360329568254	1.44517836186699	0.534897010304708	4.67963421094252	0.20292	0.729022153194493
ENSDARG00000008503	14	2.86301321765721	2.78974223467265	2.03388102712826	0.710398755613351	10.7124145542785	0.29198	0.840433382352941
ENSDARG00000008540	11	1.46885649376244	0.983540482212992	1.21272864018594	0.825627721520677	4.87164586068703	0.98006	1
ENSDARG00000008542	2	4.83532580413118	4.83532580413118	5.55466049595403	1.14876654044869	6.8381833306949	0.03121	0.301667027540361
ENSDARG00000008548	7	1.65620178151622	1.18350424452053	0.864472892914733	0.521961093486642	4.38189803483406	0.58527	1
ENSDARG00000008551	7	1.31488142423634	0.632409876272769	1.2636270935277	0.961019807745471	3.47884925206778	0.91696	1
ENSDARG00000008560	7	1.07590908058246	1.21871625743244	0.926301418005163	0.860947671808567	2.84658786053734	0.97788	1
ENSDARG00000008573	10	1.49564703565728	1.37648843032534	1.17279137367292	0.784136461152096	4.72965120835608	0.94886	1
ENSDARG00000008592	4	2.62355059563354	2.01778462631628	2.77066848615147	1.05607587319367	5.24710119126709	0.19064	0.713955664952241
ENSDARG00000008623	2	3.83938177322942	3.83938177322942	0.425565328927147	0.11084214961233	5.42970577482911	0.09194	0.517283206191266
ENSDARG00000008662	7	1.01230964649491	0.69154966776939	0.923788708058634	0.912555472781692	2.67831957441725	0.9485	1
ENSDARG00000008697	28	1.30030487601206	1.17193618839342	0.941770106794415	0.724268688188539	6.88056666098517	0.9812	1
ENSDARG00000008703	4	1.05953457397129	0.732253474079287	1.19871427994932	1.13135928680115	2.11906914794259	0.87153	1
ENSDARG00000008723	9	2.33432129920993	1.50817561720252	1.87309890502021	0.802416919065159	7.00296389762979	0.51736	0.998957572078907
ENSDARG00000008727	13	1.4106334351536	1.12903435013942	1.12921791696177	0.800504148576924	5.0861111813302	0.86353	1
ENSDARG00000008735	10	6.24805966777585	4.80169838459094	5.23300393811063	0.837540647234799	19.7580995068067	0.01037	0.150995507868383
ENSDARG00000008748	3	2.09703652035923	2.18745012741693	1.78429730722505	0.850866110295207	3.63217379858963	0.63752	1
ENSDARG00000008767	7	3.74775613929397	3.0604566329947	2.45522611095724	0.655118961774224	9.91563071908739	0.02965	0.292137173281704
ENSDARG00000008784	16	1.79920994012336	1.39373957095654	1.58356131894728	0.88014260239064	7.19683976049345	0.91069	1
ENSDARG00000008785	7	2.56755524821863	3.03606916729589	1.51765000956327	0.591087576641714	6.79311266420522	0.79734	1
ENSDARG00000008788	24	2.52728966202648	2.92870440572528	1.88578346280356	0.746168312694107	12.3811402083517	0.10895	0.563175774504825
ENSDARG00000008803	12	5.47321504004881	4.3646380674945	4.00250946078388	0.731290371654789	18.9597730602294	0.67628	1
ENSDARG00000008805	2	1.84351222665174	1.84351222665174	1.62912107411743	0.883705055255482	2.60711999333151	0.39826	0.927282350251486
ENSDARG00000008811	1	0.623677269447383	0.623677269447383	NA	NA	0.623677269447383	0.80062	1
ENSDARG00000008816	6	1.99792525230131	1.46631642484191	2.04694344776074	1.02453454922949	4.89389741235956	0.39001	0.92209606504065
ENSDARG00000008818	6	2.54672469254688	2.7587478930729	1.75917276679984	0.690758907685685	6.23817601208622	0.242	0.783670378619154
ENSDARG00000008829	7	6.64800604629981	6.62560596044153	4.53755549530795	0.682543827984857	17.588970712963	0.07104	0.45723796460177
ENSDARG00000008832	6	2.41185218601757	2.33567848129275	0.739663147476625	0.306678473815575	5.90780719075921	0.26583	0.81249781981982
ENSDARG00000008852	1	3.66872919592057	3.66872919592057	NA	NA	3.66872919592057	0.10368	0.551911631799163
ENSDARG00000008858	7	1.97315238447556	1.9826747803625	1.09012360941348	0.552478165391784	5.22047050815643	0.42589	0.943897038972349
ENSDARG00000008859	13	1.95940066494583	2.10214832794237	1.328180030459	0.677850147864328	7.06471956664044	0.86354	1
ENSDARG00000008867	5	10.9838229440846	6.45013311335825	11.1352169945483	1.01378336588585	24.560574755795	1e-05	0.000656645161290323
ENSDARG00000008884	12	3.13397451619581	2.09875078888033	2.99625972432961	0.956057462766684	10.8564061833545	0.07698	0.476246610169491
ENSDARG00000008890	7	3.20223246040911	2.47510545179259	1.35585887249469	0.423410507905933	8.47231073046099	0.08012	0.48452843731432
ENSDARG00000008904	22	2.32746486351574	1.60334563301783	3.20874862876801	1.37864535747322	10.9167778762695	0.56165	1
ENSDARG00000008906	8	1.83328638588803	1.44410756282795	1.37514926417275	0.750100625171361	5.18531694127361	0.52733	1
ENSDARG00000008931	5	2.1691356410953	2.23752825687873	0.5616650054775	0.258934939261747	4.85033474590667	0.31745	0.859538733705773
ENSDARG00000008946	6	2.72271608369917	2.27266783727585	1.33851713318524	0.491610984046006	6.6692651195319	0.14943	0.640648079191239
ENSDARG00000008947	16	5.4391702851719	5.77260594187178	4.10161476974839	0.75408831764839	21.7566811406876	0.00057	0.0186542122186495
ENSDARG00000008948	1	2.3331065642714	2.3331065642714	NA	NA	2.3331065642714	0.32859	0.872752875782881
ENSDARG00000008953	6	2.15893508116536	2.30243636980519	1.58547939513069	0.734380301178336	5.28828933664933	0.31232	0.854017034649476
ENSDARG00000008966	32	2.75858376771163	2.66853832424476	1.15364600161868	0.41820227289153	15.6049063089602	0.0232	0.252062835820896
ENSDARG00000008976	51	1.678955143512	1.50377596723675	1.19764760489178	0.713329125867271	11.9901379921249	0.91247	1
ENSDARG00000009001	6	1.70125160568072	1.59548409290269	1.15523445219082	0.679049735108742	4.16719835800834	0.81994	1
ENSDARG00000009018	31	2.59792736542373	2.92629785919536	1.52519999210162	0.587083385163409	14.4646474024271	0.07348	0.465451910392035
ENSDARG00000009020	8	2.63678046010519	2.52208628214702	1.93714152173794	0.734661664498475	7.45794137536226	0.62218	1
ENSDARG00000009026	50	1.69523839729928	1.54479277653419	1.23388557719071	0.727853722023075	11.9871456645814	0.9866	1
ENSDARG00000009031	21	2.58570571968406	1.82760027704436	2.16676535878682	0.837978329201196	11.8491921853325	0.19441	0.720314881689115
ENSDARG00000009074	8	8.09331199793258	4.00743773863473	7.22305553618733	0.892472147129933	22.8913431839863	2e-05	0.00120449704142012
ENSDARG00000009087	6	6.63983810223978	6.64453951439611	1.81713544439419	0.273671649280308	16.2642153251773	0.33248	0.87610369143153
ENSDARG00000009113	1	2.39413149272844	2.39413149272844	NA	NA	2.39413149272844	0.37558	0.910589147212959
ENSDARG00000009131	1	4.09886970767191	4.09886970767191	NA	NA	4.09886970767191	0.16248	0.66518023246493
ENSDARG00000009134	1	1.12903435013942	1.12903435013942	NA	NA	1.12903435013942	0.76834	1
ENSDARG00000009136	21	10.802607644849	8.99403482059314	5.70462946504835	0.528078928032572	49.5037672354294	0	0
ENSDARG00000009142	26	2.1062691772151	1.89846521545108	1.44437150145922	0.685748771849263	10.7399076354988	0.81669	1
ENSDARG00000009170	13	1.58604672258414	1.36136752067181	1.08065955332909	0.681354173203915	5.71857278355871	0.88081	1
ENSDARG00000009178	9	1.24881004782175	0.866008240221108	1.12780282163011	0.903101975834753	3.74643014346525	0.92086	1
ENSDARG00000009209	36	2.07519428121027	1.88102588618636	1.59700718062898	0.769569960311183	12.4511656872616	0.65891	1
ENSDARG00000009217	4	2.17836084782017	2.74682587845064	1.36185624893862	0.62517477317929	4.35672169564034	0.57048	1
ENSDARG00000009218	12	1.36878568956822	1.25929264447418	1.11137677206915	0.81194359390164	4.74161271801071	0.89453	1
ENSDARG00000009252	11	1.67597007091408	1.19439209701995	1.249728420136	0.745674664377744	5.55856388508735	0.84465	1
ENSDARG00000009253	5	2.05859690342	1.38952368419204	1.16582360556733	0.566319517740706	4.60316261431769	0.64282	1
ENSDARG00000009262	8	2.37488452522016	1.76591871637218	1.71183219263397	0.720806495833845	6.71718780927268	0.26972	0.817664997022037
ENSDARG00000009281	9	2.52345497985038	2.9042782060389	2.21483552501214	0.877699639065272	7.57036493955114	0.72782	1
ENSDARG00000009285	1	0.528994768887789	0.528994768887789	NA	NA	0.528994768887789	0.94198	1
ENSDARG00000009299	12	2.62187950817459	2.3192517848854	2.1288812961362	0.811967632188551	9.08245703896416	0.53006	1
ENSDARG00000009311	4	9.18489547188065	7.55408954947718	5.85927824643848	0.637925413999161	18.3697909437613	0.15384	0.649702705394191
ENSDARG00000009313	8	1.55558199666389	1.88801112473208	1.25765006073253	0.808475582405616	4.39985031413099	0.67941	1
ENSDARG00000009315	15	3.00282973538824	2.62416161976867	2.50654278791004	0.83472691054392	11.6299095566551	0.6522	1
ENSDARG00000009336	8	2.92962005825618	2.91104475001512	1.78787096205037	0.610274003624408	8.2862168379723	0.65901	1
ENSDARG00000009342	1	4.33621662021068	4.33621662021068	NA	NA	4.33621662021068	0.0849	0.496616206896552
ENSDARG00000009350	9	3.30576802311062	2.72902304270998	2.31405343033315	0.700004783806851	9.91730406933187	0.24703	0.788419987456883
ENSDARG00000009351	8	2.82556014357517	2.5365419378077	1.27787427795286	0.45225520357743	7.99189095268976	0.1235	0.594855037807183
ENSDARG00000009372	2	0.261255080924952	0.261255080924952	0.03101257565992	0.118706114920799	0.369470478682948	0.98293	1
ENSDARG00000009387	24	1.43012410072359	1.2272139141163	1.30850670413104	0.914960249581829	7.0061486312589	0.99255	1
ENSDARG00000009390	4	1.99752170870511	1.87963763813751	1.26806022546514	0.634816743136751	3.99504341741023	0.36766	0.907505426770126
ENSDARG00000009401	28	1.58612397463152	1.58148480687843	0.731274473609831	0.461044965781894	8.39297917078465	0.88486	1
ENSDARG00000009436	11	2.12105726831868	2.43520659541506	1.21723674212564	0.573882073014707	7.03475111786925	0.5957	1
ENSDARG00000009447	7	2.27007314517039	2.28686915283615	0.891051509023388	0.392521056389356	6.00604900004707	0.88449	1
ENSDARG00000009470	5	1.10120181653415	0.907587700253051	0.998061884482507	0.90633875598184	2.46236211871662	0.90095	1
ENSDARG00000009472	3	2.00499312238971	2.64877013581084	1.28174200195291	0.639275011789183	3.47274995680514	0.70247	1
ENSDARG00000009473	14	1.79781673771783	1.56656479080431	0.937928852211445	0.521704372049659	6.72681427674773	0.6111	1
ENSDARG00000009488	6	3.81149728673669	2.96708257673807	3.24746997982394	0.852019491427828	9.33622350850743	0.02468	0.262479665621735
ENSDARG00000009493	11	1.84244220835063	1.44304672342323	1.3374227731807	0.725896729416534	6.11068950301286	0.65219	1
ENSDARG00000009499	73	1.87293051717282	1.40509268223156	1.73529618956911	0.92651391691163	16.0023253534441	0.99409	1
ENSDARG00000009505	10	2.51398965150552	2.70287676945942	1.55207488355873	0.617375207821266	7.94993331285039	0.7234	1
ENSDARG00000009524	12	1.31953587728736	1.17934678764248	0.921090708277327	0.698041428150377	4.57100636374334	0.99452	1
ENSDARG00000009534	13	3.36819340936832	3.3233112828843	2.71575365804629	0.806293857856462	12.1441940431573	0.1475	0.636944415254237
ENSDARG00000009553	6	2.57874672037624	2.26735737837293	2.11826522530997	0.821432057895517	6.31661364079736	0.98959	1
ENSDARG00000009567	44	2.40683587610822	2.29287765566306	2.12936894349502	0.884717136150613	15.9651430660346	0.33457	0.878095270758123
ENSDARG00000009568	6	1.65298831548516	2.02994491933474	0.953556951122599	0.576868536933804	4.04897792372135	0.72241	1
ENSDARG00000009585	22	2.64604736988803	2.12983056393775	3.14851167655364	1.18989240796807	12.4110622849622	0.44086	0.953040721102863
ENSDARG00000009594	13	1.47673468592054	1.31123258539844	1.46118672080079	0.989471388958366	5.32444263034272	0.99978	1
ENSDARG00000009624	8	1.11930232079301	0.954750655401491	0.924428430898162	0.82589700184238	3.1658650449223	0.91534	1
ENSDARG00000009629	7	2.22776692909257	2.19315229999806	1.31155066495235	0.588728851220797	5.89411727339301	0.42026	0.941827146923582
ENSDARG00000009693	1	3.43303103519502	3.43303103519502	NA	NA	3.43303103519502	0.17049	0.677832587685113
ENSDARG00000009733	7	1.32584550337176	0.69154966776939	1.41855030165165	1.06992126763196	3.50785747881492	0.80221	1
ENSDARG00000009735	12	2.41527118045816	1.77341586582401	1.84163731039775	0.762497116389393	8.36674479722078	0.45393	0.959895774006623
ENSDARG00000009740	13	3.5707136418913	1.84691004081019	4.32400810843705	1.21096468159982	12.8743911258379	0.18566	0.704645359672009
ENSDARG00000009743	4	0.786230540852212	0.475884931705394	0.964402421875887	1.22661531416797	1.57246108170442	0.94583	1
ENSDARG00000009745	17	2.05878791345372	1.68361335908961	1.65034351606716	0.801609289272845	8.48860002791467	0.68164	1
ENSDARG00000009748	4	2.2629684819976	2.48272616996929	1.04294590309324	0.460875134315876	4.52593696399519	0.28435	0.830755905963303
ENSDARG00000009764	9	2.44484488887379	0.95221669778229	3.38584036849597	1.38488964428973	7.33453466662136	0.39739	0.927282350251486
ENSDARG00000009771	1	5.71947491275406	5.71947491275406	NA	NA	5.71947491275406	0.03779	0.332738930112166
ENSDARG00000009782	17	2.00693492323567	1.6244208892013	1.58782295510485	0.791168132420002	8.27480467224154	0.40686	0.932452393605044
ENSDARG00000009783	1	9.66978271719348	9.66978271719348	NA	NA	9.66978271719348	0.00824	0.130430357698289
ENSDARG00000009796	7	8.64613671044934	2.2625378028765	15.447798564694	1.78667063476159	22.875527537315	6e-05	0.00306874371859297
ENSDARG00000009806	7	2.33685122263939	1.95826104628529	1.16006352094901	0.496421641955776	6.18272718606106	0.30221	0.848288301158301
ENSDARG00000009823	1	10.1448149109808	10.1448149109808	NA	NA	10.1448149109808	0.0098	0.144766908563135
ENSDARG00000009825	2	1.01402644550093	1.01402644550093	0.377038975258794	0.371823611634247	1.4340499518324	0.75484	1
ENSDARG00000009837	13	4.02064350087944	2.3803428662894	7.18511831314498	1.78705680112484	14.4966363027818	0.00262	0.0580966448801743
ENSDARG00000009839	4	1.19895154910492	0.933364135885788	0.701995609909365	0.58550790516384	2.39790309820985	0.80276	1
ENSDARG00000009851	4	9.36055447091946	9.72201835972356	3.42031935360037	0.365397088839803	18.7211089418389	5e-05	0.00263678756476684
ENSDARG00000009862	11	2.82172173498275	2.01922574346728	2.0403166969038	0.723075089796646	9.35859225772842	0.07722	0.476246610169491
ENSDARG00000009864	5	2.57042874095457	2.72552311957667	1.23834491485588	0.481765899643651	5.74765339609362	0.20337	0.729769767605634
ENSDARG00000009868	7	1.54838450304844	0.680640997010632	1.56421706877998	1.01022521583002	4.09664032897251	0.90943	1
ENSDARG00000009871	3	3.14356918269052	3.33399376795941	1.25443557911591	0.399048185744797	5.44482154152775	0.19073	0.713955664952241
ENSDARG00000009886	2	1.25576370594489	1.25576370594489	0.420985961398159	0.335242975573491	1.77591806408316	0.69772	1
ENSDARG00000009899	8	1.85580728486593	1.54908950889787	1.56764606603422	0.844724599810735	5.24901566281638	0.78014	1
ENSDARG00000009922	18	1.81346427316595	1.41041633465282	1.83636108693759	1.01262600764208	7.69387730997107	0.87789	1
ENSDARG00000009930	1	4.03655596157701	4.03655596157701	NA	NA	4.03655596157701	0.2076	0.736477100034855
ENSDARG00000009941	8	1.93350579820444	2.24608224232826	1.28859825400544	0.666456886347121	5.46878024549548	0.85623	1
ENSDARG00000009950	4	0.991217025964872	0.73487104462146	0.664230795707638	0.670116410743714	1.98243405192974	0.9966	1
ENSDARG00000009982	58	2.7730941729064	2.30981928267783	1.8622260800714	0.671533660221734	21.1192560220485	0.15124	0.642722638830898
ENSDARG00000010002	3	2.55654810768374	2.60357123446175	0.225124658802578	0.0880580569268237	4.4280712145023	0.62017	1
ENSDARG00000010021	5	3.19563537439837	3.42530674706083	1.85106699235802	0.579248498495081	7.14565792845774	0.16783	0.671571965408805
ENSDARG00000010029	12	2.65391930927528	2.20971054309627	2.11837911859606	0.798207809556402	9.19344616570577	0.20585	0.73333612180609
ENSDARG00000010035	5	1.56028684713227	1.42579946951914	0.566479231942831	0.36306095445462	3.48890745458657	0.61864	1
ENSDARG00000010042	6	0.851001666729527	1.04467614529507	0.618688955564903	0.727012624948877	2.08451985374537	0.99885	1
ENSDARG00000010052	18	4.54986597615163	4.05943973319001	3.79743243936077	0.834625120666239	19.3034465113606	0.60142	1
ENSDARG00000010096	17	3.27941024864406	1.79434871282275	4.05964895255978	1.23792043226014	13.5213548448925	0.00883	0.136169303030303
ENSDARG00000010113	4	2.29990225229103	1.87976477914151	1.29618771323586	0.563583827071205	4.59980450458205	0.59441	1
ENSDARG00000010130	4	7.19853375365379	6.72189046486104	1.59749776506409	0.221919882539029	14.3970675073076	0.00156	0.0393011881188119
ENSDARG00000010132	12	2.02298581316625	1.34797596950688	1.93113990536961	0.954598837421953	7.00782842278998	0.71244	1
ENSDARG00000010137	16	1.69966071535229	1.28412533717037	1.54321472530489	0.907954576678569	6.79864286140918	0.97811	1
ENSDARG00000010144	25	1.84482793522297	1.43956230368816	1.39911760417967	0.758400053179252	9.22413967611485	0.92848	1
ENSDARG00000010145	2	2.17356273842755	2.17356273842755	1.16235916409589	0.534771388718595	3.07388190335305	0.30019	0.84581912538057
ENSDARG00000010181	31	1.65022031354395	1.54210501327889	1.12722904151794	0.68307790921392	9.18803785256819	0.98559	1
ENSDARG00000010194	4	2.80749192385348	2.74896309549675	1.84983030138833	0.65889069374394	5.61498384770697	0.37312	0.909903005008347
ENSDARG00000010207	7	1.23922630351574	1.18350424452053	1.1625101373807	0.938093497598143	3.27868461723249	0.87894	1
ENSDARG00000010238	10	2.64095831767761	2.52696987213902	0.732444208445491	0.277340313757615	8.35144348942776	0.38314	0.915709330828833
ENSDARG00000010244	2	1.09334327784979	1.09334327784979	0.704658984628021	0.644499306762858	1.54622089186463	0.89592	1
ENSDARG00000010246	4	8.23449160740799	6.42601057896875	5.97808030151366	0.725980496007258	16.468983214816	0.03101	0.30116391221374
ENSDARG00000010248	5	2.01356891089802	1.17146335452199	1.61024934649745	0.799699149992987	4.50247696214819	0.64525	1
ENSDARG00000010255	5	8.09939118962766	5.38817278373186	8.09170541153048	0.999051067183047	18.1107892763703	0.00038	0.0132908591065292
ENSDARG00000010266	10	1.84088999026832	1.62123353083054	1.37226252971018	0.745434293719074	5.8214052910531	0.4902	0.983011130811663
ENSDARG00000010267	2	3.34149484801886	3.34149484801886	2.70920238564976	0.810775568681791	4.72558733266809	0.13598	0.615386589595376
ENSDARG00000010270	4	2.69827238865979	2.16306553252424	2.3449633695616	0.869061025646237	5.39654477731958	0.19588	0.722479601882012
ENSDARG00000010279	7	2.2091105765969	0.954244979688225	2.15384483863925	0.974982810483495	5.84475720431789	0.5516	1
ENSDARG00000010281	19	1.57921536000884	1.48812427962682	0.945949163693255	0.598999470020329	6.88364016436571	0.80662	1
ENSDARG00000010301	18	1.9916137292141	1.82064674903333	1.4377320432581	0.721893016787665	8.44970144058913	0.98036	1
ENSDARG00000010381	5	3.5126010068656	2.99012353660228	1.58539625386187	0.451345385018996	7.85441462918569	0.26499	0.811209557894737
ENSDARG00000010407	5	1.39952086522141	1.08685297751383	1.55912613685632	1.1140427953603	3.1294237905644	0.93285	1
ENSDARG00000010411	1	33.00133884825	33.00133884825	NA	NA	33.00133884825	1e-05	0.000656645161290323
ENSDARG00000010420	3	2.94243009952354	0.586213345141312	4.12000502540009	1.4002048939301	5.09643843009472	0.16658	0.669730086887836
ENSDARG00000010432	5	1.92148969593102	1.92870913052087	1.53831609674029	0.800585139747484	4.29658157816716	0.41488	0.93900040247678
ENSDARG00000010445	13	1.81697464890308	1.61529001766055	1.18516835262818	0.652275667876639	6.55119526283825	0.55386	1
ENSDARG00000010477	2	3.94134380168621	3.94134380168621	3.55998470837926	0.90324135307765	5.57390185831977	0.09954	0.540617993596585
ENSDARG00000010481	4	3.52683160436344	3.65490677386227	2.72490463830014	0.772621135335424	7.05366320872688	0.41779	0.939727429834254
ENSDARG00000010482	2	2.19032511243194	2.19032511243194	1.74265537732261	0.795614937449961	3.09758748000762	0.29065	0.838027110481587
ENSDARG00000010515	5	1.33103110591866	1.34541596028374	0.306076188381843	0.229954196427733	2.97627603300085	0.84735	1
ENSDARG00000010519	62	2.73213256990632	2.61845410339765	2.06456446797537	0.755660428310093	21.5128333682865	0.12144	0.591082608695652
ENSDARG00000010531	20	2.31033000268095	1.75674206419473	1.68634641538898	0.729915818706465	10.3321098729038	0.29801	0.844931973392461
ENSDARG00000010553	3	6.93607465317535	8.24964735601951	3.97717878275917	0.573404840868951	12.0136337043904	0.01172	0.164306005509642
ENSDARG00000010563	11	1.74570809211644	1.57275094726751	1.36623876136724	0.782627271728378	5.78985873503742	0.72277	1
ENSDARG00000010571	1	1.31922273696803	1.31922273696803	NA	NA	1.31922273696803	0.61817	1
ENSDARG00000010583	15	1.54811608832904	1.19500419975371	1.14450041726829	0.739285913954683	5.99582782809416	0.78709	1
ENSDARG00000010596	9	1.43077141643289	1.62990075802482	0.953406365695411	0.666358269913151	4.29231424929868	0.99596	1
ENSDARG00000010601	28	2.24474127308661	2.21404379882814	1.43628302773097	0.639843462118027	11.8780543325394	0.26944	0.817638735837806
ENSDARG00000010603	11	2.10961227963214	2.40511712456952	1.14283910302352	0.541729451452946	6.99679238466613	0.43187	0.947117616892911
ENSDARG00000010630	1	0	0	NA	NA	0	1	1
ENSDARG00000010641	11	17.0308244561105	10.3290796958634	21.5941364575341	1.26794428027742	56.4848545913272	0	0
ENSDARG00000010654	4	1.63553973685221	1.76798025160045	1.05575183069227	0.645506683148027	3.27107947370442	0.5402	1
ENSDARG00000010658	7	1.9693976091609	2.31320999076326	1.63590247670343	0.830661349995463	5.21053630644491	0.84877	1
ENSDARG00000010680	2	0.59850068016522	0.59850068016522	0.131591140234903	0.219867987783366	0.846407778979176	0.92092	1
ENSDARG00000010681	13	2.02289659394615	1.76928232284804	1.6047325135905	0.793284500252224	7.29365739443431	0.42417	0.942620580786026
ENSDARG00000010710	5	2.6053272948081	2.26057270858876	1.14757288726624	0.440471678761101	5.82568893482655	0.32927	0.873554268610099
ENSDARG00000010721	1	4.93422555847121	4.93422555847121	NA	NA	4.93422555847121	0.04462	0.36168683081811
ENSDARG00000010727	8	1.34975518105973	1.46967906921654	0.920373994993509	0.68188217234395	3.81768416587604	0.88089	1
ENSDARG00000010728	7	1.41939697975361	1.35165069132102	0.67159213847118	0.473153140418658	3.75537142010424	0.74715	1
ENSDARG00000010729	5	1.36555894115513	1.12903435013942	0.641731095815507	0.469940239469022	3.05348261970551	0.70492	1
ENSDARG00000010732	6	6.1641974453594	4.28727651139205	5.6843468945199	0.922155227003518	15.0991384148981	0.00037	0.0130759027777778
ENSDARG00000010764	8	20.9764944046798	22.0545167623276	10.3749556181602	0.494599117374232	59.3304857562831	3e-05	0.00169633333333333
ENSDARG00000010767	34	1.79729874858523	1.46258844270686	1.38926571839878	0.772974286824807	10.4799625436661	0.70657	1
ENSDARG00000010773	35	4.75023078196089	4.16369629528336	3.9465204167918	0.830806038262142	28.1027442942163	0	0
ENSDARG00000010784	17	2.05828257025999	2.13679839486185	1.54231689061942	0.749322232478799	8.48651644454975	0.93645	1
ENSDARG00000010792	2	1.12300493212627	1.12300493212627	0.233236702939847	0.207689829552433	1.58816880562485	0.73427	1
ENSDARG00000010794	4	1.27020067370463	1.33906358575523	0.640421093479226	0.50418891025415	2.54040134740927	0.74609	1
ENSDARG00000010816	36	2.68086693990722	2.26168465926791	1.94652632226662	0.726080915576508	16.0852016394433	0.57807	1
ENSDARG00000010823	6	0.778816625542614	0.646678249247626	0.671113963900477	0.861709858123408	1.90770333577564	0.99205	1
ENSDARG00000010831	5	1.9096639809826	1.41612895920064	1.72634989737556	0.904007152340635	4.27013847565997	0.81825	1
ENSDARG00000010862	2	1.7311416132086	1.7311416132086	1.63911910689044	0.946842877777279	2.44820394778805	0.44655	0.957164650673401
ENSDARG00000010878	3	1.58221072290289	1.76928232284804	0.505680649077956	0.319603856653291	2.74046936034809	0.63532	1
ENSDARG00000010905	13	1.40625932965842	1.78493868961357	0.900094997950934	0.64006330764722	5.07034011968307	0.85133	1
ENSDARG00000010936	15	2.04728814503345	1.55344573403387	1.87271749759255	0.914730787718184	7.92911289060244	0.41524	0.93900040247678
ENSDARG00000010941	15	3.4885689253603	3.6280439073728	2.6793864272203	0.768047438519098	13.5111693500171	0.00637	0.111001094017094
ENSDARG00000010945	12	1.51934878189508	1.78128588714799	0.947705266847148	0.62375754543014	5.26317856932032	0.8732	1
ENSDARG00000010946	19	2.33589885361486	2.05321565733753	1.73538190894942	0.742918258752462	10.1819470452397	0.77712	1
ENSDARG00000010953	11	3.32127218019302	3.28002182404942	2.86767904459941	0.863427894197083	11.0154136483459	0.20384	0.729894702778755
ENSDARG00000010956	18	2.22771951349116	2.01988695219336	1.59413890777882	0.715592289839295	9.45141344742718	0.50851	0.992872293824319
ENSDARG00000010962	6	1.68992550256498	1.08612743914641	1.45098419036862	0.858608375438033	4.13945518460063	0.56022	1
ENSDARG00000010965	1	1.71916919587849	1.71916919587849	NA	NA	1.71916919587849	0.74818	1
ENSDARG00000010981	9	2.54364933801753	1.96770110303155	2.09262933759497	0.822687823481959	7.63094801405259	0.2021	0.727431881188119
ENSDARG00000011000	13	1.72754659054156	1.29091085276296	1.06988561239838	0.619309266827351	6.22875781295057	0.92819	1
ENSDARG00000011027	11	1.96954892094756	1.00415155442692	1.93662566508142	0.983283859813799	6.53225477703242	0.45193	0.959297704166667
ENSDARG00000011042	8	2.48373447570984	2.2949645225911	1.46653426316456	0.590455331480402	7.02506196176497	0.39796	0.927282350251486
ENSDARG00000011049	4	2.27204507648128	1.75567051258181	2.35687515130751	1.03733644006641	4.54409015296257	0.27298	0.821909592198582
ENSDARG00000011055	7	2.97462070964792	3.37304179185603	1.67592353296695	0.563407471591668	7.87010664247086	0.3329	0.876265063291139
ENSDARG00000011065	21	3.38578614439803	2.36677327783223	3.07581778968598	0.908450108337496	15.5156212936366	0.9687	1
ENSDARG00000011066	17	2.7359471311932	2.2593719040677	2.62747413001654	0.960352669121443	11.2805990080152	0.06156	0.425650597826087
ENSDARG00000011079	20	2.02475914032249	2.29637502502087	1.21162120186698	0.598402633546825	9.05499815165025	0.41587	0.93900040247678
ENSDARG00000011088	34	2.91046428381715	1.82142467237078	3.02356688685494	1.03886067376489	16.9707772306032	0.08433	0.494988892733564
ENSDARG00000011091	5	1.39869480197258	1.36136752067181	0.703470957011828	0.502948145671039	3.12757665698629	0.77269	1
ENSDARG00000011094	12	0.982277471905592	1.05555741436821	0.735966530728595	0.74924504712588	3.40270897694159	0.98276	1
ENSDARG00000011122	38	2.85115067813893	2.10531510989679	2.68671069468608	0.942325046265114	17.5756731648941	0.0716	0.458907304785894
ENSDARG00000011141	12	3.50304048718024	3.63124373973019	1.22689439383022	0.350237000776946	12.134888209534	0.60018	1
ENSDARG00000011146	4	4.92151481725119	4.92071532844459	2.68202757127453	0.544959767645792	9.84302963450239	0.59093	1
ENSDARG00000011152	6	2.10987270994171	1.26770511941101	1.6780926132245	0.795352537296368	5.16811156158037	0.40924	0.934959533108866
ENSDARG00000011157	4	1.35421349129495	1.17531791600654	1.59076561597272	1.17467860584639	2.70842698258989	0.69578	1
ENSDARG00000011163	14	1.88201395700939	2.13704793666903	0.920432437478664	0.489067806352124	7.04185142425585	0.84827	1
ENSDARG00000011166	8	3.0963845809262	2.69106345031186	2.13045532105818	0.688046095495318	8.75789813733752	0.46524	0.968863311555737
ENSDARG00000011170	2	11.880098641346	11.880098641346	4.38943390075347	0.369477900248829	16.8009966209217	0.00159	0.0396642647058824
ENSDARG00000011171	16	1.59360270468128	1.74785651147925	0.944893567029085	0.592929193865834	6.37441081872513	0.93792	1
ENSDARG00000011175	5	3.91445033821712	5.10333800193376	2.64448704370012	0.675570467169237	8.75297705080053	0.76728	1
ENSDARG00000011188	20	2.00859662150819	1.71889340218747	1.26564127663355	0.630112220184472	8.98271717013746	0.8582	1
ENSDARG00000011196	8	2.41267391786242	1.87750859682084	2.11624564798138	0.877137035516315	6.82407235244973	0.25639	0.799584178921569
ENSDARG00000011219	9	1.84611973331001	1.32708125636091	1.38045468208886	0.747760103085927	5.53835919993004	0.90252	1
ENSDARG00000011222	3	1.32502121659481	1.34014603996889	0.269953993711913	0.203735600857526	2.29500406824893	0.72383	1
ENSDARG00000011233	7	2.93505290303752	1.96770110303155	3.16452555515395	1.07818348074031	7.76542006625545	0.11137	0.567715282924387
ENSDARG00000011235	2	1.15499295528356	1.15499295528356	1.29935959352721	1.1249935227598	1.63340670180739	0.92003	1
ENSDARG00000011240	7	1.61990862092392	1.72846740774764	0.789733557004895	0.487517349314721	4.2858753576143	0.74544	1
ENSDARG00000011246	2	0	0	0	0	0	1	1
ENSDARG00000011247	13	1.90942028573037	1.83056614575414	1.47227043843707	0.771056246463787	6.88451274661196	0.55923	1
ENSDARG00000011298	2	2.88132095953981	2.88132095953981	3.35998653978679	1.16612712952445	4.07480317853106	0.18907	0.710655923190546
ENSDARG00000011299	2	5.99600384403171	5.99600384403171	2.05621996600101	0.342931729112837	8.47962995627086	0.01861	0.22153518128655
ENSDARG00000011301	11	1.97550637825358	2.06072927298383	1.76572355414912	0.893808075532556	6.55201342762102	0.69747	1
ENSDARG00000011317	6	1.98743781239618	1.89691701412028	1.11478467392754	0.56091549983317	4.86820853588387	0.46596	0.968863311555737
ENSDARG00000011326	4	2.26464470105049	2.09967151460726	0.841460524229726	0.371564035559045	4.52928940210098	0.2777	0.825739895165987
ENSDARG00000011334	6	1.45996900459857	1.34850777002855	0.617889460164979	0.42322094388221	3.57617910154557	0.88652	1
ENSDARG00000011360	7	3.79295836078346	2.72552311957667	3.62172698650472	0.954855456350602	10.0352245558562	0.02063	0.23656972972973
ENSDARG00000011370	8	2.8334607961969	3.09971457395743	1.26175550185369	0.445305438334362	8.01423737286825	0.78516	1
ENSDARG00000011373	16	1.91036315827474	1.74226785441621	1.35609255836703	0.709861134252467	7.64145263309894	0.52257	1
ENSDARG00000011376	1	4.09886970767191	4.09886970767191	NA	NA	4.09886970767191	0.16143	0.664781504854369
ENSDARG00000011404	3	3.41190656860382	0.929099184728405	4.85964067382663	1.42431821508384	5.9095955274998	0.08574	0.499520160274757
ENSDARG00000011407	19	1.85727326041213	0.929099184728405	1.66786605684184	0.898018666607916	8.09566645267679	0.58417	1
ENSDARG00000011410	5	0.9014656599484	0.450977621636113	0.739670300493564	0.820519664094474	2.01573849502633	0.95562	1
ENSDARG00000011418	8	2.91235545193556	1.64159403880557	3.5009789763369	1.20211252854116	8.237385157157	0.40257	0.930962514181983
ENSDARG00000011445	3	1.77612579311798	2.09967151460726	0.56039762819096	0.315516857174392	3.07634011431391	0.43762	0.951410397266126
ENSDARG00000011449	3	1.57152557792568	1.28063326167805	1.05591390409199	0.671903734131857	2.72196214636133	0.55596	1
ENSDARG00000011473	7	2.89769456814116	2.74374837577984	2.54826251869736	0.879410323887946	7.66657920272423	0.11512	0.577687860304968
ENSDARG00000011487	6	1.70985810107846	1.25606615646502	1.09647992925139	0.641269546613142	4.18827988020642	0.77156	1
ENSDARG00000011488	13	5.26893751890409	3.09997636869016	4.79511912510619	0.910073256306814	18.9974243916247	0.00023	0.00921629921259843
ENSDARG00000011490	6	1.56658908246226	1.18124494112604	1.12101940023578	0.715579734842677	3.83734388864742	0.71807	1
ENSDARG00000011493	10	2.71246334451924	2.04337123832393	2.83120125518893	1.04377493650176	8.5775622383988	0.13801	0.618657472479084
ENSDARG00000011498	3	5.76288551935142	4.10553840094261	3.38882809610788	0.588043625841325	9.98161051771961	0.01222	0.169448446866485
ENSDARG00000011533	16	1.79002235273207	1.85596301439741	1.22608263093307	0.684953810248085	7.16008941092827	0.96017	1
ENSDARG00000011537	14	1.8532720288077	1.74022086536416	0.977531721385479	0.52746262080822	6.93430897628988	0.50508	0.991594935440355
ENSDARG00000011545	19	2.91422934452207	2.73533727820055	1.88034056630243	0.645227380554978	12.7028312110725	0.46788	0.969718224394217
ENSDARG00000011549	3	0.475331172595706	0.559985277566009	0.439166604091155	0.92391711171169	0.823297741357053	0.97672	1
ENSDARG00000011553	6	4.64847879600702	4.77490289293989	1.54025637233907	0.331346326385768	11.3864011303643	0.04392	0.359377413654618
ENSDARG00000011555	13	2.06907711974895	2.12664862755447	1.69570191565822	0.819545051981418	7.4601636481442	0.88595	1
ENSDARG00000011564	8	5.52730014740056	5.10551038100291	4.67853636218115	0.846441524327464	15.6335656635213	0.0031	0.0655962577962578
ENSDARG00000011570	22	2.15810973331468	1.9869366581248	1.4779426548894	0.684832023170298	10.1224319045675	0.3549	0.894152415841584
ENSDARG00000011573	3	1.38963042885062	1.76196513349038	1.24591260760224	0.896578386407925	2.406910506513	0.63029	1
ENSDARG00000011583	12	2.2715764220537	1.32415420392804	2.56169480621446	1.12771676151598	7.86897155254506	0.3171	0.859303935037274
ENSDARG00000011597	5	1.91817881831766	1.44388549239389	1.67740731134641	0.87447911285851	4.2891782307585	0.58922	1
ENSDARG00000011600	12	1.68719627126112	1.62265100677425	0.929386098074002	0.550846462800276	5.84461932833004	0.93875	1
ENSDARG00000011602	1	4.20935725530035	4.20935725530035	NA	NA	4.20935725530035	0.07865	0.479315622009569
ENSDARG00000011605	14	2.07566634761032	2.15619243671503	0.906781379313234	0.436862784019791	7.76643232201423	0.46464	0.968863311555737
ENSDARG00000011611	11	2.95495944818485	3.08272810520385	2.38952315480538	0.808648374607372	9.8004917603448	0.89486	1
ENSDARG00000011613	14	3.63932207358807	1.3952234747976	4.25958320676269	1.17043315228297	13.6170963194903	0.16803	0.671987952848723
ENSDARG00000011648	1	1.41348330433862	1.41348330433862	NA	NA	1.41348330433862	0.6969	1
ENSDARG00000011661	1	3.71311240585715	3.71311240585715	NA	NA	3.71311240585715	0.07395	0.466334014869889
ENSDARG00000011683	8	1.83106179964983	1.45990047629385	1.72018137890039	0.939444741422357	5.17902486121615	0.65371	1
ENSDARG00000011723	3	0.966008855110541	1.10092782285774	0.906114406928719	0.937998034008737	1.6731764176129	0.8583	1
ENSDARG00000011743	26	1.30438540696956	1.08612743914641	1.03255783820753	0.791604868231732	6.65108664338343	0.98527	1
ENSDARG00000011764	10	1.47214528850166	1.26184632506316	1.07805694495803	0.732303362567746	4.65533215835095	0.8452	1
ENSDARG00000011769	17	1.30820277773847	1.08612743914641	1.19605269215582	0.91427163472583	5.39385823234214	0.94559	1
ENSDARG00000011770	9	2.15154238713827	1.74446101063095	1.32541163795306	0.616028596915521	6.45462716141479	0.35551	0.894999396487757
ENSDARG00000011777	6	3.9631133892455	4.29348607891703	2.90367437288541	0.732675068234224	9.70760559644352	0.0743	0.466994283950617
ENSDARG00000011797	3	0.709957527254116	0.50545169256105	0.831295846035582	1.17090926446088	1.22968250842009	0.92793	1
ENSDARG00000011801	10	1.9494466316832	1.64463602829552	0.836734565333282	0.429216451342823	6.16469153306228	0.46495	0.968863311555737
ENSDARG00000011809	5	1.75890218739884	1.4651107546477	0.635688649132876	0.361412165887956	3.93302485679687	0.69481	1
ENSDARG00000011818	5	3.71885864236629	1.12903435013942	4.41339560836175	1.18676078678633	8.3156207230436	0.04439	0.361685408
ENSDARG00000011819	17	2.61205276675471	1.98229022041768	1.94811836750343	0.745818917710391	10.7697694570165	0.13856	0.619396337285902
ENSDARG00000011825	2	0.922035698126165	0.922035698126165	0.51512767539662	0.558685175035525	1.30395538928217	0.90218	1
ENSDARG00000011862	8	2.94005609004216	2.93938892047403	1.69094233154634	0.57513948025464	8.31573439335048	0.16982	0.676753312451057
ENSDARG00000011870	9	1.78570351977664	1.87878825269252	0.666025544457631	0.372976553543973	5.35711055932991	0.54175	1
ENSDARG00000011876	4	2.07092874757436	2.47301574784294	0.999933332204877	0.482842943474556	4.14185749514871	0.34839	0.888143786893447
ENSDARG00000011885	3	3.7334280678597	3.39897601551908	0.854614736793119	0.228908853005718	6.46648709993671	0.08377	0.494150127020785
ENSDARG00000011886	3	1.59215092179649	1.12903435013942	0.873417125552429	0.54857684255643	2.75768628986915	0.52674	1
ENSDARG00000011897	11	1.8828542524933	1.83056614575414	1.39557148388551	0.741199953229236	6.24472109044538	0.5447	1
ENSDARG00000011909	9	1.64697523974908	0.982080478597003	1.84449204279696	1.11992700210719	4.94092571924723	0.62633	1
ENSDARG00000011925	3	1.10623474507448	1.42803072409001	0.713033049216858	0.644558537319178	1.916054783567	0.84786	1
ENSDARG00000011932	10	1.55713162890717	1.20593222055113	1.80965868480405	1.16217450805627	4.92408256403474	0.87361	1
ENSDARG00000011934	12	4.27411318858168	4.41009343932943	1.89506371093038	0.443381732611353	14.8059623998474	0.00225	0.0522842465753425
ENSDARG00000011941	16	1.72560449178693	1.59903407073781	1.02527898789529	0.594156420416811	6.90241796714772	0.96612	1
ENSDARG00000011948	20	3.85369291644696	2.16451620071	4.51295479760204	1.17107275941512	17.2342386511697	0.00067	0.0209179754601227
ENSDARG00000011958	9	3.02858785109526	1.74648358011313	2.37514963619454	0.784243268801197	9.08576355328579	0.14118	0.625023940843845
ENSDARG00000011961	7	2.57497919371632	2.07406042122349	2.45290718467646	0.952593011493937	6.812754577739	0.68735	1
ENSDARG00000011973	4	1.17304562378141	1.33647837582918	0.845806386573119	0.721034518543782	2.34609124756282	0.81006	1
ENSDARG00000011999	3	4.32253244239618	2.44566415994445	4.96259587425289	1.14807602727948	7.48684580759498	0.04058	0.34766265993266
ENSDARG00000012002	13	2.53968196502551	1.94502362985125	2.63501152216357	1.03753602161643	9.15695354827061	0.13465	0.613184653243848
ENSDARG00000012005	16	3.46427019823326	3.05778735273625	2.72262599081668	0.785916177151881	13.8570807929331	0.00613	0.107921896551724
ENSDARG00000012019	47	1.98679963096724	1.56520343602406	1.26103218677858	0.63470526525348	13.6208120301157	0.80585	1
ENSDARG00000012021	11	1.35859095578124	0.990122463133154	1.00682378444138	0.741079410367797	4.50593644389668	0.96486	1
ENSDARG00000012035	6	1.86102521863607	2.22766230881238	1.07673918408622	0.578573129103191	4.55856218410988	0.53695	1
ENSDARG00000012039	8	2.99151127052406	1.91813781161968	3.13118258773067	1.04668921644482	8.46127162153418	0.07871	0.479315622009569
ENSDARG00000012051	5	0.841635775057751	0.69154966776939	0.689015324437716	0.818662115914021	1.88195480532485	0.95676	1
ENSDARG00000012057	1	1.12903435013942	1.12903435013942	NA	NA	1.12903435013942	0.77024	1
ENSDARG00000012071	3	2.28410831567088	1.6244208892013	1.59102832727581	0.696564307550583	3.95619165273253	0.29952	0.844931973392461
ENSDARG00000012078	4	0.975836616243401	1.04299421444123	0.499120596880363	0.511479676589495	1.9516732324868	0.99227	1
ENSDARG00000012135	7	3.32041931865955	3.3326671886181	2.08519083343505	0.62799021247619	8.78500376562769	0.06931	0.451884955185659
ENSDARG00000012138	9	3.02228892175643	2.92062196673967	2.20015751463003	0.727977229043804	9.0668667652693	0.43966	0.952828050234142
ENSDARG00000012140	16	2.47753669183038	2.68388787536004	1.68847950422022	0.681515438212454	9.91014676732153	0.35894	0.900230440778133
ENSDARG00000012184	10	2.7927632877649	2.86961158065697	1.58552704937429	0.56772697361086	8.83149295503735	0.11456	0.576133132411067
ENSDARG00000012192	8	2.52679704065878	2.70728229881789	1.06504378729583	0.421499538806708	7.1468612885277	0.30329	0.848745015122354
ENSDARG00000012194	7	1.95480723732851	0.907587700253051	2.16105026568245	1.10550555799854	5.17193381104045	0.50031	0.988547878905492
ENSDARG00000012196	5	1.82423724564856	1.42405447347082	1.81947433735784	0.997389096016935	4.07911848835715	0.46252	0.96866843685726
ENSDARG00000012199	21	3.28416952320155	3.25200367803084	2.2967485583544	0.699339221720635	15.0499554351381	0.00508	0.0946964102564103
ENSDARG00000012204	7	3.00054081225244	2.3398881134738	1.4364749880541	0.478738693434325	7.93868478791971	0.2096	0.739961429066944
ENSDARG00000012222	6	1.18771092240087	1.2556753593471	0.567695551760398	0.477974514718484	2.90928572181248	0.8662	1
ENSDARG00000012234	11	2.98173100772047	3.17463545854187	1.80378941332633	0.604947062178265	9.88928297837709	0.25025	0.792466169154229
ENSDARG00000012244	2	2.06147121664527	2.06147121664527	0.531509557529276	0.257830210403921	2.91536055302151	0.9054	1
ENSDARG00000012271	4	1.26252192216251	1.24034252073022	0.547921016630165	0.433989309026538	2.52504384432502	0.74793	1
ENSDARG00000012314	1	34.4659232425302	34.4659232425302	NA	NA	34.4659232425302	3e-05	0.00169633333333333
ENSDARG00000012325	4	2.4363516419939	2.84255317494223	1.43344746306797	0.588358198529519	4.8727032839878	0.22906	0.765891156373193
ENSDARG00000012340	8	5.4580727444739	4.50604528568052	3.96311089201312	0.726100782739772	15.4377609993079	0.00034	0.0124032974910394
ENSDARG00000012347	29	2.43217327731176	1.7313327961446	2.4750907867727	1.01764574500562	13.0976539378323	0.98645	1
ENSDARG00000012353	5	2.74510195166042	0.470158709820762	4.27878626797848	1.55869849037497	6.13823456908004	0.14538	0.63419784338896
ENSDARG00000012367	5	1.88786537416858	1.87041593366549	1.00484079536144	0.532262951114286	4.22139530900901	0.60088	1
ENSDARG00000012368	16	1.59882756144417	1.38679483321461	1.13041018389338	0.707024454139577	6.39531024577668	0.7583	1
ENSDARG00000012369	2	9.06133305452278	9.06133305452278	3.63786162805903	0.40147091009344	12.8146600988857	0.00495	0.0931258780036969
ENSDARG00000012388	1	19.2872176069511	19.2872176069511	NA	NA	19.2872176069511	0.00014	0.00622235807860262
ENSDARG00000012389	4	3.08313332866988	2.56150669060523	2.06041107874853	0.668284780158186	6.16626665733977	0.2505	0.792536213863848
ENSDARG00000012399	8	1.0501546403124	0.830348124915242	0.638053883126992	0.607580882504296	2.97028586983768	0.99229	1
ENSDARG00000012403	23	1.93081644824848	1.84970835136764	1.47914262602868	0.766071071836201	9.25987038824076	0.61066	1
ENSDARG00000012405	2	1.07261775906379	1.07261775906379	0.780367470400387	0.727535474595827	1.51691058211025	0.77679	1
ENSDARG00000012426	21	3.43441340737762	3.64641622458889	1.55349433843737	0.452331782510585	15.7384594070792	0.32368	0.868964178082192
ENSDARG00000012468	2	3.33187691235633	3.33187691235633	3.1685615707651	0.950983981135206	4.71198551761211	0.17064	0.677832587685113
ENSDARG00000012485	2	5.15864234657881	5.15864234657881	1.88137650086278	0.364703806634415	7.29542196996393	0.03856	0.336301353898886
ENSDARG00000012495	7	2.90323055609275	1.56030140154889	2.78420586985985	0.959002675146444	7.68122605010518	0.12476	0.597169803001876
ENSDARG00000012499	44	3.23156607365207	2.96537986929771	1.95992035101503	0.606492426998431	21.4357843030919	0.03083	0.300562969348659
ENSDARG00000012506	4	2.14807954036891	2.35251803200608	1.1059146360964	0.514838773570957	4.29615908073783	0.31112	0.853405141471302
ENSDARG00000012513	8	3.664405904068	2.79959990488577	2.83981758016439	0.774973530364579	10.364505055146	0.38949	0.922079460465116
ENSDARG00000012519	35	2.18942299193574	1.77840661513257	1.73782201695372	0.793735163718755	12.9528010992445	0.93393	1
ENSDARG00000012534	1	1.00552841836901	1.00552841836901	NA	NA	1.00552841836901	0.73256	1
ENSDARG00000012553	1	2.54960563466764	2.54960563466764	NA	NA	2.54960563466764	0.36462	0.906030849609375
ENSDARG00000012555	10	3.84659184558164	3.51354824070228	2.85482985392626	0.742171243670013	12.1639914610687	0.50539	0.991594935440355
ENSDARG00000012563	8	0.567964526082365	0.385145366133382	0.402314485588222	0.708344389680914	1.60644627146498	0.99923	1
ENSDARG00000012572	2	5.39263534980289	5.39263534980289	0	0	7.62633804862382	0.03216	0.304487888372093
ENSDARG00000012586	26	1.86630991174625	1.24034252073022	2.04871434705191	1.09773534082289	9.51635065840577	0.54859	1
ENSDARG00000012588	5	2.22499069556152	1.66314386838818	1.5843675664862	0.712078288528014	4.97523044458011	0.517	0.998957572078907
ENSDARG00000012591	3	1.17180161132414	0.990559727458038	1.27214274683422	1.08562979820167	2.02961992720449	0.86997	1
ENSDARG00000012593	11	1.75692005122311	1.76196513349038	1.46466002996075	0.833652065693654	5.82704459655906	0.57198	1
ENSDARG00000012610	11	2.13550611851109	1.95826104628529	1.60231568000816	0.750321277995364	7.08267253260952	0.31614	0.859191700934579
ENSDARG00000012625	17	3.39989511534121	3.37128698262653	2.14300585675529	0.630315284458479	14.0181266765734	0.02179	0.242381005464481
ENSDARG00000012632	2	2.50922046611161	2.50922046611161	0.144666004869141	0.0576537641163597	3.54857361415918	0.21488	0.743894095238095
ENSDARG00000012642	22	2.27878438847869	1.34619323255028	2.41140699968836	1.05819884139992	10.68844620896	0.20779	0.736637624521073
ENSDARG00000012649	8	0.988282933109551	0.963346621089107	0.966065535511376	0.977519193285803	2.79528625493078	0.97211	1
ENSDARG00000012667	4	0.748991024435192	0.571241795268156	0.797493490324225	1.06475707225678	1.49798204887038	0.99235	1
ENSDARG00000012671	1	1.29177380535467	1.29177380535467	NA	NA	1.29177380535467	0.66489	1
ENSDARG00000012682	6	4.8365272166419	5.47645994063078	2.20752502907642	0.456427707360064	11.847023807856	0.31441	0.856319234680225
ENSDARG00000012688	3	3.06674220977399	1.84460135448488	2.15801799076961	0.703684184439045	5.31175332104461	0.87101	1
ENSDARG00000012699	5	3.22247553609252	3.46873138968861	2.32393358323614	0.721164073150443	7.20567435453295	0.06889	0.450040064184852
ENSDARG00000012723	5	2.19537274433213	2.28296214035943	1.25244564727987	0.570493393667819	4.9090026922769	0.63193	1
ENSDARG00000012726	1	2.40692615306148	2.40692615306148	NA	NA	2.40692615306148	0.28849	0.835348853485064
ENSDARG00000012741	4	1.75458981811054	1.17146775915691	1.60787148789623	0.916380268083223	3.50917963622107	0.81523	1
ENSDARG00000012763	15	1.93246855906428	2.06641238603354	1.11768373151664	0.578370978546647	7.48441854632542	0.55699	1
ENSDARG00000012776	8	2.57197716537607	2.768736765539	1.83631706775664	0.713970984065145	7.27464997877749	0.31533	0.857677375734901
ENSDARG00000012777	14	2.01991516968121	1.71102669760553	1.54718751522752	0.765966580404315	7.55783051529444	0.97876	1
ENSDARG00000012790	2	2.85973545128332	2.85973545128332	0.640369050713972	0.223925975539662	4.04427666000401	0.158	0.660069557739558
ENSDARG00000012796	6	2.05472331286772	1.42163477973253	2.27168661346064	1.10559246553256	5.03302367912695	0.43402	0.948562499463174
ENSDARG00000012801	22	4.8007688357506	5.09085512276346	2.6192604793035	0.5455918768257	22.5176018064738	1e-05	0.000656645161290323
ENSDARG00000012816	7	1.49346795301051	1.74477457455977	0.845338226736702	0.566023680007785	3.9513447947105	0.76224	1
ENSDARG00000012833	9	1.80783491616755	1.6739885573645	1.40825228641054	0.778971726796774	5.42350474850265	0.66456	1
ENSDARG00000012840	10	3.29491605495854	2.57310582060509	3.3088360592015	1.00422469161908	10.4194394327255	0.11018	0.564858521126761
ENSDARG00000012848	6	4.12740294377686	3.5676481151997	2.7173330797691	0.658363895356085	10.1100311751145	0.17438	0.684209575944487
ENSDARG00000012866	12	2.55739805317836	2.74155604880235	1.43249752668046	0.560138663162011	8.85908672656531	0.51973	1
ENSDARG00000012871	9	3.44099896329431	2.90362247727005	2.72315154421844	0.791384006001379	10.3229968898829	0.15515	0.653337484484899
ENSDARG00000012887	1	0.887504528734443	0.887504528734443	NA	NA	0.887504528734443	0.80266	1
ENSDARG00000012896	8	2.51560079556767	2.57466667359378	1.24276884311533	0.494024666117539	7.11519352521668	0.59709	1
ENSDARG00000012899	10	2.83716235890967	2.30153466060573	2.2129651835848	0.779992437385659	8.97189514585067	0.08942	0.510951556550952
ENSDARG00000012914	53	1.84455469302916	1.46258844270686	1.35140296778145	0.732644563421509	13.4285608620404	0.99339	1
ENSDARG00000012927	3	2.43436919682811	1.44343139942018	2.28389940187452	0.938189410566956	4.21645113328693	0.48056	0.97776206662677
ENSDARG00000012929	11	2.01808238798371	1.95553720808304	0.92300976464705	0.457369714013132	6.69322207696641	0.48325	0.97850301489573
ENSDARG00000012932	5	1.5273305939731	0.586213345141312	2.23917211569452	1.46606905180213	3.41521503223897	0.88901	1
ENSDARG00000012942	13	4.25822313732267	1.82191844882069	4.99061731910035	1.17199525674415	15.353241863984	0.0016	0.0398161369193154
ENSDARG00000012946	18	3.25723670757187	3.14782773723431	2.12710192284966	0.653038791410196	13.8192849831229	0.19427	0.720243612527312
ENSDARG00000012949	22	1.08665922977655	0.84981816355305	0.904539706125298	0.832404199347115	5.0968835769015	0.99888	1
ENSDARG00000012986	2	2.19609022977662	2.19609022977662	0.136356654659104	0.0620906430939194	3.10574058714515	0.31642	0.859303935037274
ENSDARG00000013004	6	1.26703676529182	1.1743091632228	1.32645699894701	1.04689700826598	3.10359356031149	0.8966	1
ENSDARG00000013005	6	1.88175752338179	1.61684035957122	1.2360794467261	0.656874985946483	4.60934575192876	0.68963	1
ENSDARG00000013006	6	2.73357753328913	1.82530940142088	2.708600941834	0.990863038947693	6.69587012889426	0.16275	0.66518023246493
ENSDARG00000013009	1	1.08733280567666	1.08733280567666	NA	NA	1.08733280567666	0.68187	1
ENSDARG00000013016	1	2.81040338852566	2.81040338852566	NA	NA	2.81040338852566	0.33599	0.87932790434559
ENSDARG00000013020	14	1.80044568670712	1.70334047331358	1.59308744069567	0.884829491085236	6.73665090315298	0.96158	1
ENSDARG00000013022	13	3.36718590471446	3.17964686784153	2.46865851118409	0.733151830948116	12.1405614334676	0.01719	0.21321795620438
ENSDARG00000013023	3	1.61633222720673	1.54184275175628	0.371295759077634	0.229715000931021	2.79956953943302	0.51868	1
ENSDARG00000013024	23	1.74368675767686	1.16491723718223	1.49770831868241	0.85893197966235	8.36242791924963	0.69007	1
ENSDARG00000013025	15	2.13014177673447	2.06808100488002	0.890596114736844	0.418092412657216	8.25000362635329	0.36018	0.901823380073801
ENSDARG00000013044	3	3.46296778181346	3.18561503691295	1.27887601686925	0.369300581883999	5.99803614307501	0.51116	0.994836252390057
ENSDARG00000013050	1	5.25719022651858	5.25719022651858	NA	NA	5.25719022651858	0.10771	0.562872659137577
ENSDARG00000013057	2	1.96470169874445	1.96470169874445	0.967418861290664	0.492399870122217	2.77850778838186	0.39531	0.926020013805798
ENSDARG00000013063	19	5.87052875560788	3.15572737400604	11.9849378359716	2.04154316159729	25.5890415908443	6e-05	0.00306874371859297
ENSDARG00000013076	5	1.88309202946952	2.27849007207916	1.5160984256503	0.805111169249329	4.21072178578189	0.65326	1
ENSDARG00000013078	3	3.77427104349454	1.18350424452053	5.54395622513761	1.46888131807422	6.53722920886855	0.53697	1
ENSDARG00000013079	20	2.51290547666897	1.94430688052243	2.01017661185013	0.799941195764658	11.2380549337266	0.15824	0.660069557739558
ENSDARG00000013087	2	0.809559670656993	0.809559670656993	0.9809626399549	1.21172370056281	1.14489026579342	0.96933	1
ENSDARG00000013095	11	0.875490845708694	0.751722452661894	0.73414056212831	0.838547388275701	2.90367464260667	0.99984	1
ENSDARG00000013110	12	3.26237421809693	2.77064170535776	1.99162988894979	0.610484805177127	11.3011957980934	0.16479	0.666990715421304
ENSDARG00000013117	13	2.18747316775593	1.58444188380797	1.78228412117597	0.814768449481997	7.88704667004566	0.5882	1
ENSDARG00000013161	13	2.28155357505734	2.21199217785494	1.5178878569686	0.665286966548857	8.22625840258742	0.4898	0.982495940086717
ENSDARG00000013168	14	2.49781895592435	2.17321139106891	1.93423854600468	0.774370993308795	9.34598274725833	0.14518	0.633855463121784
ENSDARG00000013174	6	2.41519825406353	2.49244751182219	1.0752625841887	0.445206757821884	5.91600335011645	0.22779	0.763802430029634
ENSDARG00000013207	17	2.06045593011052	1.69833531600043	1.51938913714845	0.737404336071848	8.49547743677594	0.80672	1
ENSDARG00000013221	16	1.213832595563	1.03332118314592	1.24883941796952	1.02883990966669	4.85533038225198	0.96634	1
ENSDARG00000013222	3	1.71060433858654	2.3803428662894	1.49300343853375	0.872792968458979	2.96285362607964	0.50185	0.989221185127808
ENSDARG00000013236	7	1.63959151709881	1.38555567604735	1.27024644569153	0.774733482361007	4.33795140597456	0.63186	1
ENSDARG00000013245	5	2.60472720804979	2.44844751583087	1.11086467643803	0.426480236780633	5.82434710004257	0.19094	0.713955664952241
ENSDARG00000013250	11	1.12855000806844	1.06368005924607	0.6195967688997	0.549020215736974	3.74297693391558	0.9924	1
ENSDARG00000013292	10	4.23549478721992	1.76605680850787	5.63957040329937	1.33150214712011	13.3938105453852	0.05916	0.4178559888966
ENSDARG00000013295	17	3.5223369696277	3.53587254324373	2.49777139454915	0.709123350800011	14.522967374793	0.28619	0.83366966800229
ENSDARG00000013310	2	2.29842749560498	2.29842749560498	2.54620979457407	1.1078051404462	3.25046733641579	0.2753	0.824118647058824
ENSDARG00000013312	15	2.34148737259825	2.15432332282336	1.45592555625658	0.621795177413664	9.06854159942797	0.3007	0.846384015486726
ENSDARG00000013333	3	3.63545124410731	3.88538313653115	2.04741495146969	0.56318041805356	6.29678626323335	0.21479	0.743894095238095
ENSDARG00000013335	5	2.70154309755433	2.6823674146269	1.02184234943749	0.378243956338342	6.04083401027682	0.16291	0.66518023246493
ENSDARG00000013343	47	1.84568666488177	1.87878825269252	1.14491545325104	0.620319513076389	12.6533902749956	0.78842	1
ENSDARG00000013346	20	2.05897082931015	1.84124341315352	1.60073881107112	0.777446085337421	9.20799747605321	0.70921	1
ENSDARG00000013360	1	1.19500419975371	1.19500419975371	NA	NA	1.19500419975371	0.69329	1
ENSDARG00000013389	1	0.258512272958352	0.258512272958352	NA	NA	0.258512272958352	0.92566	1
ENSDARG00000013409	2	1.54923791041543	1.54923791041543	1.21295434503798	0.782936137105451	2.19095326425206	0.51947	1
ENSDARG00000013414	10	2.51047230884609	2.16520951463825	1.67211556060205	0.666056165889605	7.93881049873533	0.70088	1
ENSDARG00000013415	19	1.85550274168886	1.66971573311489	1.07278459053332	0.578163840144411	8.08794894048441	0.71249	1
ENSDARG00000013443	1	18.5558237923194	18.5558237923194	NA	NA	18.5558237923194	0.00038	0.0132908591065292
ENSDARG00000013461	1	0	0	NA	NA	0	1	1
ENSDARG00000013472	3	1.81399210839746	2.26038658306408	1.11838959927148	0.616534986064245	3.14192649627339	0.44689	0.957164650673401
ENSDARG00000013477	1	0	0	NA	NA	0	1	1
ENSDARG00000013491	11	2.33498928829914	1.44343139942018	2.25916962132336	0.967528901586093	7.74428335878725	0.27315	0.821909592198582
ENSDARG00000013492	3	1.22900815110116	0.69154966776939	1.56839520327996	1.27614711251078	2.12870456062349	0.72652	1
ENSDARG00000013500	31	2.55890740998606	1.87636397003357	2.55869312757894	0.999916260195158	14.2473934851021	0.51649	0.998816531813865
ENSDARG00000013533	3	1.16186519749072	1.08612743914641	0.429722055255845	0.36985534654443	2.01240955359998	0.7514	1
ENSDARG00000013539	4	1.52420720297969	1.30857931488312	0.576370662996051	0.378144560575031	3.04841440595937	0.59288	1
ENSDARG00000013542	6	1.41697323278009	0.987434158931358	1.36299828416649	0.96190827930624	3.47086139949315	0.93558	1
ENSDARG00000013561	9	3.09831198859184	3.66974108614117	1.97455941223497	0.637301672493088	9.29493596577552	0.46169	0.968575948116121
ENSDARG00000013575	12	1.08905542882844	0.91922311579662	0.700751639368576	0.643449011702202	3.77259866997913	0.97982	1
ENSDARG00000013576	4	2.17170839624447	1.96586147510956	1.00083449011657	0.460851232074856	4.34341679248894	0.43151	0.947117616892911
ENSDARG00000013582	8	2.3381746855327	2.56576299816546	1.02169222979765	0.436961462340391	6.61335670295558	0.50529	0.991594935440355
ENSDARG00000013596	1	0.411040278885237	0.411040278885237	NA	NA	0.411040278885237	1	1
ENSDARG00000013607	5	1.40933444847207	1.05499111948369	1.16191123454405	0.824439674914454	3.15136762981572	0.78315	1
ENSDARG00000013613	6	2.01348232146002	1.93350537697336	1.10712354056497	0.549855108617082	4.93200429369158	0.60653	1
ENSDARG00000013615	11	2.85344002920081	2.45526650126744	2.04391819978664	0.716299686998887	9.46378993863985	0.80539	1
ENSDARG00000013628	1	3.1183238582193	3.1183238582193	NA	NA	3.1183238582193	0.14785	0.637364379500212
ENSDARG00000013647	2	2.17391643640117	2.17391643640117	0.777104055313686	0.357467307529148	3.07438210782432	0.28835	0.835348853485064
ENSDARG00000013653	4	1.11598383011985	1.00196690153777	0.695876096751635	0.623553924322453	2.2319676602397	0.8318	1
ENSDARG00000013655	10	2.09399399989065	1.6637535734165	1.54031896845209	0.735589007672673	6.62179044638083	0.93229	1
ENSDARG00000013659	13	2.29886829671812	2.08168022570785	1.68426271254464	0.732648631915587	8.28868751935574	0.58267	1
ENSDARG00000013669	12	7.64911937671292	7.63204318444078	4.02833596547859	0.526640488543362	26.4973267872527	0.00025	0.00978653846153846
ENSDARG00000013670	7	1.17013998115638	1.43956230368816	0.880830872320258	0.752756838074861	3.0958993892736	0.92952	1
ENSDARG00000013681	7	2.39938720380868	2.05705250671288	1.77410053518951	0.739397347945086	6.34818184022841	0.69117	1
ENSDARG00000013704	8	2.06413348418731	1.90745910784613	1.10379010895742	0.534747446041264	5.83825113577226	0.42518	0.943239716652136
ENSDARG00000013705	9	1.29168036382222	0.700030380377252	1.59157821645661	1.23217652062694	3.87504109146667	0.89001	1
ENSDARG00000013711	5	1.2045613825243	0.795861810691008	1.04476053676627	0.867336901152227	2.69348113439547	0.82579	1
ENSDARG00000013719	2	0	0	0	0	0	1	1
ENSDARG00000013726	10	1.6522025181803	1.36496178302529	1.33733218911454	0.809423889867603	5.22472311331549	0.75204	1
ENSDARG00000013729	4	1.38266280201862	1.44503029833657	0.574232319938726	0.415309010338873	2.76532560403724	0.97357	1
ENSDARG00000013730	34	3.5880201641843	3.45463171864287	2.03983663043937	0.568513145717814	20.9215729750936	0.22456	0.758223903247184
ENSDARG00000013741	6	1.85197828664514	2.0003395833442	1.22729584737904	0.662694512257097	4.53640181699445	0.94607	1
ENSDARG00000013763	21	2.00398264906869	1.80088231997924	1.27967262570544	0.63856472325254	9.18340218073542	0.51371	0.997021048417842
ENSDARG00000013771	6	1.61239716976158	1.57516831851655	0.704066492785638	0.436658229119656	3.94955032862362	0.60786	1
ENSDARG00000013776	11	2.44458375510951	1.57688171484497	2.10861673730903	0.86256677968253	8.10776708429628	0.43223	0.947412755058115
ENSDARG00000013777	4	1.21095710872485	1.20483380590874	0.584372016696366	0.482570367262401	2.4219142174497	0.75773	1
ENSDARG00000013784	9	1.63297637637609	1.23241785660833	1.37833384898219	0.844062332390252	4.89892912912827	0.62534	1
ENSDARG00000013795	6	1.60795277429816	1.33611289036229	1.55727443891894	0.968482696638066	3.9386638275231	0.62406	1
ENSDARG00000013800	1	3.61717987963484	3.61717987963484	NA	NA	3.61717987963484	0.17573	0.686858655913979
ENSDARG00000013813	5	6.34791208161433	7.14901705242988	2.65355090839868	0.418019480150685	14.1943629296818	0.0737	0.466038608695652
ENSDARG00000013828	8	3.35113809074363	2.34144586693562	2.84286255747568	0.848327487705778	9.47844987462945	0.03404	0.316679872146119
ENSDARG00000013830	11	1.72087898412634	1.84112309115535	1.18071754094555	0.686113057243815	5.70750989995502	0.71862	1
ENSDARG00000013838	18	3.31484307864906	3.39386376262371	2.12463433510681	0.640945675163811	14.0636881168923	0.55173	1
ENSDARG00000013839	1	2.18641395806165	2.18641395806165	NA	NA	2.18641395806165	0.40285	0.930962514181983
ENSDARG00000013842	6	3.21895979746569	2.71910831379502	1.94882790042327	0.60542163401904	7.88480900632362	0.06801	0.448319805699482
ENSDARG00000013845	27	2.24659277343892	1.53479993668396	1.89882142345908	0.845200539193627	11.6736384825399	0.2964	0.844793951274153
ENSDARG00000013853	7	1.52889537156777	1.34014603996889	1.02117029651188	0.667913786320605	4.04507693380601	0.82171	1
ENSDARG00000013861	4	2.88706133297371	3.39235625271866	1.15041168136646	0.398471507420842	5.77412266594743	0.23719	0.776137743589744
ENSDARG00000013863	8	6.87670626839681	4.41930926747348	8.66841932787952	1.26054814464257	19.4502625384457	9e-05	0.00438287081339713
ENSDARG00000013880	18	1.75928847489675	1.9308443020817	1.04498947449098	0.593984152912902	7.464028863977	0.88856	1
ENSDARG00000013881	7	1.85159701717458	1.58288244301902	1.21768925966129	0.657642698906163	4.89886523575293	0.65965	1
ENSDARG00000013921	35	2.28981898741175	1.78493868961357	1.75276851373654	0.765461603459647	13.5467518183843	0.30537	0.849307986977754
ENSDARG00000013931	7	3.94808015304823	1.77105779235982	5.30720327258489	1.3442491202939	10.4456382411154	0.19854	0.725319497487437
ENSDARG00000013938	3	2.7915017977811	3.0604566329947	2.19195862746772	0.785225583307903	4.83502294317673	0.42936	0.945493057958477
ENSDARG00000013946	8	3.71301986218012	3.18676070684424	3.22238554252432	0.867861110937412	10.5020060929116	0.02052	0.235725237020316
ENSDARG00000013950	1	1.26136120626724	1.26136120626724	NA	NA	1.26136120626724	0.63351	1
ENSDARG00000013961	14	2.80903959292377	2.72855820271469	1.18591953737698	0.422179715930107	10.5104637426037	0.07786	0.477960844390832
ENSDARG00000013965	11	2.10326087522408	2.15573542976731	1.72859105087571	0.821862409574633	6.97572715935278	0.70535	1
ENSDARG00000013966	4	1.05521029365328	0.967664516357188	0.701586931514756	0.664878778888485	2.11042058730657	0.9416	1
ENSDARG00000013968	12	10.6283201743492	9.52536721397375	6.1021551210716	0.57414107036395	36.8175810821642	0.00191	0.0457411294117647
ENSDARG00000013979	8	6.42124454514045	3.44058649905182	6.93700244777714	1.08032055141507	18.1620222461038	0.0307	0.29958255033557
ENSDARG00000013990	10	2.60116872462795	2.41428492491186	1.92087253952486	0.738465183491552	8.22561774821964	0.57778	1
ENSDARG00000014004	26	2.32543340881766	1.3529929196235	1.85301951860152	0.796849099860344	11.8574303291218	0.43162	0.947117616892911
ENSDARG00000014005	8	1.66078747766299	1.63695612252519	1.33526231251006	0.803993485300719	4.6974163502608	0.63072	1
ENSDARG00000014008	9	1.19537910235727	1.02610288183524	0.897272852243405	0.75061781695363	3.58613730707182	0.9653	1
ENSDARG00000014013	1	3.94017605585155	3.94017605585155	NA	NA	3.94017605585155	0.09353	0.521615528767123
ENSDARG00000014015	21	2.76101892557329	2.02904236379549	2.34768500837975	0.85029660124198	12.6525782216453	0.1578	0.659855546425637
ENSDARG00000014017	9	1.89507559330025	2.06978703272788	1.33730463708284	0.705673505484784	5.68522677990074	0.55168	1
ENSDARG00000014031	13	2.13429394879139	1.46258844270686	1.93806806180473	0.908060514767526	7.69530626927987	0.37581	0.910906766666667
ENSDARG00000014041	16	2.32170973095903	2.128377000173	1.24977458591142	0.538299240962901	9.28683892383611	0.20355	0.729769767605634
ENSDARG00000014047	4	0.853990263822888	0.835750022330302	0.733224076590344	0.858585990556924	1.70798052764578	0.91016	1
ENSDARG00000014053	3	2.01538081822175	2.09434962387732	0.936873571932681	0.464861808479114	3.49074197375981	0.95779	1
ENSDARG00000014058	2	2.71903979841536	2.71903979841536	1.51890806113914	0.558619282448293	3.84530295955121	0.20975	0.740234223300971
ENSDARG00000014083	9	3.89441630515142	2.51530478101072	2.98266381482786	0.765882119711362	11.6832489154543	0.02523	0.265829130434783
ENSDARG00000014085	10	2.01121810457337	1.20150113140616	2.25974226251146	1.12356897413213	6.36003008181856	0.64151	1
ENSDARG00000014091	6	1.59313201328422	1.31719514551636	1.01569084700279	0.637543429253523	3.9023605254392	0.63143	1
ENSDARG00000014106	11	2.21680102903764	1.51348207269889	1.8427417907739	0.831261699465142	7.35229724819158	0.29398	0.842718937007874
ENSDARG00000014113	10	2.24762207164831	1.75922064775596	1.63597997479294	0.727871467107096	7.10760506567482	0.81013	1
ENSDARG00000014139	6	1.38680511676866	1.49910791437055	0.752753238033004	0.542796697914531	3.39696490876406	0.96572	1
ENSDARG00000014148	1	2.40692615306148	2.40692615306148	NA	NA	2.40692615306148	0.28612	0.83366966800229
ENSDARG00000014159	1	5.8897702045727	5.8897702045727	NA	NA	5.8897702045727	0.03848	0.335891457975986
ENSDARG00000014165	1	0.913361012649303	0.913361012649303	NA	NA	0.913361012649303	0.85286	1
ENSDARG00000014169	1	20.3648923211353	20.3648923211353	NA	NA	20.3648923211353	0.00022	0.0088504347826087
ENSDARG00000014171	4	6.50046850520514	2.14660118144606	9.19097320003252	1.41389396666917	13.0009370104103	0.00264	0.0582861605206074
ENSDARG00000014181	1	2.3803428662894	2.3803428662894	NA	NA	2.3803428662894	0.32427	0.869217819331051
ENSDARG00000014201	10	3.20509693189604	3.17836952123679	1.80971786699171	0.564637483809618	10.1354064264091	0.26973	0.817664997022037
ENSDARG00000014215	14	3.48037737011655	3.25489629255301	2.19415428276849	0.630435739988452	13.0223796956575	0.41907	0.941566105960265
ENSDARG00000014218	1	1.16048162160902	1.16048162160902	NA	NA	1.16048162160902	0.73652	1
ENSDARG00000014222	7	2.58592147236583	1.34110072391551	2.26147434346331	0.874533263144417	6.84170512582197	0.48292	0.97850301489573
ENSDARG00000014230	8	1.53114615556873	1.08800027868287	1.30937644154797	0.855160976491894	4.33073531836145	0.99369	1
ENSDARG00000014233	12	4.75406924487658	4.90283366671226	1.96593936333976	0.413527709016531	16.4685789496537	0.00089	0.0258812
ENSDARG00000014239	19	1.72740821208812	1.18350424452053	1.73327130807712	1.00339415776072	7.52959783073439	0.7169	1
ENSDARG00000014244	17	2.86504094649903	2.92588813009491	1.95402118074491	0.682022078299664	11.8128664441351	0.71715	1
ENSDARG00000014273	6	4.70346189466973	1.94347835374672	5.51241536465385	1.17199107553117	11.521081666565	0.69768	1
ENSDARG00000014274	6	3.99604555270849	2.74761188896022	3.57695371100007	0.895123357283962	9.78827259305378	0.02161	0.242216289791438
ENSDARG00000014280	7	2.28160551852316	2.06072927298383	1.59452514189833	0.698861012104509	6.03656079196485	0.34057	0.883139225477707
ENSDARG00000014287	10	5.17916216128918	5.06610312701561	3.60163984520713	0.69540974641169	16.3779488010342	0.53193	1
ENSDARG00000014302	7	3.07175426367803	2.75573051450076	2.55698901608548	0.832419782506893	8.12709787039438	0.33779	0.881337089418396
ENSDARG00000014303	9	2.5047574752314	2.79667671495548	1.83188577662296	0.731362534991028	7.51427242569419	0.2752	0.824061665195646
ENSDARG00000014321	4	1.79542814452568	0.962261175792064	2.3946734143671	1.33376176689028	3.59085628905135	0.47132	0.973238985595456
ENSDARG00000014329	8	1.41060920067123	1.36198521802309	1.10550870260616	0.783710117642868	3.98980532559505	0.83943	1
ENSDARG00000014348	5	1.23832807607325	0.639688258929584	1.47720931087019	1.19290625756822	2.76898575654632	0.86748	1
ENSDARG00000014361	9	2.97173203604072	2.65915563833535	2.31198346412602	0.777991903740523	8.91519610812217	0.76683	1
ENSDARG00000014366	9	3.32662164881056	3.24652966774949	2.10980239651125	0.634217719729448	9.97986494643168	0.4533	0.959895774006623
ENSDARG00000014386	12	2.04161451826351	2.27224208040627	0.888916100049435	0.4353985985589	7.07236015020531	0.41545	0.93900040247678
ENSDARG00000014420	5	3.59814183365672	3.15690428102041	1.34012171563514	0.372448274022929	8.04568973274216	0.89672	1
ENSDARG00000014428	16	2.96296786648319	1.54923696891953	3.58538710427585	1.21006614510856	11.8518714659328	0.40355	0.93110022655188
ENSDARG00000014430	16	2.34881659426698	2.2999818507426	1.60939043432738	0.685192040219572	9.39526637706792	0.69232	1
ENSDARG00000014474	3	1.00015270361471	1.03352204776529	0.120962545539195	0.120944076941468	1.73231529798806	0.85223	1
ENSDARG00000014479	2	1.76186299403904	1.76186299403904	0.477733391272766	0.27115240679275	2.49165054121328	0.45225	0.959297704166667
ENSDARG00000014488	2	5.60559350044134	5.60559350044134	2.25371616866539	0.40204773472924	7.92750635347461	0.08447	0.495239435483871
ENSDARG00000014490	4	3.98548045940325	3.89238886841439	2.12932383383836	0.534270298280972	7.9709609188065	0.11608	0.578580920666014
ENSDARG00000014506	6	3.80196817765059	3.21934246427803	3.43945634735742	0.904651534848673	9.31288205354318	0.03269	0.307219593721145
ENSDARG00000014517	17	2.38073150131106	1.89709657428601	2.03731367769196	0.855751132191941	9.8160074461408	0.87351	1
ENSDARG00000014522	12	1.38918101950316	1.69791862691154	0.858432109819	0.617941145010762	4.81226421337961	0.96733	1
ENSDARG00000014527	2	1.91487998301103	1.91487998301103	2.06309486374565	1.07740165548212	2.70804924229096	0.64669	1
ENSDARG00000014532	6	4.05368605776002	4.31734346715459	3.11975144127315	0.769608548077121	9.92946241894634	0.03834	0.335331872852234
ENSDARG00000014536	2	1.74591135977347	1.74591135977347	0.974137881837027	0.55795380239889	2.4690915236929	0.81819	1
ENSDARG00000014545	2	2.60060032848938	2.60060032848938	0.378293309207299	0.145463839661606	3.67780425486161	0.21241	0.74246309540151
ENSDARG00000014556	4	2.90648796226069	2.98461633133727	2.31359646318419	0.796011025411113	5.81297592452137	0.20414	0.730311746924429
ENSDARG00000014571	9	3.81493074872974	1.6555163854891	4.3533482856195	1.14113428849764	11.4447922461892	0.93808	1
ENSDARG00000014582	17	1.90298558276764	1.52586854885828	1.5386722966116	0.80855699094357	7.84621056177855	0.817	1
ENSDARG00000014587	2	1.15048526926642	1.15048526926642	0.0303361807547725	0.0263681609536083	1.62703187110704	0.7036	1
ENSDARG00000014588	6	1.16056402949364	0.478189259182557	1.25157646216546	1.07842086292432	2.84278968608779	0.96118	1
ENSDARG00000014592	10	1.34654007853641	1.21106433330728	1.21249497838392	0.90045220169147	4.25813360887707	0.91502	1
ENSDARG00000014634	1	0	0	NA	NA	0	1	1
ENSDARG00000014646	9	6.29646431920249	5.5817704628783	3.37205668334062	0.535547652204869	18.8893929576075	4e-05	0.00216553191489362
ENSDARG00000014673	2	2.08386016515731	2.08386016515731	1.23173610760784	0.591083858793784	2.94702330765451	0.41969	0.941827146923582
ENSDARG00000014675	9	1.69407735460393	1.42579946951914	1.52801668770248	0.901975747181705	5.08223206381178	0.82957	1
ENSDARG00000014676	6	2.41561346683959	2.3487663046134	1.21747456683905	0.504002226992013	5.9170204095525	0.43449	0.949065738197425
ENSDARG00000014690	3	7.42114013238792	4.43882933209532	5.49249577316231	0.740114817289534	12.8537917593843	0.53955	1
ENSDARG00000014692	7	2.30809126960986	1.53924735785991	1.17800622013094	0.510381125582637	6.10663550262702	0.49143	0.984020173126107
ENSDARG00000014704	16	2.05655012532644	2.09998706698707	1.19368999806063	0.580433213545501	8.22620050130578	0.38993	0.92209606504065
ENSDARG00000014717	21	2.81996614060405	2.72668721949601	1.93083872165442	0.68470280328998	12.9227082965305	0.47499	0.976229045023218
ENSDARG00000014731	3	1.00306353040386	0.398620578350051	1.19622168417384	1.19256821518793	1.7373569978789	0.94264	1
ENSDARG00000014770	22	2.84138977206747	2.69571363906639	1.83596783243381	0.646151348358629	13.3272993667064	0.17409	0.684019737553068
ENSDARG00000014792	13	2.2914787544348	2.11021647732326	1.08034880439242	0.471463591927954	8.26204414575101	0.93257	1
ENSDARG00000014793	5	2.18634066686467	0.805998257847476	2.1498208673004	0.983296381886985	4.88880635308162	0.30826	0.849342252301029
ENSDARG00000014794	6	6.55045992917224	4.50752193122522	6.95900177654971	1.06236842172838	16.0452844070196	0.00059	0.0191853674121406
ENSDARG00000014796	5	2.45503113894799	2.99547478553409	1.12414819084587	0.457895695501273	5.48961651356643	0.22114	0.753015362997658
ENSDARG00000014804	8	3.21974204893654	2.1533941519141	2.62597961016707	0.815586953940739	9.106805745898	0.0533	0.395398979591837
ENSDARG00000014828	2	1.82491843937684	1.82491843937684	2.07045861287857	1.13454857389987	2.58082440719147	0.68465	1
ENSDARG00000014854	5	4.37248516586644	3.50215674710211	2.59748128248704	0.59405147964003	9.77717406148681	0.01284	0.175083400267738
ENSDARG00000014866	12	3.0697725021296	2.27110856276413	2.86054658681024	0.93184318539103	10.6340038827326	0.06834	0.448944707395498
ENSDARG00000014875	5	2.07545418089074	1.66154718761162	1.4441026821978	0.695800801334973	4.64085663265784	0.93408	1
ENSDARG00000014891	15	2.02089677668689	2.08195653882928	1.28779948285098	0.637241593785029	7.82689956051258	0.941	1
ENSDARG00000014907	2	4.23328049250878	4.23328049250878	4.12879419363286	0.975317889031727	5.98676268583537	0.06415	0.434970585885486
ENSDARG00000014915	2	0.551581979600489	0.551581979600489	0.0489761468313333	0.088792144491027	0.780054716311611	0.97283	1
ENSDARG00000014939	2	2.26174818493285	2.26174818493285	1.64164789952547	0.725831421226148	3.19859495780476	0.27386	0.822468893478902
ENSDARG00000014943	3	1.47375808501774	1.42579946951914	1.49831315795231	1.01666153569178	2.55262388131614	0.59414	1
ENSDARG00000014954	3	1.64662306580079	1.6244208892013	0.529039328686211	0.321287451678522	2.8520348108818	0.49735	0.986808850865254
ENSDARG00000014962	12	3.5122792471466	2.95102375455928	2.41882239121635	0.68867599100539	12.1668922128554	0.09104	0.514209278579356
ENSDARG00000014966	7	3.59928745886848	3.5550092296125	1.65282331116308	0.459208476691852	9.52281951319962	0.05273	0.392314283625731
ENSDARG00000014969	8	4.47013679375533	3.97125517382202	3.12247033798673	0.698517849017225	12.6434561587835	0.01713	0.21321795620438
ENSDARG00000014973	2	4.31521070531471	4.31521070531471	4.16628024272453	0.96548709373409	6.10262950395363	0.17916	0.692026747628084
ENSDARG00000014976	2	4.12786593618774	4.12786593618774	3.29620257608441	0.798524619510437	5.83768399061462	0.08115	0.487343056047198
ENSDARG00000014986	14	2.73368949528394	2.25665467726794	2.28979794915627	0.837621812245518	10.2285294931755	0.37442	0.909903005008347
ENSDARG00000014995	9	1.73703890739138	2.0906816859023	0.712911564491074	0.410417729538192	5.21111672217415	0.62435	1
ENSDARG00000015002	1	4.88821957752702	4.88821957752702	NA	NA	4.88821957752702	0.05671	0.407911222614841
ENSDARG00000015003	15	2.21678378149272	1.69081814517781	2.05509560358928	0.927061818453686	8.58556666786401	0.6682	1
ENSDARG00000015006	15	4.80781715572302	2.50531712923762	6.74686383464102	1.40331123587132	18.6205957757256	0.00921	0.139701013412817
ENSDARG00000015010	6	1.59506999175798	1.23502724544478	1.42205076821008	0.891528757708489	3.90710758383241	0.60737	1
ENSDARG00000015015	8	2.44852413800119	1.93289486778525	1.80028655986874	0.735253752220866	6.92547208751836	0.69481	1
ENSDARG00000015016	18	1.81308968634734	1.80140448346032	1.08162966205888	0.59656710321812	7.69228807269358	0.57906	1
ENSDARG00000015025	18	2.14876504861488	1.79145703644166	1.85045456244829	0.861171193956789	9.11643802231333	0.87349	1
ENSDARG00000015050	3	5.30992063466002	5.24016880001903	2.40089081215762	0.452151920404615	9.19705232338954	0.73988	1
ENSDARG00000015053	8	2.06573791982353	1.68074071209547	1.47961141775285	0.716262892574119	5.84278916504565	0.8751	1
ENSDARG00000015059	11	1.45060436710021	1.28370317467633	0.979559099176972	0.675276540863539	4.81111040492235	0.97757	1
ENSDARG00000015065	28	2.25088720750657	1.95347030231669	1.6934942732927	0.752367452107329	11.910575560638	0.91271	1
ENSDARG00000015123	1	0.57283524865554	0.57283524865554	NA	NA	0.57283524865554	0.90051	1
ENSDARG00000015128	2	6.41578041078686	6.41578041078686	3.23589917234173	0.50436563678227	9.07328367014241	0.43076	0.946110332326284
ENSDARG00000015158	2	4.52569114219082	4.52569114219082	4.48877105314089	0.991842110323052	6.40029379239804	0.05774	0.412315762237762
ENSDARG00000015161	3	1.84337417832836	0.27293230846651	2.95959930048174	1.60553366499123	3.19281773422526	0.4617	0.968575948116121
ENSDARG00000015164	14	4.10036912750473	2.1533510238769	6.31141342841452	1.53923055026397	15.3421764344279	0.02354	0.254072237539767
ENSDARG00000015184	3	3.44387641224855	3.43068221359232	1.3508503248603	0.392247038847225	5.96496892100251	0.15494	0.652723228476821
ENSDARG00000015199	27	1.89799250740573	1.68680783725592	1.09575127730675	0.577321181738741	9.86225836563532	0.83515	1
ENSDARG00000015206	25	1.92918393038934	1.6658662620625	1.34538262211376	0.697384319307616	9.64591965194668	0.89624	1
ENSDARG00000015221	13	1.36998346633944	1.06562983502618	1.19579202356198	0.872851427000873	4.93954563442474	0.9845	1
ENSDARG00000015222	5	1.1157088370285	0.522178229515474	1.63449104318	1.46497992032867	2.49480080269297	0.92233	1
ENSDARG00000015228	7	8.68689035087112	7.52974975606738	3.40276129632768	0.39171224211279	22.9833515348916	3e-05	0.00169633333333333
ENSDARG00000015236	2	1.94269156826557	1.94269156826557	2.74738076334903	1.4142135623731	2.74738076334903	0.43577	0.949932137044968
ENSDARG00000015239	3	1.32937642253046	1.78499821399274	0.802955409636738	0.604009064722478	2.30254750620691	0.8237	1
ENSDARG00000015240	10	2.0547154311302	1.34756354440166	1.57704868558756	0.767526569224283	6.49758070586629	0.81618	1
ENSDARG00000015254	11	2.56291498761197	1.83499047718184	1.663858995256	0.649205690902109	8.50022738348726	0.36932	0.909763436592449
ENSDARG00000015290	5	2.10897583113247	2.28911530755229	1.22063212291002	0.578779569159202	4.71581332131633	0.54769	1
ENSDARG00000015310	8	3.12424746486107	3.78584156048271	2.155226265253	0.689838525754822	8.83670627403256	0.54266	1
ENSDARG00000015312	15	1.79447427576059	1.57968384757476	1.11919766199212	0.623691115058056	6.94996898521837	0.68934	1
ENSDARG00000015314	6	2.9023908408122	2.45960776615687	1.07511312710575	0.370423277247144	7.10937659411732	0.74082	1
ENSDARG00000015325	1	4.00963204272096	4.00963204272096	NA	NA	4.00963204272096	0.38318	0.915709330828833
ENSDARG00000015337	9	1.50553091771892	0.982080478597003	1.62012892511365	1.07611800332096	4.51659275315675	0.74377	1
ENSDARG00000015343	13	2.03411749869342	2.19132179951918	0.850900849211189	0.418314502361713	7.33411494185768	0.79116	1
ENSDARG00000015349	15	2.36135222430635	2.44662019335071	1.56280634957391	0.661826869150362	9.14547783926833	0.84547	1
ENSDARG00000015352	12	3.11709336015555	2.18478618584547	2.57453225241485	0.825940052140876	10.79792814345	0.04073	0.347947567114094
ENSDARG00000015356	11	4.6636455308623	4.311531232666	3.66898269034991	0.786719888136851	15.4675623810881	0.00094	0.0271028895184136
ENSDARG00000015392	12	1.69465778431646	1.38496917536702	1.51387065855403	0.893319390241759	5.87046676775641	0.98239	1
ENSDARG00000015404	1	1.87878825269252	1.87878825269252	NA	NA	1.87878825269252	0.41006	0.935636943074854
ENSDARG00000015425	13	0.982532546549048	0.531292386882995	0.77375988285833	0.787515778053367	3.5425714763948	0.99864	1
ENSDARG00000015427	5	3.61297356390452	3.26663709031748	3.23821010920611	0.896272848923531	8.07885448980019	0.40058	0.929853724059293
ENSDARG00000015460	1	0	0	NA	NA	0	1	1
ENSDARG00000015472	4	2.15764779656951	1.78169792183173	1.83012558493952	0.848204043240641	4.31529559313902	0.32833	0.872517686684073
ENSDARG00000015474	6	1.92223552028655	2.04904218500828	1.46416878458224	0.761701034618259	4.7084961901554	0.71338	1
ENSDARG00000015482	8	1.91829378174608	2.02090147990205	1.44430820913171	0.752912939027025	5.42575416552255	0.58842	1
ENSDARG00000015502	7	1.26951690680234	1.60504682237051	0.796305856967057	0.627251084802636	3.35882602059096	0.9826	1
ENSDARG00000015506	7	2.34306645710497	0.982080478597003	2.67978696717562	1.14370932973309	6.19917115079693	0.2526	0.796703687635575
ENSDARG00000015515	7	1.15240018754977	1.08074058562824	0.976807684102135	0.847628883312684	3.04896430708087	0.92401	1
ENSDARG00000015524	1	5.3477339754197	5.3477339754197	NA	NA	5.3477339754197	0.04179	0.350734047815334
ENSDARG00000015538	2	1.14408539928584	1.14408539928584	0.0460763969606448	0.0402735643592748	1.61798108818307	0.90569	1
ENSDARG00000015546	9	1.48120122252849	1.6244208892013	0.889222589434858	0.600338816840096	4.44360366758547	0.85339	1
ENSDARG00000015552	2	2.70056870424992	2.70056870424992	1.03643130106686	0.383782608246853	3.81918088767058	0.19632	0.722542328271873
ENSDARG00000015554	2	1.5074951371649	1.5074951371649	1.45891714364333	0.967775688077555	2.13192006819009	0.5627	1
ENSDARG00000015557	5	2.38654473110957	3.43343630546829	1.9425815482803	0.813972402426808	5.33647625010496	0.24928	0.790396211838006
ENSDARG00000015566	40	2.2675442894932	2.41762677752052	1.40818402990304	0.621017210745539	14.3412093002135	0.76476	1
ENSDARG00000015592	5	1.70173694945463	1.42579946951914	0.632822484510042	0.371868569177421	3.80519949880367	0.52397	1
ENSDARG00000015611	7	2.39350891229717	2.20896044602732	1.62224436703686	0.677768258435234	6.33262934275502	0.4934	0.985444505494505
ENSDARG00000015638	2	4.24224269113849	4.24224269113849	0.0556029125793648	0.013106961724635	5.99943714868618	0.05457	0.400300446685879
ENSDARG00000015653	31	2.83868524425507	1.85230610107405	2.47988201365688	0.873602319480703	15.8051305402548	0.65187	1
ENSDARG00000015676	7	1.47089474642637	1.31378212006735	0.988179541347	0.671822061876175	3.8916217037956	0.84012	1
ENSDARG00000015681	7	2.01114013272515	2.31092630112574	1.81847509513556	0.904201087505265	5.32097664289218	0.95599	1
ENSDARG00000015707	6	2.53516142600071	2.31217199920139	1.09721422280351	0.432798563259304	6.20985190928831	0.23502	0.772870294022617
ENSDARG00000015722	6	2.3767032376222	2.67125639214749	1.67825183109882	0.706125949816879	5.82171020219514	0.27734	0.825739895165987
ENSDARG00000015731	3	2.20592320689667	1.96770110303155	0.412612787380334	0.1870476660703	3.8207710719403	0.29626	0.844631450980392
ENSDARG00000015732	11	1.65674512376008	0.766541074773735	2.63627822552253	1.59123946569363	5.49480194876312	0.72724	1
ENSDARG00000015757	5	6.09722947859856	4.69775239293747	4.13245834620414	0.67776001554627	13.633819588562	0.05823	0.41358334961619
ENSDARG00000015759	9	3.10777674515803	3.21026122397325	2.89381275321894	0.931152071244356	9.32333023547409	0.07409	0.466439245982695
ENSDARG00000015765	9	2.16389919929892	1.86434111241728	1.26891609356677	0.58640258935254	6.49169759789675	0.30804	0.849342252301029
ENSDARG00000015780	6	3.59286000107033	3.23302217997283	2.01918040927266	0.561998076371231	8.80067371987772	0.20517	0.73211677532422
ENSDARG00000015790	5	3.65932359896064	3.3411124803675	2.33282017020914	0.637500375990726	8.18249631894517	0.20077	0.726355496453901
ENSDARG00000015803	1	2.50839500877384	2.50839500877384	NA	NA	2.50839500877384	0.30575	0.849307986977754
ENSDARG00000015805	13	1.45188618731212	1.04782277521322	1.04011865806255	0.716391317137695	5.23485009449175	0.82108	1
ENSDARG00000015807	31	3.57021228948874	2.90362247727005	2.77885400215999	0.778344192680465	19.8781007531532	0.00024	0.00943135135135135
ENSDARG00000015822	1	3.86093370875656	3.86093370875656	NA	NA	3.86093370875656	0.14832	0.637532047277332
ENSDARG00000015824	5	2.4122493747611	2.29071573045441	1.8522681803476	0.767859326538757	5.39395358064719	0.50471	0.991594935440355
ENSDARG00000015829	12	1.32559340875405	1.18034241181511	0.937777113127827	0.707439481016476	4.59199026828087	0.91872	1
ENSDARG00000015851	15	3.24872615725836	2.91162851312256	2.41325417778208	0.742830900779476	12.5822623034501	0.27574	0.824507542521994
ENSDARG00000015854	26	3.34323456989206	2.93797904406855	2.00503045039421	0.599727721306419	17.0472183103976	0.04094	0.348862661087866
ENSDARG00000015860	16	2.92421830011152	1.70175682213181	2.69415200190489	0.921323829278457	11.6968732004461	0.45842	0.964008008264463
ENSDARG00000015862	1	5.08662571824631	5.08662571824631	NA	NA	5.08662571824631	0.10357	0.551827619047619
ENSDARG00000015863	11	1.22765402811906	0.887504528734443	0.80082996291598	0.652325447213303	4.07166778363935	0.96293	1
ENSDARG00000015876	13	1.89989251730545	1.55344573403387	1.66173767438721	0.874648254704425	6.85015988901516	0.5837	1
ENSDARG00000015887	18	8.28999545946018	6.7627854698615	6.5849959257009	0.79433046229071	35.1714720323399	7e-05	0.00347541463414634
ENSDARG00000015890	5	1.44108852306548	1.83091073828532	1.06276356744028	0.737472785627054	3.22237189916919	0.72268	1
ENSDARG00000015891	8	2.57212755214541	3.05265897709867	1.15663765127865	0.449681296059326	7.27507533679509	0.2464	0.787891674520892
ENSDARG00000015901	10	1.91466752782748	1.59999079210342	1.55620028977851	0.812778337314933	6.05471034989866	0.88094	1
ENSDARG00000015907	3	1.83419605636152	1.42579946951914	1.57321454971603	0.8577134076042	3.17692076066063	0.44444	0.956439602872835
ENSDARG00000015915	4	1.87525239841761	2.13980616326568	0.963551771993475	0.5138251111192	3.75050479683522	0.4205	0.941827146923582
ENSDARG00000015917	11	1.73573176093799	1.81776120317886	1.17044835594828	0.674325597012622	5.75677098773419	0.60103	1
ENSDARG00000015918	12	2.49240356867124	1.85287523471042	2.00227658590774	0.803351676701057	8.63393922780914	0.81424	1
ENSDARG00000015930	5	1.90396085229506	2.44911321067763	0.805928796378852	0.423290634052362	4.25738589223019	0.71769	1
ENSDARG00000015947	10	2.10776431204965	1.8241636744665	1.70859035813569	0.810617367590876	6.66533599689479	0.37951	0.913063235710912
ENSDARG00000015966	9	2.53336705761927	2.78965975123715	1.89160359214672	0.746675688569329	7.6001011728578	0.45472	0.959895774006623
ENSDARG00000015968	13	1.93716626584085	1.89558294541584	1.27749311090323	0.659464875798218	6.98455230058827	0.56371	1
ENSDARG00000015978	1	1.76556629496807	1.76556629496807	NA	NA	1.76556629496807	0.87559	1
ENSDARG00000015989	7	1.78932520634936	1.23241785660833	1.54264254739102	0.862136486937651	4.73410951061973	0.55603	1
ENSDARG00000015990	32	1.57278397400646	1.81983982599978	1.09143783888179	0.693952797663302	8.89700970689195	0.99224	1
ENSDARG00000015997	18	2.09112943824569	1.25521856236679	2.15153914449622	1.02888855426434	8.87191083673405	0.37845	0.912115581340279
ENSDARG00000015998	4	2.52519075497178	0.935489111684649	3.61895478573115	1.43314115125992	5.05038150994356	0.24057	0.780778526785714
ENSDARG00000016011	11	1.2243567621881	1.08893757952176	1.09681200140046	0.895827127577014	4.06073198971233	0.99225	1
ENSDARG00000016022	2	5.30876817987394	5.30876817987394	6.55120547842617	1.23403495056771	7.50773195947245	0.11974	0.586872670509126
ENSDARG00000016038	4	1.89972109277652	1.81970063594018	0.897394099477868	0.472382026440675	3.79944218555305	0.62922	1
ENSDARG00000016059	2	2.80035221964537	2.80035221964537	1.02514548444659	0.366077337434507	3.96029608844409	0.45544	0.959895774006623
ENSDARG00000016074	8	2.79954795323424	1.5511120893377	2.47262272756286	0.883222137597717	7.91831736795539	0.11587	0.578349882352941
ENSDARG00000016080	7	2.78872464777331	2.59746985386918	2.51457092030467	0.901692077169561	7.37827189304437	0.31864	0.86106366339262
ENSDARG00000016084	13	2.2655727624042	1.40509268223156	1.85359134923397	0.818155735270652	8.16863876314294	0.40043	0.929853724059293
ENSDARG00000016095	1	0	0	NA	NA	0	1	1
ENSDARG00000016112	15	1.60536374408932	1.74446101063095	1.05318064913532	0.656038641094868	6.21754704546311	0.72006	1
ENSDARG00000016117	19	1.61338053377755	1.67639096274403	1.17442791972234	0.727929893248771	7.03256270421204	0.87023	1
ENSDARG00000016132	5	2.37691253970669	2.28911530755229	1.640396919815	0.690137685931607	5.31493801535584	0.26015	0.804729004854369
ENSDARG00000016138	8	2.50511512385247	1.97428582836421	1.86645383164496	0.745057108902304	7.08553556691624	0.21292	0.742760383693046
ENSDARG00000016139	9	1.27461788145401	0.722558676995091	1.49855903657355	1.17569277693177	3.82385364436202	0.86726	1
ENSDARG00000016153	20	3.1389197059524	1.74219890976318	5.71032150259388	1.81919960926853	14.0376756768464	0.33492	0.878458645377286
ENSDARG00000016154	11	2.54022042706115	2.44428905006496	2.03050932818476	0.79934375243723	8.42495804135819	0.39956	0.928899424394701
ENSDARG00000016156	7	2.27158892233678	2.06641238603354	2.31242253942654	1.01797579513099	6.01005936947235	0.3795	0.913063235710912
ENSDARG00000016161	2	5.25719022651858	5.25719022651858	0	0	7.43478971831786	0.06095	0.424430942622951
ENSDARG00000016163	13	2.77556968678977	2.79067332801055	1.16979962415231	0.421462890922875	10.007458824344	0.46826	0.970266750814332
ENSDARG00000016173	5	3.07015351120718	2.19259909973866	3.35674199720174	1.09334663069726	6.86507195241892	0.85237	1
ENSDARG00000016177	1	1.66871728755481	1.66871728755481	NA	NA	1.66871728755481	0.49753	0.986808850865254
ENSDARG00000016212	29	2.18042230203643	1.62007730573395	1.71583496394151	0.786927817762177	11.7419334456178	0.26789	0.816098299910207
ENSDARG00000016231	5	2.86211720417135	2.86809409270736	2.2734792691885	0.794334790299661	6.39988862809878	0.11895	0.58591074843071
ENSDARG00000016233	8	2.23190754739981	1.58900724578948	1.99642299156836	0.894491796443003	6.31278784699137	0.33015	0.873657942322681
ENSDARG00000016238	8	3.52743560885925	4.95466736460794	2.51352626314864	0.712564747273018	9.9770945568931	0.5575	1
ENSDARG00000016253	13	1.33725652551301	1.10098295612561	1.10252959856818	0.82447127946915	4.82154697118596	0.96672	1
ENSDARG00000016255	12	3.54708732329655	3.27541583606505	3.13662611839347	0.884282182113971	12.2874709256662	0.22483	0.758223903247184
ENSDARG00000016256	22	3.10955438816054	3.17515282005515	1.77515941818067	0.570872606357841	14.5851029082563	0.04461	0.36168683081811
ENSDARG00000016263	31	1.94619118760319	1.57968384757476	1.34189418524787	0.689497616573048	10.8359339375909	0.86912	1
ENSDARG00000016280	6	1.35447860528858	0.558109823039258	1.94594755288694	1.43667647852757	3.31778145047365	0.94445	1
ENSDARG00000016302	24	2.04512449197527	1.28289020671714	1.79954209919735	0.87991812051465	10.0190229316161	0.82126	1
ENSDARG00000016307	11	4.75658771347477	3.46205964576367	3.24082679699833	0.681334391840921	15.7758167280103	0.00047	0.0160525503355705
ENSDARG00000016311	20	1.60478725537808	1.40908214144248	1.28552451605625	0.80105603515239	7.17682678490142	0.79877	1
ENSDARG00000016336	4	0.82670670674705	0.836170392143863	0.32646743659661	0.394901158938462	1.6534134134941	0.9315	1
ENSDARG00000016345	14	4.75870768813516	4.63620778000207	2.83121485855972	0.59495456416009	17.8054537728089	0.21567	0.74546505942275
ENSDARG00000016350	5	2.09525772422354	1.31922273696803	1.45682458032234	0.695296126810466	4.68513870174535	0.36123	0.903144367477278
ENSDARG00000016357	8	2.12470676015361	1.88647290220177	1.28538603891011	0.604971030834008	6.00957823255006	0.37285	0.909903005008347
ENSDARG00000016363	9	2.63006019775426	2.77535991702767	1.67622385886818	0.637332887018883	7.89018059326279	0.18804	0.709968353115727
ENSDARG00000016368	5	4.87185750477142	3.80679049919211	4.45819567685597	0.915091558505083	10.8938045573614	0.00794	0.127667172195893
ENSDARG00000016375	4	0.355994171122619	0.400149707521547	0.259750646388141	0.72964859387732	0.711988342245239	0.99646	1
ENSDARG00000016393	7	3.11155082834614	2.78803009053664	3.03212815917048	0.974474892567359	8.2323896835409	0.77602	1
ENSDARG00000016396	5	1.30767522725171	0.979371408832856	0.904266650749101	0.691507059172151	2.9240507006273	0.97054	1
ENSDARG00000016399	7	1.99973059134808	2.44071565545478	1.44162111666888	0.720907667715897	5.29078983383516	0.62271	1
ENSDARG00000016404	12	2.71517869149443	2.85644686884832	1.29052814114216	0.475301366051842	9.40565489059347	0.09698	0.53542014084507
ENSDARG00000016415	16	1.70483155543904	1.29800194919548	2.06494278788888	1.21122980232326	6.81932622175618	0.87041	1
ENSDARG00000016427	3	1.06664822551441	0.69154966776939	1.29558310270981	1.21463015802139	1.84748892039414	0.80083	1
ENSDARG00000016447	7	1.34450965225022	0.961307259347739	0.995445408774317	0.74037803083697	3.55723817518002	0.96499	1
ENSDARG00000016460	65	2.85104120211697	2.06000272181047	2.85163963147253	1.00020989852939	22.985829022486	0.02998	0.294249218900675
ENSDARG00000016477	12	2.11388403031425	1.73344068001915	1.1822075134279	0.559258453384575	7.32270908362548	0.97653	1
ENSDARG00000016480	8	3.6668274370218	1.57108338270969	4.07540221961002	1.11142460058608	10.371354184636	0.27205	0.820725684647303
ENSDARG00000016481	17	1.83528386353266	1.54184275175628	1.34943448479246	0.735272897891116	7.56706922233683	0.69105	1
ENSDARG00000016483	1	1.12903435013942	1.12903435013942	NA	NA	1.12903435013942	0.76883	1
ENSDARG00000016490	42	2.15801398010481	1.86410563131075	1.89337664791235	0.877369963942676	13.9855290285984	0.4871	0.981103672662581
ENSDARG00000016494	15	1.70758360104193	1.6016534780358	1.36009980201295	0.796505542207739	6.6134428490923	0.66033	1
ENSDARG00000016514	7	3.62527178417885	2.65023872574526	3.31450028462957	0.914276358284219	9.59156757595666	0.05255	0.391335537673738
ENSDARG00000016531	2	2.01516799747749	2.01516799747749	0.723217544855968	0.358886974069291	2.84987791249289	0.55089	1
ENSDARG00000016548	28	1.86225449674558	1.69121344034216	1.4010995738259	0.752367399984492	9.85412455260108	0.86094	1
ENSDARG00000016551	30	1.93054104165669	1.39560543857556	1.63386489527739	0.846324869568837	10.5740087670489	0.98062	1
ENSDARG00000016573	26	5.91555320763697	6.352036168977	3.90401994960742	0.659958555451304	30.1635212394373	0	0
ENSDARG00000016598	11	3.41505970910921	3.99804276432012	1.53189137907879	0.448569427642121	11.3264716917755	0.95387	1
ENSDARG00000016607	1	1.51348207269889	1.51348207269889	NA	NA	1.51348207269889	0.57231	1
ENSDARG00000016613	7	1.0778852773435	1.28063326167805	0.711724643925405	0.66029721240788	2.85181638570878	0.92687	1
ENSDARG00000016623	8	1.71252477840659	1.63733305189501	1.11773364987382	0.652681738662964	4.84375153504517	0.96621	1
ENSDARG00000016630	1	2.12664862755447	2.12664862755447	NA	NA	2.12664862755447	0.42396	0.942620580786026
ENSDARG00000016649	12	5.23937708550147	3.04173373530164	5.1548257085214	0.983862322638689	18.1497346242014	0.00012	0.00547695067264574
ENSDARG00000016651	38	2.0597880266232	1.54725837853697	2.15459630012924	1.04602817002557	12.6973861544639	0.35209	0.891739646766169
ENSDARG00000016656	4	3.59422255987696	3.20902166627102	2.87643778805482	0.800294845445878	7.18844511975392	0.06645	0.442979620170269
ENSDARG00000016664	9	1.32692618512718	1.26862693487842	1.33807161689397	1.00839943614928	3.98077855538154	0.95211	1
ENSDARG00000016667	8	2.16104432957086	1.94932071049897	1.06024410185578	0.4906165446714	6.11235639953717	0.75893	1
ENSDARG00000016699	10	3.97352531324784	3.96295267868195	2.20986435266858	0.556147042854071	12.5653903301972	0.01034	0.150990703012912
ENSDARG00000016706	13	3.11510896312046	3.36169452709829	1.6483948653748	0.529161221931567	11.2316850951883	0.0265	0.272716885743175
ENSDARG00000016721	20	5.36406810261476	4.40271108894578	5.57690115725395	1.0396775452078	23.9888418267698	0.61783	1
ENSDARG00000016733	21	2.40943696394332	2.29512674931131	1.24538144819374	0.516876542873124	11.0414272694949	0.49284	0.984712508833922
ENSDARG00000016739	16	2.45559375051098	1.79838027622796	2.17861723307509	0.887205887627684	9.82237500204393	0.53669	1
ENSDARG00000016745	17	2.24330760109084	1.4651107546477	2.05508323218739	0.916095158411655	9.24939419004851	0.48268	0.978299956192752
ENSDARG00000016749	13	2.85772000181597	2.16916566520944	2.51908519569906	0.88150175457997	10.3036559974665	0.11706	0.581521942410932
ENSDARG00000016750	1	0	0	NA	NA	0	1	1
ENSDARG00000016753	9	1.55564316179217	1.49495414549577	0.880028829659771	0.565700959753482	4.66692948537651	0.79585	1
ENSDARG00000016754	11	2.31295960971701	3.20171993545436	1.55204669522017	0.671021961948597	7.67121918067817	0.9702	1
ENSDARG00000016763	39	2.85445845185564	2.15822779793525	3.33247083589502	1.16746167166267	17.8260873183498	0.01476	0.193841651612903
ENSDARG00000016765	18	2.20873466507777	1.79110992644865	1.77962254062911	0.805720383152698	9.37086755710975	0.92007	1
ENSDARG00000016769	5	3.83704529767722	3.2223173704322	2.50623046690507	0.653166765693966	8.57989411835219	0.44778	0.957676703065939
ENSDARG00000016771	4	0.965025591582493	0.964425602124892	0.381851468585842	0.395690510092758	1.93005118316499	0.88062	1
ENSDARG00000016774	42	2.08249576988131	1.64925837916728	1.43027784561519	0.686809484226088	13.496115090132	0.50956	0.993544383141763
ENSDARG00000016775	24	1.63651321415885	1.24257457257505	1.31248048502026	0.80199809794684	8.01724466402245	0.81761	1
ENSDARG00000016782	31	1.72285142216115	1.33177287086536	1.69461889717905	0.983612907869508	9.59243075075989	0.98912	1
ENSDARG00000016788	13	2.09578495454901	1.93822961596368	2.23545963193194	1.0666455196559	7.55646011597241	0.60685	1
ENSDARG00000016794	18	1.88309299357898	1.36878958523763	1.41882273468595	0.753453355476274	7.98928695218744	0.91638	1
ENSDARG00000016811	6	1.26732172283526	1.36514481693365	0.536434955891643	0.423282380650373	3.10429156089129	0.84306	1
ENSDARG00000016835	14	2.30177272268155	2.01922574346728	0.890011710659306	0.386663592755782	8.61244491049618	0.23792	0.776137743589744
ENSDARG00000016837	4	4.9249034019696	5.00174009043352	1.98131434340266	0.40230521934913	9.84980680393919	0.01068	0.154185872340426
ENSDARG00000016855	1	4.62292530561453	4.62292530561453	NA	NA	4.62292530561453	0.25797	0.801226322856271
ENSDARG00000016856	3	3.12496172549076	1.17193618839342	4.02737874099107	1.28877698185522	5.4125924802581	0.11738	0.582151883211679
ENSDARG00000016864	7	2.15530652056709	1.60606811856494	1.27641681934672	0.592220552931319	5.70240505253645	0.58406	1
ENSDARG00000016868	9	2.91369540456157	2.44844751583087	2.0354778391846	0.698589782582604	8.7410862136847	0.11044	0.565137415786828
ENSDARG00000016871	4	2.62987047431452	2.61869945218496	1.48792042659267	0.565777075762828	5.25974094862903	0.81721	1
ENSDARG00000016934	8	2.205663706877	1.65529040758639	2.04280881942892	0.926165132544769	6.23855905659913	0.29606	0.844611448585038
ENSDARG00000016939	17	1.45311569718989	1.28063326167805	0.729436702145505	0.501981159212667	5.99134950575697	0.88661	1
ENSDARG00000016963	5	1.95402791581917	2.50839500877384	1.84698058161784	0.945217090638926	4.3693392497039	0.3977	0.927282350251486
ENSDARG00000016964	3	2.19944435286523	2.2593719040677	0.342865098005742	0.155887143750234	3.80954936758303	0.2947	0.843189229904441
ENSDARG00000016968	12	1.8242491787924	1.97913904402445	1.32271445253518	0.725073344098078	6.31938452666849	0.87211	1
ENSDARG00000016977	2	3.78696778626815	3.78696778626815	1.44950026441202	0.382760125308704	5.35558120361044	0.08228	0.490307868852459
ENSDARG00000016981	2	3.97511109391192	3.97511109391192	0.766043832212549	0.192710043597469	5.62165602094998	0.08652	0.502625890410959
ENSDARG00000016994	17	3.16974233809851	2.71909338950166	2.53684493225297	0.800331592180707	13.0691824659724	0.08125	0.487595813679245
ENSDARG00000017004	13	1.11712147256691	1.08612743914641	0.950978180977661	0.851275536573932	4.02783875026185	0.97438	1
ENSDARG00000017007	4	0.809707755234299	0.950942742665649	0.607747344405408	0.750576168347985	1.6194155104686	0.95921	1
ENSDARG00000017014	1	14.4790368140555	14.4790368140555	NA	NA	14.4790368140555	0.00597	0.105858292682927
ENSDARG00000017037	15	3.75389239742871	2.31883846663569	4.15123553587616	1.10584830260974	14.538762738696	0.05533	0.402609378127234
ENSDARG00000017038	5	3.65464119411234	4.68940019300684	2.37480280633377	0.64980464023653	8.1720261434062	0.05368	0.397208284883721
ENSDARG00000017047	13	3.79419704922475	2.31869119347104	4.07954321699831	1.07520594319999	13.680172010194	0.00411	0.0804453461538461
ENSDARG00000017049	8	3.1345996187872	2.68138684645548	3.04975029534034	0.972931368032358	8.86598658699679	0.06644	0.442979620170269
ENSDARG00000017058	26	3.01721884445627	2.9291702273558	3.59197473042363	1.19049194493247	15.3848577646624	0.01686	0.211456724137931
ENSDARG00000017067	3	2.83982392155173	2.45847977731709	0.70601921649225	0.24861372958168	4.9187193166771	0.44521	0.956787875844595
ENSDARG00000017086	6	1.6805733441792	1.87880494715978	1.26520210156471	0.752839562728301	4.11654716856178	0.66052	1
ENSDARG00000017093	12	2.94902534633608	2.44293362303726	2.16750885255718	0.734991598241138	10.215723465325	0.10081	0.543167908946533
ENSDARG00000017105	10	1.45491942919368	1.01368899674715	1.21193961130564	0.832994313628281	4.6008592082841	0.81759	1
ENSDARG00000017115	1	2.50839500877384	2.50839500877384	NA	NA	2.50839500877384	0.30531	0.849307986977754
ENSDARG00000017121	7	2.05063022898737	2.04036316884079	0.612447728547033	0.29866317188227	5.42545761685201	0.84946	1
ENSDARG00000017126	13	1.09583778464496	0.866008240221108	0.938708321855429	0.856612479519096	3.95109932212825	0.97736	1
ENSDARG00000017154	5	2.38225356936173	2.06978703272788	0.770135701034443	0.323280322019114	5.32688092073433	0.24896	0.790396211838006
ENSDARG00000017162	7	1.77985664387218	1.85092371051382	1.3800679795568	0.775381536658133	4.70905804903185	0.92934	1
ENSDARG00000017168	4	3.62587001022938	3.09568370510764	3.48362122945144	0.960768372728029	7.25174002045876	0.05987	0.421117387698687
ENSDARG00000017173	7	18.6670926936285	14.9618400015553	13.0852250656391	0.700978201608512	49.3884849679318	0	0
ENSDARG00000017174	3	2.35825849263487	2.72792408305986	0.948455491776227	0.402184703135118	4.0846235266244	0.25412	0.797344582691715
ENSDARG00000017219	5	6.11188882486325	4.27044835351791	5.31369982178698	0.869403873998947	13.6665988833155	0.57125	1
ENSDARG00000017229	16	2.16427255610747	1.23593862434202	2.19343247473832	1.01347331164393	8.65709022442989	0.31299	0.854133394101877
ENSDARG00000017230	5	2.12941365811886	2.17638737266624	1.07946294553683	0.506929661797341	4.76151369177027	0.71765	1
ENSDARG00000017234	11	2.74647690395194	1.94572537774222	2.01635577491188	0.734160834198356	9.10903338578557	0.10149	0.54538818373812
ENSDARG00000017235	2	3.4648092672078	3.4648092672078	3.8829826117916	1.12069159146552	4.89998025672126	0.75919	1
ENSDARG00000017242	18	2.40807496937066	1.86168835510797	2.47445912794667	1.02756731390026	10.2165968426855	0.16611	0.668713515223408
ENSDARG00000017244	46	1.95918048211854	1.47470809891369	1.7678235735728	0.90232808549684	13.2878085262264	0.76227	1
ENSDARG00000017246	2	2.50326089654915	2.50326089654915	0.136237900768007	0.0544241716697675	3.54014551005805	0.21636	0.746088359824146
ENSDARG00000017254	12	2.11877753625511	2.26503000368838	1.38634961239642	0.654315797045289	7.33966068545892	0.60907	1
ENSDARG00000017272	5	0.784695503654912	0.522178229515474	0.403305002194764	0.513963697149113	1.75463248781082	0.98573	1
ENSDARG00000017294	5	2.17675897843509	2.17520814428461	2.00388458089661	0.920581745957581	4.86738104641385	0.46464	0.968863311555737
ENSDARG00000017311	13	1.78942680842042	1.31307547572015	1.17744936773008	0.658003647977898	6.4518701114497	0.67148	1
ENSDARG00000017315	2	0.831818716605375	0.831818716605375	1.1763693104591	1.4142135623731	1.1763693104591	0.84751	1
ENSDARG00000017316	11	3.1555079919946	2.94466578406889	2.33959075093752	0.741430779726427	10.4656360324139	0.03397	0.316328142726441
ENSDARG00000017366	14	1.80462994046591	1.85586671298622	1.4436073751259	0.799946483628213	6.75230694713771	0.65051	1
ENSDARG00000017398	1	3.43343630546829	3.43343630546829	NA	NA	3.43343630546829	0.18226	0.698697657250471
ENSDARG00000017422	14	1.79413611086267	1.81568668625846	0.858440238041485	0.478469962699053	6.71304263208717	0.88351	1
ENSDARG00000017427	11	1.12841207583747	1.24526951055263	0.558304624294594	0.494770160874288	3.74251946445894	0.98622	1
ENSDARG00000017429	15	1.8732629455791	1.59898304221176	1.60520536762685	0.856903389572261	7.25511619129531	0.98308	1
ENSDARG00000017431	24	1.70027944512703	1.56194675624376	1.325970805918	0.779854634906165	8.32963412140747	0.83548	1
ENSDARG00000017439	15	2.90102908436396	2.17626921828956	2.59935366954126	0.896010896116598	11.235637330605	0.21911	0.750623217771794
ENSDARG00000017445	3	24.9477622627816	1.5441916803703	40.7014174807742	1.63146566221271	43.2107917742872	0	0
ENSDARG00000017446	29	4.44843267094612	3.67122390853175	3.03640315296175	0.682578197213884	23.9555430664864	0.00054	0.0180200655737705
ENSDARG00000017454	9	2.11571701780233	1.52769742697775	2.08776932749003	0.986790440272898	6.347151053407	0.88538	1
ENSDARG00000017500	31	2.87756604453028	1.75840217275202	6.97903151006111	2.42532452845937	16.0216096744254	0.04573	0.365050933333333
ENSDARG00000017525	11	1.09546010183694	0.925179476637747	0.842131935989254	0.76874724563415	3.63323013059765	0.98944	1
ENSDARG00000017537	10	3.21852221896463	3.35426423757715	2.03585113976016	0.632542204544754	10.1778609117874	0.05021	0.382589191616766
ENSDARG00000017542	4	2.61813515134443	2.36810409322424	1.19220739810262	0.455365108821983	5.23627030268886	0.33323	0.876265063291139
ENSDARG00000017569	1	6.4586331299016	6.4586331299016	NA	NA	6.4586331299016	0.07204	0.460053262233375
ENSDARG00000017571	7	2.26836960394884	2.37875379187996	0.953619282746928	0.420398545760285	6.00154185362672	0.61905	1
ENSDARG00000017595	3	8.58613839460923	4.81132710250185	9.20897797141351	1.07254012784086	14.8716279402811	0.00043	0.0148357288135593
ENSDARG00000017605	1	1.79709874247389	1.79709874247389	NA	NA	1.79709874247389	0.5112	0.994836252390057
ENSDARG00000017606	2	0.868642331060718	0.868642331060718	1.22844576543745	1.4142135623731	1.22844576543745	0.90063	1
ENSDARG00000017612	16	3.49340911312582	3.51610853138214	2.42002293580532	0.692739629811048	13.9736364525033	0.05734	0.410701280788177
ENSDARG00000017615	15	2.10482180777417	1.96727241534148	1.1934499587673	0.567007598628675	8.15193980824355	0.34973	0.8889803196005
ENSDARG00000017617	5	1.4834896697333	1.51049194547627	0.412340866618593	0.277953311729311	3.31718374544237	0.72678	1
ENSDARG00000017624	2	2.62859511325929	2.62859511325929	3.71739485915893	1.4142135623731	3.71739485915893	0.21471	0.743894095238095
ENSDARG00000017636	8	3.90322476365332	3.53342511363947	1.45146382781428	0.37186273292029	11.0399867954981	0.02994	0.29414027027027
ENSDARG00000017653	1	0.69154966776939	0.69154966776939	NA	NA	0.69154966776939	0.78344	1
ENSDARG00000017659	19	2.59727972179777	2.35063583201308	2.03785766572167	0.784612319042449	11.3212798354239	0.29364	0.842718937007874
ENSDARG00000017661	6	1.22729957053105	0.981081149250277	1.22716963872074	0.999894131951616	3.00625770933801	0.97616	1
ENSDARG00000017665	2	2.66516426386556	2.66516426386556	2.16082692333305	0.810766883163512	3.76911144791078	0.41197	0.937199521680823
ENSDARG00000017739	6	1.88306253443355	1.42317488535365	1.0853665525852	0.57638370087996	4.61254236311427	0.53039	1
ENSDARG00000017741	4	1.34777350151502	1.18457635433169	0.654417823978197	0.485554748807993	2.69554700303005	0.71685	1
ENSDARG00000017742	9	2.20981738945448	1.74070192985344	1.50612846823481	0.681562411184849	6.62945216836345	0.33663	0.880454532374101
ENSDARG00000017748	4	1.4716927582957	1.15254145125369	1.0734895145731	0.729425016547789	2.94338551659139	0.62503	1
ENSDARG00000017757	1	0	0	NA	NA	0	1	1
ENSDARG00000017762	24	2.42188559417857	1.38945221901967	2.3616981002609	0.975148498317864	11.8647678422695	0.54967	1
ENSDARG00000017781	4	2.12420307832744	1.81209370496672	1.53953396148988	0.724758370420064	4.24840615665489	0.54738	1
ENSDARG00000017794	1	0.727136053141672	0.727136053141672	NA	NA	0.727136053141672	0.8303	1
ENSDARG00000017798	20	2.22358754448156	2.2225330451267	1.57374514525748	0.707750476999728	9.94418580676522	0.57744	1
ENSDARG00000017803	15	2.12477689182627	1.5608137200824	1.9731937065456	0.928659246124245	8.22922551644949	0.92986	1
ENSDARG00000017834	1	7.69973159306062	7.69973159306062	NA	NA	7.69973159306062	0.04835	0.375308912547529
ENSDARG00000017835	18	3.54962944405903	2.9654817778909	3.28794774845796	0.92627915118322	15.0598023035614	0.00749	0.124085681818182
ENSDARG00000017841	3	1.25655183772155	1.3546271376551	0.36644866373686	0.291630359159178	2.17641162527777	0.92416	1
ENSDARG00000017842	11	2.5211759973493	2.42116368823574	1.83469873455199	0.727715453614086	8.36179481365768	0.37691	0.91123887544484
ENSDARG00000017844	2	4.52717416202053	4.52717416202053	5.10212828730975	1.12700066414777	6.40239109915449	0.10693	0.561311453608247
ENSDARG00000017860	4	4.02516170319923	4.33516975325672	1.69290095378962	0.420579613595172	8.05032340639846	0.06689	0.444390613577024
ENSDARG00000017874	1	6.87287332644525	6.87287332644525	NA	NA	6.87287332644525	0.02685	0.274928873239437
ENSDARG00000017880	7	3.37558028690998	3.70186130030302	2.93293845881241	0.868869411930721	8.93094596969586	0.04619	0.366138489096573
ENSDARG00000017891	5	3.44490846825121	2.83703583891204	2.50841526914367	0.728151500181093	7.70304951127438	0.64936	1
ENSDARG00000017901	39	1.89396447275927	1.51348207269889	1.68244319323337	0.888318243257362	11.8278043414193	0.66345	1
ENSDARG00000017928	4	2.02949720035552	1.96571079450317	2.08873037077544	1.02918613063844	4.05899440071104	0.35344	0.892854882104741
ENSDARG00000017931	13	1.32836823108247	1.37850849577057	0.846345501403443	0.637131694058783	4.78949976986524	0.93279	1
ENSDARG00000017988	18	1.6739240364699	1.49360457704157	1.39780228154791	0.835045229708098	7.10185822427415	0.69293	1
ENSDARG00000018000	7	8.65965479684977	5.50121629747258	10.5873210751003	1.22260313181904	22.911293032132	1e-05	0.000656645161290323
ENSDARG00000018004	1	2.01922574346728	2.01922574346728	NA	NA	2.01922574346728	0.34319	0.884076896988104
ENSDARG00000018006	1	2.40692615306148	2.40692615306148	NA	NA	2.40692615306148	0.28665	0.834054802744425
ENSDARG00000018010	4	2.31103046462558	2.26067712893334	0.566326902149851	0.245053845381309	4.62206092925116	0.27198	0.820725684647303
ENSDARG00000018022	1	1.56030140154889	1.56030140154889	NA	NA	1.56030140154889	0.57491	1
ENSDARG00000018040	11	1.41619436251191	1.17193618839342	1.27975285051193	0.903656224306691	4.69698533066855	0.80219	1
ENSDARG00000018047	15	1.84766285534305	1.32952020692114	1.71248627304569	0.926839151468324	7.15596746814967	0.75047	1
ENSDARG00000018060	49	2.47011615402037	2.34935482833729	1.60998860274145	0.651786597209619	17.2908130781426	0.18855	0.710427411242604
ENSDARG00000018061	7	2.39213227217886	2.21616773084081	1.97338949579774	0.824949990746245	6.32898709535713	0.37495	0.909928731521221
ENSDARG00000018065	4	2.60139297010515	2.67663841366109	2.4988978691573	0.960599916227303	5.20278594021029	0.32974	0.873554268610099
ENSDARG00000018066	39	1.78380217484987	1.66266187498724	1.3420804123322	0.752370655924981	11.1398410114761	0.77929	1
ENSDARG00000018069	6	1.62368005884029	1.77341913034712	0.910673238417098	0.560869879172836	3.97718764969088	0.90722	1
ENSDARG00000018077	14	1.87516991982359	1.27190696955084	2.15369010095746	1.14853063617833	7.01624338196425	0.60243	1
ENSDARG00000018096	3	1.13380163034883	1.54184275175628	0.706975091157256	0.623543900655481	1.96380202946861	0.80953	1
ENSDARG00000018106	9	4.11276661374168	3.77590009207792	2.94955975527997	0.717171683271505	12.338299841225	0.00579	0.103751091549296
ENSDARG00000018110	1	3.97440736983372	3.97440736983372	NA	NA	3.97440736983372	0.06496	0.437903229649239
ENSDARG00000018124	2	3.12897722956329	3.12897722956329	1.97873280658249	0.632389647290167	4.42504203440499	0.59012	1
ENSDARG00000018145	7	4.09451551683533	3.72171803305267	3.74398866425571	0.914391128538073	10.8330697968414	0.32186	0.865950589479249
ENSDARG00000018153	6	2.07290508492895	1.62883498424668	1.88567385444326	0.909676891698056	5.07755974329655	0.3641	0.906030849609375
ENSDARG00000018174	2	1.09411179954034	1.09411179954034	0.11006030619943	0.100593290599433	1.54730774566238	0.7364	1
ENSDARG00000018179	9	1.6796052596057	1.11578321501167	1.20281017091278	0.71612669943362	5.0388157788171	0.68592	1
ENSDARG00000018190	4	6.27830332063347	7.25948917489809	4.20514801674729	0.669790515365384	12.5566066412669	0.00417	0.0813070114942529
ENSDARG00000018192	20	1.4298328739059	1.21646827495705	1.01740799465198	0.711557282826146	6.39440700503494	0.99696	1
ENSDARG00000018241	2	2.82353450109944	2.82353450109944	1.07876949905021	0.38206350892123	3.99308078528318	0.38786	0.919741346064276
ENSDARG00000018259	26	7.54285627488855	5.43529472699249	5.35849632813716	0.710406791917341	38.4611713338825	0.76237	1
ENSDARG00000018283	1	3.71311240585715	3.71311240585715	NA	NA	3.71311240585715	0.07444	0.467108705302096
ENSDARG00000018285	10	2.4705124150446	2.2523643611185	1.7688593926239	0.715988870103277	7.81244621926418	0.89611	1
ENSDARG00000018296	16	1.90344315720543	1.51922346634926	1.24916197733146	0.656264397811299	7.6137726288217	0.62961	1
ENSDARG00000018303	4	1.67955441794314	1.47742885978445	0.793677811150337	0.472552602446971	3.35910883588628	0.60885	1
ENSDARG00000018312	3	1.65600278890905	0.316564652180412	2.34386970887743	1.41537787531235	2.86828096786624	0.62105	1
ENSDARG00000018319	10	1.82124538141619	1.39969240132534	1.20943363748784	0.664069570102298	5.75928358333726	0.99226	1
ENSDARG00000018383	13	1.49149807510897	1.52586854885828	0.952816069034349	0.638831578086169	5.37767278706125	0.88204	1
ENSDARG00000018399	3	0.528037574228154	0.497985283538048	0.543687004303468	1.02963696304792	0.914587906868585	0.96342	1
ENSDARG00000018404	8	2.38524693442042	2.41366366082361	1.07929290600498	0.452486864328465	6.74649712853242	0.42736	0.944348693009119
ENSDARG00000018423	18	2.29559787351366	2.58567738357221	1.70005542358774	0.740571963061467	9.73939693943357	0.54297	1
ENSDARG00000018426	6	2.0536869938207	1.82007925853021	1.8147918698226	0.883675007575687	5.03048522625103	0.63722	1
ENSDARG00000018460	7	2.08890741797108	1.84112309115535	1.74650957305526	0.836087592025317	5.52672953978953	0.8384	1
ENSDARG00000018476	1	2.09967151460726	2.09967151460726	NA	NA	2.09967151460726	0.44803	0.957676703065939
ENSDARG00000018485	1	2.72341198360104	2.72341198360104	NA	NA	2.72341198360104	0.16886	0.673718965111721
ENSDARG00000018494	5	2.94222303858174	2.9821029273198	1.92983153618296	0.655909328041021	6.57901071923476	0.13637	0.615690013303769
ENSDARG00000018534	41	2.50496114281003	2.48661934866344	1.53055433095851	0.611009210802191	16.0395774073544	0.39182	0.923916317739694
ENSDARG00000018559	19	1.76860861194934	1.30468221018607	1.6121854629769	0.911555814036196	7.7091862101629	0.77438	1
ENSDARG00000018562	2	4.11624787602179	4.11624787602179	1.53247811272634	0.372299763980061	5.82125357235946	0.29295	0.842510624470189
ENSDARG00000018574	11	2.68711647983897	3.34833467051846	1.67495126261104	0.623326631047795	8.91215713160647	0.38198	0.915420871203202
ENSDARG00000018602	7	2.66614442061173	2.86890886204596	1.53538949583844	0.575883843338897	7.05395509632103	0.89166	1
ENSDARG00000018611	3	0.973106636470904	0.586213345141312	1.21371799616651	1.24726104075111	1.68547013555006	0.83974	1
ENSDARG00000018618	22	4.08333730432639	3.25457927287612	2.35581641091693	0.576934070183449	19.1525496448874	0.07747	0.476386944444444
ENSDARG00000018619	10	2.47939331576968	1.89110857886269	2.35546864996479	0.950018149594625	7.84053009322925	0.3445	0.885434595959596
ENSDARG00000018627	7	1.12020409856985	0.655412967976948	1.25637627891189	1.12156015186509	2.96378146245111	0.97551	1
ENSDARG00000018643	2	1.4130350016238	1.4130350016238	0.578248516455699	0.409224481906817	1.99833326340427	0.65826	1
ENSDARG00000018650	6	5.8949556041436	5.44929140033394	3.11815605764378	0.528953272430416	14.439633286512	0.00315	0.0662411157024793
ENSDARG00000018653	1	5.28626845710257	5.28626845710257	NA	NA	5.28626845710257	0.05198	0.389869152542373
ENSDARG00000018658	11	2.296874449877	2.45557353681995	1.2027290388382	0.523637257971419	7.61787074079597	0.29386	0.842718937007874
ENSDARG00000018681	2	4.39509624548805	4.39509624548805	3.55859689051926	0.809674394314452	6.21560471830427	0.04894	0.377392558490566
ENSDARG00000018691	22	1.79114554418873	1.35733238038338	1.29524107088096	0.723135579396824	8.40121728860034	0.9815	1
ENSDARG00000018698	3	1.01057943895984	1.22969878020365	0.64438953926941	0.637643627434832	1.75037493336289	0.9467	1
ENSDARG00000018716	19	1.40540553406827	1.17193618839342	1.06436259572971	0.757334854551675	6.12602069769639	0.98286	1
ENSDARG00000018738	12	1.59267840312772	1.10990572886109	1.04627176960825	0.656925947858379	5.51719982866976	0.83073	1
ENSDARG00000018750	10	1.51836714139633	1.26348070782343	1.82824367352624	1.20408537808908	4.80149849117135	0.74001	1
ENSDARG00000018765	9	0.916498396804936	1.05499111948369	0.460287728484532	0.502224259299492	2.74949519041481	0.99495	1
ENSDARG00000018787	7	1.63726133160011	1.5441916803703	1.24309379493633	0.759251911068739	4.33178631463634	0.84069	1
ENSDARG00000018809	25	3.11627444526965	2.84380506943633	1.5730619492512	0.504789285051266	15.5813722263482	0.03573	0.324117593582888
ENSDARG00000018817	4	1.84158261595804	2.04021886358356	1.32152412278577	0.717602409652567	3.68316523191608	0.67608	1
ENSDARG00000018820	7	5.6852850489306	5.78018752203768	3.42631751642634	0.602664156139511	15.0418503719841	0.00152	0.0386764
ENSDARG00000018840	1	0.583179468385425	0.583179468385425	NA	NA	0.583179468385425	0.82797	1
ENSDARG00000018854	16	2.82358867922844	2.66222238145737	1.06661749025193	0.377752431895779	11.2943547169138	0.16397	0.66607461722488
ENSDARG00000018856	9	2.14982468447318	1.74446101063095	1.21460909798209	0.564980533880013	6.44947405341955	0.83895	1
ENSDARG00000018890	2	2.28299662045222	2.28299662045222	1.06360232706384	0.465879939346192	3.22864478349547	0.41524	0.93900040247678
ENSDARG00000018896	9	4.05605002566684	2.1047333227319	5.05847250738044	1.24714253408371	12.1681500770005	0.00776	0.125966953748006
ENSDARG00000018898	11	2.25958179872202	2.16591278013657	1.18806245567282	0.525788646529535	7.49418500947731	0.5244	1
ENSDARG00000018903	6	1.86348038977721	1.02643328277376	1.68296105577694	0.903127859573638	4.56457610063688	0.89622	1
ENSDARG00000018904	8	2.66530414779673	2.03633123040762	1.93709782812399	0.726783031394479	7.53861854732679	0.34776	0.887939237521946
ENSDARG00000018914	1	2.47510545179259	2.47510545179259	NA	NA	2.47510545179259	0.27205	0.820725684647303
ENSDARG00000018918	7	2.18976451586615	2.12664862755447	1.19988351092822	0.547950933643481	5.79357233877557	0.29667	0.844931973392461
ENSDARG00000018923	78	2.7766570568575	2.07356220489408	2.61320027707166	0.941131808344083	24.5227711339671	0.10332	0.551148301886792
ENSDARG00000018936	11	1.39353157678774	1.2185938661643	1.23537961073964	0.886509951634778	4.62182137371728	0.9544	1
ENSDARG00000018944	1	2.50839500877384	2.50839500877384	NA	NA	2.50839500877384	0.30521	0.849307986977754
ENSDARG00000018953	9	1.98837661595146	2.1872730695215	0.847087252822266	0.426019520661546	5.96512984785437	0.64895	1
ENSDARG00000018956	5	1.99213230650281	2.41417397646796	1.21534311562123	0.610071485540415	4.45454325751374	0.43302	0.947766083404987
ENSDARG00000018961	5	3.45986467214192	2.32160634998539	3.04540814597626	0.880210191600042	7.73649259985936	0.50709	0.99246261053441
ENSDARG00000018966	6	12.5880950922511	14.7331810938385	4.59303806488447	0.364871573595898	30.8344098096484	0	0
ENSDARG00000018968	10	2.62493696055544	2.65670514481435	0.887992609246748	0.338291022828543	8.30077950971476	0.29903	0.844931973392461
ENSDARG00000018989	6	3.2390198911398	2.45354545414013	2.26857179881112	0.700388350505874	7.93394600001764	0.15992	0.662832419682798
ENSDARG00000019000	2	12.3336243522822	12.3336243522822	14.2780360251416	1.15765128054185	17.4423788322125	0.00046	0.0157639057239057
ENSDARG00000019001	14	2.2203948923614	2.5285894695531	1.44264725497127	0.6497255330276	8.30795695055915	0.27782	0.825739895165987
ENSDARG00000019004	8	2.17939258091624	1.04556464695445	2.4228041636164	1.11168780917747	6.1642530913341	0.80935	1
ENSDARG00000019008	11	1.65915957554814	1.34699186597686	1.30290224935766	0.785278443712816	5.50280977941849	0.94334	1
ENSDARG00000019033	5	1.93730886106446	1.68680783725592	0.959788529312138	0.495423599510498	4.33195430675282	0.85221	1
ENSDARG00000019038	10	2.35135157110134	2.47899952558853	0.923194419349989	0.392622877283118	7.43562654449559	0.62365	1
ENSDARG00000019060	41	3.3588961929392	2.0107563924264	3.26922479275157	0.973303313041906	21.5074296240299	0.17608	0.687335857852503
ENSDARG00000019116	14	1.18363775695096	0.8492433578246	1.02246819197614	0.863835397250262	4.42876695656011	0.97803	1
ENSDARG00000019117	5	2.01641761409451	2.2593719040677	0.849634872467786	0.42135858491264	4.50884685614326	0.39065	0.922300092785897
ENSDARG00000019128	1	1.28792818639663	1.28792818639663	NA	NA	1.28792818639663	0.66523	1
ENSDARG00000019142	9	3.2931874487673	3.13977619986901	0.834853295003661	0.253509193749709	9.87956234630191	0.02988	0.294118607350097
ENSDARG00000019181	4	4.57471235658549	4.68197239609776	3.57928707495263	0.782407022771629	9.14942471317097	0.22609	0.760708766942149
ENSDARG00000019185	16	3.52416006337544	3.15976019520254	3.11323605895452	0.883398030443789	14.0966402535018	0.0175	0.215223570566948
ENSDARG00000019191	4	2.47709567029134	2.76811664512008	1.52303521679701	0.614847151469882	4.95419134058267	0.41399	0.938925035650624
ENSDARG00000019195	9	3.29921752070245	1.9826747803625	4.83599219298129	1.46579974270737	9.89765256210735	0.037	0.331075417032485
ENSDARG00000019205	26	4.35539178700231	1.67017275802816	11.1557934514787	2.56137541627613	22.2082277112665	0.00524	0.0966172463768116
ENSDARG00000019213	10	1.82367119805492	1.59800039060451	1.56235498465494	0.85670870183249	5.76695468910159	0.98448	1
ENSDARG00000019222	8	1.3127475141976	0.871864623336389	1.26694908397407	0.965112537081033	3.71301067709963	0.98164	1
ENSDARG00000019223	29	3.95644762528123	3.78593510058925	2.37031994128976	0.599103075734833	21.3061225129353	0.41243	0.937453349709692
ENSDARG00000019228	3	1.6918581214974	1.8624374809763	1.06449215662015	0.629185239054208	2.93038422563154	0.73824	1
ENSDARG00000019231	37	3.15649578762215	2.30106222502884	2.41643041307657	0.765542099739949	19.2002143039922	0.9987	1
ENSDARG00000019233	8	1.66844934868646	0.894837511476113	1.89897178081235	1.13816567599572	4.7190873940899	0.597	1
ENSDARG00000019235	19	2.25974224876974	1.31378212006735	2.34172149895343	1.03627814199974	9.84998810083665	0.66707	1
ENSDARG00000019236	7	1.33329112941213	1.06562983502618	1.26558550010447	0.949219170656667	3.52755675367293	0.87076	1
ENSDARG00000019239	2	1.62234298624599	1.62234298624599	0.158181258822085	0.0975017367863179	2.29433945396994	0.69658	1
ENSDARG00000019250	6	1.28774379171817	1.43910106323634	0.500074063244405	0.388333507379743	3.15431520914636	0.85581	1
ENSDARG00000019253	4	1.71836900512775	1.46964077110901	0.528303450632178	0.307444704283933	3.4367380102555	0.5068	0.99246261053441
ENSDARG00000019260	8	1.45967073740977	1.75981213038435	1.01152669239258	0.692982784725519	4.12857230688807	0.86858	1
ENSDARG00000019265	19	1.55081376517134	1.03352204776529	1.59916110691631	1.03117546595908	6.75984048263367	0.85179	1
ENSDARG00000019274	1	1.29892819939975	1.29892819939975	NA	NA	1.29892819939975	0.79265	1
ENSDARG00000019280	13	2.89860558804187	2.29250894494599	1.83038898876335	0.631472248695916	10.4510710750314	0.04922	0.377798763197587
ENSDARG00000019299	25	2.30788603629985	1.96635814423825	1.43835532152517	0.623234986000969	11.5394301814993	0.41402	0.938925035650624
ENSDARG00000019300	16	3.44195060747828	2.7772852209435	2.90997534173789	0.845443666569596	13.7678024299131	0.01062	0.153974871794872
ENSDARG00000019302	10	3.57613059807904	2.72043434832505	3.26166056363667	0.912064163816809	11.3087179001499	0.40279	0.930962514181983
ENSDARG00000019311	13	2.75362094175324	2.01922574346728	2.1294032332617	0.773310226172925	9.92832149868275	0.10062	0.543024332627119
ENSDARG00000019312	7	2.45008987293833	2.30741227850491	1.76883129026015	0.721945472203775	6.48232849355267	0.68333	1
ENSDARG00000019335	2	1.47846720119308	1.47846720119308	0.433500315589234	0.293209288132609	2.09086836745105	0.67243	1
ENSDARG00000019339	5	4.56758757971178	3.76140755372776	5.23107548363848	1.14526002892069	10.2134363214193	0.01185	0.165672115384615
ENSDARG00000019341	9	2.17975388521281	1.92702127760676	1.71565149341284	0.787084957183294	6.53926165563842	0.51359	0.997021048417842
ENSDARG00000019345	7	1.98348773384533	2.168306034311	0.987840491167245	0.49803206458562	5.24781527230183	0.94018	1
ENSDARG00000019353	2	1.64343979391933	1.64343979391933	0.143309021121811	0.0872006517379278	2.32417484550436	0.54562	1
ENSDARG00000019355	6	1.01167954639772	1.13665659085365	0.537885862886811	0.531676126894191	2.47809867188475	0.98046	1
ENSDARG00000019360	13	1.34994714797929	1.42579946951914	0.921763131927824	0.682814237066683	4.86730366120571	0.96262	1
ENSDARG00000019362	17	2.31372664738369	2.3331065642714	1.65260769906943	0.714262292366371	9.53973935596917	0.193	0.717179262504564
ENSDARG00000019364	4	0.618374039510634	0.411620152316243	0.501108165506446	0.810364170370106	1.23674807902127	0.98528	1
ENSDARG00000019367	7	2.79667538456194	3.50834067002421	1.93045145416856	0.69026654463544	7.39930756532682	0.12498	0.597169803001876
ENSDARG00000019383	19	1.89362652709147	1.63552373136792	1.346297335316	0.710962439559746	8.25412666839961	0.90007	1
ENSDARG00000019392	3	2.0207844926104	1.79709874247389	0.621733824494982	0.30766953466267	3.50010141234852	0.35022	0.889800089865202
ENSDARG00000019396	18	4.65617188191905	4.18503914656126	2.04979513684667	0.440231844706266	19.7544642724505	0.00141	0.0365164885496183
ENSDARG00000019398	5	2.35749968081174	2.12664862755447	0.830583510633041	0.352315428669349	5.27152954322911	0.48591	0.980303166864843
ENSDARG00000019417	7	2.1410047764312	1.90699781491844	1.49673369931299	0.699080037461604	5.66456619423839	0.48017	0.97776206662677
ENSDARG00000019418	2	1.9220662626191	1.9220662626191	0.25117175611034	0.130677990137593	2.7182121763757	0.36713	0.906513619602135
ENSDARG00000019420	1	5.11980001876144	5.11980001876144	NA	NA	5.11980001876144	0.05577	0.403430746268657
ENSDARG00000019426	20	1.90645389549554	1.36888408438673	1.94021200572137	1.01770727857915	8.52592101259459	0.94731	1
ENSDARG00000019438	25	4.94847169557922	2.37021986489086	8.15614075592958	1.64821408662718	24.7423584778961	0	0
ENSDARG00000019444	3	2.48662158788693	2.99714319102147	1.59944609055016	0.643220544027099	4.30695492941776	0.63685	1
ENSDARG00000019451	5	4.32059346707421	3.73870423046693	4.01216587901704	0.928614531682372	9.66114069551944	0.24569	0.78753154619736
ENSDARG00000019457	6	2.08902930118896	1.86372437515335	0.927266729216384	0.443874448620052	5.11705584563587	0.34341	0.884196048570706
ENSDARG00000019459	8	2.73766027456238	2.39701261762626	2.10246624275611	0.767979234783685	7.74327257891233	0.29808	0.844931973392461
ENSDARG00000019484	5	3.42985715546694	1.35165069132102	3.71119178992834	1.08202517530883	7.66939375273813	0.05551	0.402694782608696
ENSDARG00000019496	7	6.25939236228722	5.98340402769056	3.60679250638554	0.576220868996235	16.5607955489891	0.00012	0.00547695067264574
ENSDARG00000019498	11	1.71531620338235	2.18566123045522	1.13922968683869	0.664151416859644	5.68906024343622	0.61486	1
ENSDARG00000019501	24	2.9638669461585	1.55756777536734	3.30827672191066	1.11620284648694	14.5199233671787	0.01752	0.215223570566948
ENSDARG00000019503	5	1.37103518043441	1.51348207269889	1.20771968964479	0.880881619144254	3.06572786299502	0.77778	1
ENSDARG00000019525	13	2.87122547025755	2.49968387796192	2.08187286512692	0.725081637333126	10.3523506564318	0.05415	0.398797901591896
ENSDARG00000019526	1	1.42775283166813	1.42775283166813	NA	NA	1.42775283166813	0.68998	1
ENSDARG00000019530	16	2.34971541898274	2.34565385643669	1.44429519656882	0.614668135937117	9.39886167593095	0.66075	1
ENSDARG00000019566	7	2.84674316710772	2.49201773501463	1.65167082501028	0.580196641584767	7.53177446663941	0.96685	1
ENSDARG00000019572	14	2.33971814110585	2.2461319781658	1.12225412799307	0.479653556672706	8.75442366563768	0.70498	1
ENSDARG00000019579	38	2.5385400205016	2.15314393302454	1.8507084989086	0.729044444429485	15.6486116494772	0.10809	0.563175774504825
ENSDARG00000019596	17	1.84093784455504	1.56318269850394	1.31863647528261	0.71628516909615	7.59038118329734	0.84546	1
ENSDARG00000019601	1	4.09886970767191	4.09886970767191	NA	NA	4.09886970767191	0.16482	0.666990715421304
ENSDARG00000019636	1	1.87878825269252	1.87878825269252	NA	NA	1.87878825269252	0.41184	0.937158748043818
ENSDARG00000019658	24	2.09790434806623	2.07343342871205	0.986660923860198	0.47030786926471	10.2775903638569	0.31574	0.858563109804969
ENSDARG00000019660	3	1.929315707009	1.6244208892013	0.528093315407401	0.273720528728861	3.34167282838026	0.38332	0.915828863849765
ENSDARG00000019693	33	4.50576155247215	3.84565248177394	4.67083472782717	1.03663602111045	25.8836295085387	0	0
ENSDARG00000019717	10	1.39549117990539	0.885346314600326	1.194948204336	0.856292194134122	4.41293058317684	0.87246	1
ENSDARG00000019728	11	1.87578256187271	1.81776120317886	1.01886581064703	0.543168398809418	6.2212669460234	0.52888	1
ENSDARG00000019746	13	3.521674618309	1.47422222785327	4.18744195048964	1.18904850797952	12.6975784118132	0.00867	0.135239785932722
ENSDARG00000019753	8	2.20988465933967	1.96152525308368	1.63131426379448	0.738189776964165	6.25049771303682	0.4792	0.97776206662677
ENSDARG00000019774	19	2.38019083317766	2.3732351737868	1.56163281431823	0.656095634245169	10.3750113081633	0.25734	0.800223883969466
ENSDARG00000019778	3	4.13695781371529	2.93880318114957	3.68714055477866	0.891268589337474	7.16542112212394	0.84568	1
ENSDARG00000019791	3	0.733336558145934	0.531292386882995	0.852508493683239	1.16250647020599	1.27017617775645	0.92927	1
ENSDARG00000019810	1	1.97864232221319	1.97864232221319	NA	NA	1.97864232221319	0.46764	0.969718224394217
ENSDARG00000019815	2	1.49773739276704	1.49773739276704	2.11812053372447	1.4142135623731	2.11812053372447	0.5666	1
ENSDARG00000019834	18	1.84978575656051	1.84745362908571	1.67896056316281	0.907651362979822	7.84797631323735	0.56148	1
ENSDARG00000019835	2	1.56656551152862	1.56656551152862	1.22711134078929	0.783313134215434	2.21545819274972	0.65283	1
ENSDARG00000019842	26	1.6541613149326	1.337846042216	1.41414930939449	0.854904111605408	8.43460082347164	0.85712	1
ENSDARG00000019874	5	2.19862947374985	1.10092782285774	2.76340559091801	1.25687644230699	4.91628496063927	0.29757	0.844931973392461
ENSDARG00000019877	3	3.73531004026885	5.25719022651858	2.63597380561692	0.705690766549379	6.4697467717678	0.09907	0.539744072688402
ENSDARG00000019897	14	3.34752901853409	1.67077304095558	3.89833574086311	1.16454128381842	12.5253066796382	0.07816	0.478928725961538
ENSDARG00000019917	9	2.46199233875043	1.65442158792893	3.00136894473367	1.21908135029251	7.38597701625128	0.65519	1
ENSDARG00000019924	8	1.0559340651857	0.76067765195992	0.899157204807009	0.851527793687459	2.98663255191475	0.99837	1
ENSDARG00000019930	1	4.06285989074985	4.06285989074985	NA	NA	4.06285989074985	0.105	0.556030176899063
ENSDARG00000019950	15	1.69958871847964	1.42405447347082	1.50764215245628	0.887062932381043	6.58247880207363	0.78734	1
ENSDARG00000019951	12	3.78405681143444	3.96681167822937	2.72125485772928	0.719136892846417	13.1083573122631	0.09253	0.518020472787246
ENSDARG00000019961	16	1.81305943427015	2.06376999182005	1.06719084967801	0.588613274063797	7.2522377370806	0.72033	1
ENSDARG00000019962	1	3.34270019779956	3.34270019779956	NA	NA	3.34270019779956	0.33236	0.87610369143153
ENSDARG00000019963	10	1.08835510457284	0.743705739230199	1.02820436049174	0.944732428020624	3.44168103352092	0.96969	1
ENSDARG00000019969	20	3.25070155299803	2.77062799687361	2.87636691593451	0.884844969321074	14.5375792941355	0.03709	0.331142122807018
ENSDARG00000019973	9	0.706514907815411	0.541345360368685	0.578361839924732	0.818612365467367	2.11954472344623	0.99821	1
ENSDARG00000019976	13	3.4204770109948	3.124816869207	1.8098309999297	0.529116551320817	12.3327052496875	0.02176	0.242381005464481
ENSDARG00000019990	3	2.65029049445462	0.897466469475893	3.19491703039316	1.20549692083871	4.59043779121224	0.43329	0.947781134751773
ENSDARG00000019995	1	0.69154966776939	0.69154966776939	NA	NA	0.69154966776939	0.78467	1
ENSDARG00000020000	11	1.15824748334949	1.00415155442692	0.868687375101785	0.750001521772929	3.84147231664368	0.95438	1
ENSDARG00000020007	5	0.526456790599814	0	0.721317783716281	1.3701367265003	1.17719317099756	0.98848	1
ENSDARG00000020015	5	1.29499365054362	1.29177380535467	1.20925033066624	0.933788617541578	2.89569383304613	0.87589	1
ENSDARG00000020024	2	1.15338867930627	1.15338867930627	1.09646869729292	0.950649782649522	1.63113791296251	0.70126	1
ENSDARG00000020031	5	2.78902123312274	2.50839500877384	1.91041967798647	0.684978534870264	6.23644106795274	0.15845	0.660132664756447
ENSDARG00000020041	1	0.50545169256105	0.50545169256105	NA	NA	0.50545169256105	1	1
ENSDARG00000020043	6	3.74219424496361	2.94070221675865	2.0420750728399	0.545689223799166	9.16646641854059	0.05695	0.409274834156669
ENSDARG00000020053	22	2.0296393468151	1.38238304974452	2.31475776212212	1.14047737877886	9.51985237905925	0.54331	1
ENSDARG00000020054	25	2.25174216308753	1.76095743885143	1.992247217101	0.884758144053794	11.2587108154376	0.2436	0.785307287116176
ENSDARG00000020057	20	1.97939966151538	1.54441062531178	1.18600783537922	0.599175527023805	8.85214439557692	0.85004	1
ENSDARG00000020072	1	2.59959564003683	2.59959564003683	NA	NA	2.59959564003683	0.2001	0.726355496453901
ENSDARG00000020077	12	1.79438286878904	1.5110774137478	0.868858544806348	0.484210231784428	6.21592459394764	0.63214	1
ENSDARG00000020080	21	1.63237694023972	1.49495414549577	1.26627636431341	0.775725467015879	7.48049089134891	0.82039	1
ENSDARG00000020085	7	2.23352492146042	1.8624374809763	1.17887030661137	0.527807097778229	5.90935148924934	0.29867	0.844931973392461
ENSDARG00000020101	6	2.40521327859812	1.2765821648681	2.51548655576445	1.04584760867053	5.89154525513199	0.58114	1
ENSDARG00000020102	3	0.756814897851457	0.57210937755394	0.864102313568743	1.14176176502586	1.31084185500377	0.9345	1
ENSDARG00000020133	5	2.20856987687802	2.47510545179259	1.05639974848765	0.478318462796817	4.9385123777576	0.32543	0.87054667542707
ENSDARG00000020149	8	2.52056712156628	1.12903181376992	2.80354824339505	1.11226883006112	7.1292404163815	0.17345	0.6834924516628
ENSDARG00000020164	6	3.79960559155771	3.70211387737068	2.81561414684009	0.741028003826519	9.30709492314223	0.03583	0.324305217391304
ENSDARG00000020187	2	4.36528378526166	4.36528378526166	0.64103336545775	0.146848039438363	6.1734435327244	0.05391	0.397605782608696
ENSDARG00000020191	6	2.8492910629864	3.0179783665531	0.788155186646373	0.276614487331558	6.97930923298896	0.11539	0.577687860304968
ENSDARG00000020197	1	1.82256859988704	1.82256859988704	NA	NA	1.82256859988704	0.80689	1
ENSDARG00000020201	3	1.57552188173697	1.81325927515217	0.682452295356219	0.433159515756031	2.72888394760496	0.6557	1
ENSDARG00000020212	10	2.16691485607854	1.54350194300087	2.06484386680366	0.95289570838995	6.85238644086413	0.86295	1
ENSDARG00000020218	12	3.18238448985492	1.01966294995824	5.07846274200393	1.59580426507026	11.0241032512958	0.22418	0.757992268349386
ENSDARG00000020219	4	1.08070160331802	1.15626929732998	0.353701507098059	0.327288777968042	2.16140320663604	0.836	1
ENSDARG00000020231	10	2.63014020531836	2.27355899773677	0.981900141585179	0.373326159419066	8.31723361438893	0.68287	1
ENSDARG00000020232	9	2.01836568206395	1.52889238595377	1.57483289788621	0.780251523240234	6.05509704619184	0.55733	1
ENSDARG00000020235	15	1.67481989952391	1.6016534780358	0.939542115829348	0.560980984341316	6.48654957875289	0.68306	1
ENSDARG00000020239	14	1.10163985661752	0.986608767639616	0.691611606159933	0.627801910039332	4.12195890707752	0.99226	1
ENSDARG00000020242	4	0.621228667676196	0.556727368961312	0.165444244939278	0.26631778851763	1.24245733535239	0.98091	1
ENSDARG00000020252	6	2.05096860458893	2.56968819610326	1.39942958548524	0.682326185956281	5.0238265597109	0.56146	1
ENSDARG00000020261	4	3.7847307963677	3.96641031781552	1.55555936339533	0.411009249294094	7.56946159273539	0.73071	1
ENSDARG00000020279	13	1.89083363994787	1.04782277521322	1.69563667513836	0.896766716708672	6.81749764220427	0.59185	1
ENSDARG00000020284	23	2.51164923994851	2.02904236379549	1.87764723566937	0.747575420088461	12.0454466004495	0.29784	0.844931973392461
ENSDARG00000020301	16	1.99468167893383	1.8338343034908	1.56899066173748	0.78658699195358	7.97872671573532	0.88538	1
ENSDARG00000020311	13	1.71977304578661	1.59161242430429	0.931243158660492	0.541491891003879	6.20072989874451	0.95758	1
ENSDARG00000020326	14	2.00131569510886	1.83726911884424	1.16019018405625	0.579713728769387	7.48823765387069	0.42344	0.942232689112374
ENSDARG00000020328	18	2.50720573949792	1.41715892321385	2.32061979330285	0.925580121624787	10.6371730813729	0.36885	0.909144305084746
ENSDARG00000020334	21	1.77390437636632	1.35335877023845	1.3474738550089	0.759609070793928	8.12905108031211	0.87082	1
ENSDARG00000020345	22	4.03821996019967	2.86928019512582	3.60774120812288	0.893398884577971	18.9409305429541	0.39144	0.923450057937428
ENSDARG00000020377	9	2.77429789469118	2.18745012741693	2.07587322416146	0.748251738983689	8.32289368407353	0.37878	0.912262858495031
ENSDARG00000020405	6	1.21308270402146	1.15024885233071	0.788134973882139	0.649695994567733	2.97143364064826	0.87585	1
ENSDARG00000020417	10	2.22074293247017	1.52423768133606	1.18904951220647	0.535428704881149	7.02260576432724	0.27741	0.825739895165987
ENSDARG00000020442	20	1.98068616123021	1.96909562126969	1.00551048394128	0.50765765098129	8.85789779720773	0.62666	1
ENSDARG00000020447	5	1.56998341043842	1.81776120317886	0.815438215612746	0.519392886696193	3.51058962928726	0.66008	1
ENSDARG00000020448	10	3.14359205394399	3.11854784547976	1.07105146383311	0.340709432220811	9.94091092486991	0.05122	0.386975255744996
ENSDARG00000020449	10	2.44645377975499	2.32700946960554	1.3296285653231	0.543492207507089	7.73636613435369	0.70544	1
ENSDARG00000020450	11	3.17261837795355	2.97893137581912	1.95530965936152	0.616307865121414	10.5223847626579	0.86674	1
ENSDARG00000020454	7	2.23609432780788	1.60460479787749	1.69568482463386	0.758324371001023	5.91614949946178	0.62222	1
ENSDARG00000020465	2	4.97128730798209	4.97128730798209	0.878913670904001	0.176798003505608	7.03046193340151	0.04158	0.350734047815334
ENSDARG00000020467	8	3.74913252179991	3.58393343286181	2.20840236091226	0.589043558228782	10.6041481189269	0.5019	0.989221185127808
ENSDARG00000020469	18	1.56355657477275	1.31280437913381	1.1404202629177	0.729375758650401	6.63360874074374	0.95819	1
ENSDARG00000020473	5	2.46377074975349	2.75147014947022	1.80263790064446	0.731658130459103	5.50915887742443	0.21034	0.741806742817584
ENSDARG00000020475	5	2.75850616773993	3.58307399955065	1.76763117191058	0.640792901818603	6.16820730741891	0.52963	1
ENSDARG00000020493	7	2.71209276913713	2.24636639539696	2.18432691313109	0.805402727365423	7.17552299967336	0.69213	1
ENSDARG00000020504	4	2.39493555912504	2.03606674564848	1.63203761009732	0.681453663285021	4.78987111825009	0.8962	1
ENSDARG00000020521	20	3.31244451782972	3.03064418377916	2.60211857838397	0.785558388790418	14.8137022271275	0.04261	0.354776
ENSDARG00000020527	5	3.77592630894782	3.05729275578302	3.66879456965547	0.971627693305751	8.4432279048372	0.05295	0.393089059080963
ENSDARG00000020541	15	1.65875910195242	1.67639096274403	1.00577269271277	0.606340421299836	6.42434637723171	0.74628	1
ENSDARG00000020544	2	1.08842856267632	1.08842856267632	0.0574252553411569	0.0527597835175831	1.53927043501111	0.72225	1
ENSDARG00000020595	11	1.85550869994627	1.95826104628529	1.14184072844526	0.615378806080684	6.15402615296193	0.67332	1
ENSDARG00000020596	16	1.6825593315554	0.824815672812652	2.04474345318754	1.21525786035571	6.73023732622158	0.77595	1
ENSDARG00000020600	9	1.54712209303963	1.06157234631249	1.12607402445378	0.727850781473478	4.64136627911889	0.83354	1
ENSDARG00000020602	9	1.73288027158416	1.42405447347082	1.01807796619159	0.587506236227668	5.19864081475249	0.56934	1
ENSDARG00000020607	19	4.90000690018252	3.3091104574817	4.81081603935818	0.981797809137571	21.3586349005476	0.00055	0.0182342019543974
ENSDARG00000020611	3	2.03330133203933	2.19699541797725	0.46647886568789	0.229419446265757	3.5217812141896	0.40184	0.930844578971324
ENSDARG00000020621	14	2.11951009923509	2.66139158052797	1.39127165234249	0.656411900488037	7.93048061914494	0.80632	1
ENSDARG00000020642	1	3.64461759423937	3.64461759423937	NA	NA	3.64461759423937	0.15066	0.641852786610879
ENSDARG00000020645	26	3.80474939623835	1.88539452003048	3.88174311172483	1.02023621202558	19.4004914157497	0.00373	0.0753252777777778
ENSDARG00000020647	9	1.89081656024462	1.60184664152274	1.48451414141592	0.785118013364484	5.67244968073385	0.70224	1
ENSDARG00000020655	1	2.27733489697491	2.27733489697491	NA	NA	2.27733489697491	0.43637	0.950026494117647
ENSDARG00000020676	12	2.69545349045775	2.68212660026445	1.96919760882956	0.730562636602994	9.33732478982339	0.22446	0.758223903247184
ENSDARG00000020679	3	1.83796335453023	2.01922574346728	1.36172684166103	0.740889005379042	3.18344591249609	0.45011	0.958226135508156
ENSDARG00000020699	6	1.33760482144121	1.24661435228064	0.739251021024261	0.552667730539241	3.27644929001757	0.86793	1
ENSDARG00000020702	5	8.46379829028489	10.6721535626835	3.17214623865156	0.374789914628835	18.9256283249235	6e-05	0.00306874371859297
ENSDARG00000020708	3	6.29979985736923	4.42498068265783	5.46969140246394	0.868232567113341	10.9115734304787	0.78364	1
ENSDARG00000020735	1	1.42405447347082	1.42405447347082	NA	NA	1.42405447347082	0.59459	1
ENSDARG00000020759	4	2.24720145978911	2.31940822997126	1.02723211425787	0.457116165434618	4.49440291957822	0.27887	0.826170581733566
ENSDARG00000020764	13	3.76197601380093	3.80649639961928	2.79915231905723	0.744064371699461	13.5639974148249	0.73445	1
ENSDARG00000020771	26	2.10210428078872	1.61900781727482	1.51230432033512	0.719424023896521	10.7186707473486	0.63299	1
ENSDARG00000020785	26	1.32967086505163	1.07445257599458	0.990644360166021	0.745029756012254	6.78001768755407	0.97503	1
ENSDARG00000020788	7	3.23830474532504	2.3732351737868	2.48361527791665	0.766949213628554	8.5677490255704	0.05473	0.4010381137509
ENSDARG00000020794	4	1.93282574939941	2.21943012736355	1.13739100381525	0.588460187975391	3.86565149879882	0.81419	1
ENSDARG00000020795	21	5.15857375343884	3.9665654996568	3.95200181271113	0.766103578547583	23.6395547031459	0.09428	0.524297629710541
ENSDARG00000020811	2	1.9877334544318	1.9877334544318	1.0128793164984	0.509564959144853	2.81107960964018	0.84246	1
ENSDARG00000020814	1	2.18641395806165	2.18641395806165	NA	NA	2.18641395806165	0.40678	0.932452393605044
ENSDARG00000020820	2	6.15496862678763	6.15496862678763	2.6205849892725	0.425767399994079	8.70444010798397	0.02568	0.268111045081967
ENSDARG00000020834	48	2.08299091084808	1.48812427962682	2.00993156996625	0.964925751475272	14.4313843571722	0.30757	0.849307986977754
ENSDARG00000020840	13	2.16648870311295	1.43021592561133	2.71967039380444	1.25533559897942	7.81138610678722	0.53844	1
ENSDARG00000020841	2	2.86475203931876	2.86475203931876	0.338991364085558	0.11833183445998	4.05137118684057	0.18603	0.705414566430964
ENSDARG00000020845	9	1.93818525087022	1.16491723718223	1.86340327110243	0.961416495283813	5.81455575261067	0.49189	0.984360287062525
ENSDARG00000020850	15	3.35122830192911	2.72196164932444	2.37219723540621	0.707859036055725	12.9792514027104	0.99409	1
ENSDARG00000020857	13	1.33844914178904	1.34677056217925	0.928848075377464	0.693973380367606	4.82584701032117	0.98114	1
ENSDARG00000020872	8	1.59827807389217	1.78751357819255	0.901902804255623	0.564296550761837	4.5206130570837	0.63837	1
ENSDARG00000020876	26	1.66102355169308	1.6624050296772	0.993407067729117	0.598069224675676	8.4695915026202	0.89616	1
ENSDARG00000020884	1	1.51348207269889	1.51348207269889	NA	NA	1.51348207269889	0.57499	1
ENSDARG00000020890	3	1.92561841398001	1.74477457455977	0.55065754405979	0.285963999960746	3.33526892900357	0.42027	0.941827146923582
ENSDARG00000020891	2	1.25343344313466	1.25343344313466	0.583268086095511	0.465336304285003	1.77262257481305	0.72444	1
ENSDARG00000020893	8	2.15024469159077	1.80765127474747	1.25816773102078	0.585127700089785	6.08181041053685	0.55653	1
ENSDARG00000020895	5	1.94149385267914	1.85324033046778	1.50753490299712	0.776481934731247	4.34131223248851	0.7779	1
ENSDARG00000020926	8	5.5756484199569	2.29025943040289	8.00172850911569	1.43512070819873	15.7703152290543	0.00157	0.0394554567901235
ENSDARG00000020929	1	2.69078811211254	2.69078811211254	NA	NA	2.69078811211254	0.2185	0.750623217771794
ENSDARG00000020948	7	1.80358679610637	1.65638013951358	0.853485915383363	0.473215881390289	4.77184213041721	0.78023	1
ENSDARG00000020953	7	1.0824582993431	0.57210937755394	1.08631417880023	1.00356215057843	2.86391546465976	0.96353	1
ENSDARG00000020960	15	3.52061322765085	2.74374837577984	3.09130667921317	0.878059155982852	13.6352763991293	0.1232	0.594343153409091
ENSDARG00000020964	1	2.59959564003683	2.59959564003683	NA	NA	2.59959564003683	0.20082	0.726355496453901
ENSDARG00000020984	5	3.09925845794839	2.6823674146269	2.34246580132376	0.755814925765954	6.93015259181376	0.09877	0.539188418230563
ENSDARG00000020986	11	1.44781200725003	1.29177380535467	1.02549014699656	0.708303385979212	4.80184919501967	0.87351	1
ENSDARG00000021021	34	1.72015316533688	1.75334347574508	1.26018884140858	0.732602693064124	10.0301303588452	0.88607	1
ENSDARG00000021022	7	2.84780022160657	2.85908740180982	1.81230682179152	0.63638832810018	7.5345711699656	0.13513	0.613904622936189
ENSDARG00000021032	2	0	0	0	0	0	1	1
ENSDARG00000021048	7	1.6506637273426	1.60569181171245	0.935914725641179	0.566992967821439	4.36724572074345	0.84469	1
ENSDARG00000021082	18	2.12191368517498	2.33365636806278	1.28143416181657	0.603904942396796	9.00251733527858	0.42955	0.945493057958477
ENSDARG00000021097	6	2.5293075491057	2.58457767551965	0.985276788830106	0.389544082600186	6.19551289787848	0.20086	0.726355496453901
ENSDARG00000021107	1	5.54198032022632	5.54198032022632	NA	NA	5.54198032022632	0.12582	0.598169149722736
ENSDARG00000021112	4	1.56042697893801	1.21618986229022	1.6540779564085	1.06001625115084	3.12085395787603	0.67107	1
ENSDARG00000021115	3	2.3708845659171	0.623677269447383	3.57997957737173	1.50997633070631	4.1064925270493	0.25349	0.797344582691715
ENSDARG00000021120	12	5.59013117621563	5.05625272469191	4.2419517483864	0.758828659770036	19.3647824363605	6e-05	0.00306874371859297
ENSDARG00000021137	24	1.78078537726375	1.77923156651615	1.2358107412084	0.693969501876342	8.72403103141164	0.66062	1
ENSDARG00000021141	1	4.51644070242033	4.51644070242033	NA	NA	4.51644070242033	0.09143	0.515553761772853
ENSDARG00000021143	19	3.0331439928077	3.04708681358654	2.0726230019083	0.68332496143374	13.2211681458562	0.9478	1
ENSDARG00000021147	16	1.52551455173295	1.17497883120385	1.2198418430665	0.799626487784593	6.10205820693178	0.91484	1
ENSDARG00000021151	10	2.23392155900168	2.07333416673382	1.17806086718215	0.527351044370876	7.06428024059952	0.62768	1
ENSDARG00000021163	44	2.27049486432783	1.54098145459043	2.16958283380666	0.955555050087708	15.0607591068086	0.81692	1
ENSDARG00000021184	1	1.92870913052087	1.92870913052087	NA	NA	1.92870913052087	0.3717	0.909903005008347
ENSDARG00000021186	7	1.91498124121585	2.10245572445808	1.18963751178466	0.621226718142336	5.06656412961093	0.45459	0.959895774006623
ENSDARG00000021195	1	6.52826155807515	6.52826155807515	NA	NA	6.52826155807515	0.03773	0.332738930112166
ENSDARG00000021200	18	2.35201886183052	2.51312565678095	1.38890990511256	0.590518183188208	9.97877092007415	0.94817	1
ENSDARG00000021209	5	1.30198358275076	0.881028429036563	1.18438864124767	0.909680165663345	2.91132379661943	0.76848	1
ENSDARG00000021225	9	1.64051053124445	1.08072943044783	1.03703670819877	0.632142670496665	4.92153159373334	0.94415	1
ENSDARG00000021233	14	2.9087031390466	3.21410004513034	1.4436034959926	0.496304857176238	10.8833705861463	0.07038	0.454234394419784
ENSDARG00000021250	6	3.78520391728815	3.36774956381402	2.16983375941894	0.573240915636979	9.27181816974003	0.04262	0.354776
ENSDARG00000021252	4	2.34671613425328	2.24136531200996	1.62570210116105	0.692756178487838	4.69343226850656	0.75069	1
ENSDARG00000021287	7	3.82056011930129	4.1599455872958	1.15656882589513	0.302722320754016	10.1082519446425	0.03181	0.30324536950421
ENSDARG00000021309	21	2.21343209535342	1.6387878455389	1.65503196312597	0.747722040626556	10.1432201226018	0.47381	0.975359077856421
ENSDARG00000021324	10	1.72249165518573	1.47467527461643	1.34146722303923	0.778794613605594	5.44699688102028	0.60114	1
ENSDARG00000021346	9	4.73582621007424	4.82518382191149	2.82764177492472	0.597074649595385	14.2074786302227	0.35285	0.892155042225534
ENSDARG00000021366	5	4.05287755318997	2.09967151460726	3.44178739012999	0.849220669748831	9.06250971341579	0.03446	0.317671392405063
ENSDARG00000021370	8	2.80758886488943	3.72869131228174	1.57512186001785	0.561022975876449	7.94106050058864	0.14732	0.636944415254237
ENSDARG00000021372	4	6.90924458516208	2.75564004784283	9.92295455647759	1.43618516238195	13.8184891703242	0.04108	0.349433338898164
ENSDARG00000021374	11	1.65528829459864	1.69370789882307	1.48505404583081	0.897157341519708	5.48997019305095	0.73684	1
ENSDARG00000021378	6	2.97907358910584	2.25560380839357	2.61657550737914	0.87831852054534	7.29721019951102	0.08986	0.511518501118568
ENSDARG00000021380	6	1.94340196860343	1.15286735823394	2.17391825458979	1.11861482581085	4.76034318819874	0.53677	1
ENSDARG00000021389	24	2.06404129809756	1.07092794390051	2.24709109586304	1.08868514304157	10.1116959767417	0.60203	1
ENSDARG00000021392	3	2.1132441252606	2.6823674146269	1.37846394582583	0.652297540709285	3.6602461937478	0.3274	0.871753946680606
ENSDARG00000021398	30	1.41515630169844	1.35502522725343	1.03903260060431	0.734217555585405	7.75113028835819	0.96367	1
ENSDARG00000021399	13	2.14647758089835	1.46635448287741	1.82507079526788	0.85026315276214	7.73923497956291	0.63403	1
ENSDARG00000021408	8	1.63719337936371	1.06207644308786	1.82229788019907	1.113062087331	4.6306821626472	0.63491	1
ENSDARG00000021439	18	1.99785270741667	1.81942257652982	1.49171379973228	0.746658547046317	8.47617118335738	0.95778	1
ENSDARG00000021442	11	4.38404260535734	3.47862192684938	4.56223874247101	1.04064653406787	14.5402243869024	0.04075	0.347947567114094
ENSDARG00000021443	5	1.22028408486878	1.31099152023263	0.867906373648863	0.71123305172188	2.72863816562771	0.93752	1
ENSDARG00000021455	1	5.82290445526914	5.82290445526914	NA	NA	5.82290445526914	0.056	0.403946137491141
ENSDARG00000021466	13	2.47217390864578	2.22472349365335	2.12267414593192	0.858626546663412	8.91354978948659	0.38508	0.91723450163781
ENSDARG00000021480	6	1.5653044359862	1.59110841853758	1.06483150453099	0.680271185624097	3.83419716028121	0.61076	1
ENSDARG00000021539	31	1.94478941939221	1.38716476084012	1.81977133789277	0.935716391578008	10.8281292225008	0.71686	1
ENSDARG00000021555	1	1.13998094391514	1.13998094391514	NA	NA	1.13998094391514	0.71603	1
ENSDARG00000021566	1	2.87496836389162	2.87496836389162	NA	NA	2.87496836389162	0.21374	0.743894095238095
ENSDARG00000021569	13	2.40950903261536	1.74489282558	2.19915164538298	0.912696991633996	8.68760836578831	0.21207	0.74246309540151
ENSDARG00000021582	2	2.02071729432608	2.02071729432608	0.123767216137603	0.0612491497376333	2.8577258033578	0.42249	0.941827146923582
ENSDARG00000021584	12	2.01878872765933	1.86747549025779	1.12202260659608	0.555790009733709	6.99328929210656	0.77505	1
ENSDARG00000021589	10	2.30568091160128	2.39741203560217	0.67117414822367	0.291095851488637	7.29120323823338	0.34648	0.88694
ENSDARG00000021590	2	4.29794010255622	4.29794010255622	1.04552709140546	0.243262369055266	6.07820518330222	0.08944	0.510951556550952
ENSDARG00000021611	21	3.11529258424139	2.82921636758468	1.81248025262663	0.581800971695242	14.2760640792208	0.06859	0.448944707395498
ENSDARG00000021681	3	6.18130290225365	6.1006136707299	2.44701714805747	0.395874006945252	10.7063306836763	0.00424	0.0818875142314991
ENSDARG00000021697	1	1.6016534780358	1.6016534780358	NA	NA	1.6016534780358	0.52637	1
ENSDARG00000021739	14	2.06909806249053	2.34580297126098	1.39073938958659	0.672147644811278	7.74185604947736	0.35537	0.894999396487757
ENSDARG00000021805	5	2.21224727440258	2.0637996716953	1.93398975743329	0.874219523202064	4.94673528860281	0.82432	1
ENSDARG00000021808	3	1.34770874336936	0.876597912749793	1.1603023893793	0.860944469706764	2.33430001732054	0.87502	1
ENSDARG00000021811	1	2.16355540625529	2.16355540625529	NA	NA	2.16355540625529	0.87339	1
ENSDARG00000021812	13	1.72370525917605	1.12903435013942	1.49692943066131	0.868437003769925	6.21490769574621	0.85189	1
ENSDARG00000021827	1	0	0	NA	NA	0	1	1
ENSDARG00000021833	41	1.75192708973277	1.7722428211665	1.17432564440426	0.670305089342153	11.2178068104831	0.83295	1
ENSDARG00000021838	2	8.42046374749928	8.42046374749928	0.736469213175426	0.087461835269363	11.9083340331845	0.06743	0.445981454545455
ENSDARG00000021846	5	2.99366894720656	2.77145412208715	1.16155202099451	0.388002829129911	6.6940472680841	0.23482	0.772870294022617
ENSDARG00000021853	3	9.69630708031744	6.45812836205923	6.75663925772865	0.696826039208676	16.7944965088996	0.00013	0.00588062222222222
ENSDARG00000021855	16	2.22709960226139	2.2489574199714	0.981036778349983	0.440499732187031	8.90839840904555	0.24916	0.790396211838006
ENSDARG00000021859	16	3.08534917395892	2.36908655244522	2.22344088157431	0.720644813994046	12.3413966958357	0.03391	0.316328142726441
ENSDARG00000021864	2	55.616147871843	55.616147871843	61.0642957406347	1.09795982061444	78.6531106073079	0	0
ENSDARG00000021895	11	2.81124052610942	2.18641395806165	2.08393071718696	0.741285100948296	9.32383002054626	0.11262	0.570423731343284
ENSDARG00000021896	2	2.86968591995292	2.86968591995292	0.381965336922479	0.133103533828101	4.05834874774853	0.17124	0.678929672897196
ENSDARG00000021899	10	1.12071933274283	1.08327882894196	0.88026730926803	0.785448491473485	3.54402570925148	0.96425	1
ENSDARG00000021909	3	1.23006212945772	1.74446101063095	1.07000769535164	0.869881016354317	2.13053010468714	0.72605	1
ENSDARG00000021924	3	2.35377056637656	1.83056614575414	2.12294532971584	0.901933841828921	4.07685021032437	0.25506	0.797787547633682
ENSDARG00000021938	20	1.76289112972999	1.87799540957127	1.02472866366931	0.581277338338106	7.88388880601533	0.87103	1
ENSDARG00000021945	14	1.7828420276394	1.33937724822728	1.47908068733565	0.829619598599018	6.67078404216798	0.9569	1
ENSDARG00000021959	3	1.18059062498506	1.12903435013942	0.0892980874816287	0.075638486018605	2.04484294541362	0.73788	1
ENSDARG00000021973	16	3.90499875550431	1.80565252061735	5.29421939344668	1.35575443807356	15.6199950220172	0.24741	0.789018201754386
ENSDARG00000021975	6	1.69771270151839	1.41368255485412	1.41647746415292	0.834344623142695	4.158529848562	0.91208	1
ENSDARG00000021984	4	1.87699107912733	1.78254624110547	1.72391888316924	0.918448096178883	3.75398215825466	0.7696	1
ENSDARG00000021991	1	5.84454491605923	5.84454491605923	NA	NA	5.84454491605923	0.0332	0.310578676470588
ENSDARG00000022000	4	2.21672194720219	1.35165069132102	1.911261084006	0.862201543327648	4.43344389440437	0.29338	0.842718937007874
ENSDARG00000022045	65	3.18354134739711	2.77485888335224	2.01983913210309	0.634462980590631	25.6665308950812	0.98331	1
ENSDARG00000022085	7	3.03860920038212	2.2593719040677	2.77497432189594	0.913238307034342	8.03940427572392	0.0793	0.481572434367542
ENSDARG00000022098	1	7.69973159306062	7.69973159306062	NA	NA	7.69973159306062	0.04645	0.36705597826087
ENSDARG00000022177	9	1.13181317809253	0.908646593915662	0.941907517089106	0.832211123991791	3.39543953427759	0.9616	1
ENSDARG00000022187	17	1.73600863005143	1.67639096274403	1.31091962680649	0.755134279930198	7.15774694868584	0.88819	1
ENSDARG00000022203	20	2.08646641320477	2.05745024830227	1.47928939541661	0.708992671079928	9.33096146539206	0.42213	0.941827146923582
ENSDARG00000022213	3	0.558376646193006	0.425997798309814	0.25908811660888	0.464002422693238	0.967136720966197	0.9787	1
ENSDARG00000022254	16	2.750739642854	1.07866156043692	4.61209482037046	1.67667442913108	11.002958571416	0.73614	1
ENSDARG00000022260	10	2.92746922059786	1.56330032950338	2.98076205145578	1.01820440347688	9.25747051712716	0.10767	0.562872659137577
ENSDARG00000022280	30	1.63658308336747	1.21573678709834	1.58448237376838	0.968164946754864	8.96393471991721	0.99754	1
ENSDARG00000022315	6	4.43367691365563	3.9487661190118	3.04585200058275	0.68698104528131	10.860246122814	0.79202	1
ENSDARG00000022340	3	1.8358742218867	0.970277705727999	2.03804665708944	1.11012324961727	3.17982742861375	0.67857	1
ENSDARG00000022350	22	1.9539140687318	2.05849118777236	1.45576665976917	0.745051526607844	9.16466934132036	0.55289	1
ENSDARG00000022378	6	1.22445600486595	1.27188850681228	1.10675590611619	0.903875600036243	2.99929242440842	0.87077	1
ENSDARG00000022399	14	2.14949774209938	1.91602110772442	1.79321676104912	0.834249195022517	8.04268410458005	0.32408	0.868964178082192
ENSDARG00000022424	9	2.07528763770415	1.81739094857982	1.89367806201538	0.912489443685176	6.22586291311245	0.40653	0.932452393605044
ENSDARG00000022430	26	1.37861675063547	1.24711166430382	0.988420637236282	0.716965492244797	7.02959371325614	0.98316	1
ENSDARG00000022437	6	1.60761687973334	1.54890224081712	1.14908336955659	0.714774386884509	3.93784105723192	0.75078	1
ENSDARG00000022438	3	8.08648896376494	8.24801186048924	0.666524295702791	0.082424436450658	14.0062097400859	0.33061	0.873812090366139
ENSDARG00000022509	4	2.9446980806518	3.11182840122916	2.14952663494658	0.729965034130352	5.88939616130361	0.80973	1
ENSDARG00000022550	2	1.44140554238344	1.44140554238344	1.36545234237164	0.947306155153113	2.0384552669184	0.58213	1
ENSDARG00000022570	12	1.3485740483289	1.24142438079358	0.833153022618829	0.617802947974001	4.67159753894901	0.87469	1
ENSDARG00000022599	11	2.48833692975996	2.30150738568303	1.55790618984739	0.626083297328098	8.25287994799874	0.22874	0.765642643867149
ENSDARG00000022623	5	2.07552441396313	1.88452469564685	0.662183885617724	0.319044132250563	4.64101367858196	0.46927	0.970975820288677
ENSDARG00000022648	9	1.93304003663865	1.97373481549643	1.41542181242162	0.732225813016729	5.79912010991594	0.60357	1
ENSDARG00000022650	8	2.4485487120031	2.57223743677363	1.03919908818077	0.424414300228736	6.92554159329191	0.20473	0.731650962078652
ENSDARG00000022652	12	4.33988076662314	3.11941341621395	3.04352169024623	0.701291545531192	15.0337879731645	0.00285	0.0617176595744681
ENSDARG00000022668	16	1.83229386587913	1.90951423807919	0.753251672767925	0.411097633842985	7.3291754635165	0.71812	1
ENSDARG00000022690	6	2.67599062047167	2.93801026753702	1.42701303254531	0.53326533420128	6.55481157662935	0.34596	0.88694
ENSDARG00000022712	9	2.54977322054737	2.52654648905658	1.95967822671517	0.768569616671433	7.6493196616421	0.21053	0.741806742817584
ENSDARG00000022718	16	1.50763352030632	1.63331478573481	1.11639681689697	0.740496149667818	6.03053408122529	0.82496	1
ENSDARG00000022768	5	1.44778260971071	0.763808637041437	1.38051782598582	0.953539444890608	3.23734033195519	0.83769	1
ENSDARG00000022772	11	1.42507831242167	1.6244208892013	0.914602720524799	0.641791200211721	4.72645005917556	0.94275	1
ENSDARG00000022810	10	2.72344923876704	2.47240329224683	2.77581078970526	1.01922618941924	8.6123026863556	0.37334	0.909903005008347
ENSDARG00000022858	3	1.18723542503246	0.828758104235495	0.71484721819802	0.602110755058099	2.05635207670186	0.76501	1
ENSDARG00000022895	12	2.98100915544356	2.48352103983816	1.97576804919202	0.662784965146486	10.3265186301125	0.06661	0.443108875816993
ENSDARG00000022904	14	1.83674087197146	1.3624574132169	1.39137342545649	0.757522983611216	6.87245505120164	0.88843	1
ENSDARG00000022952	17	2.06327195194087	1.36729072740319	1.8977829282928	0.91979291751027	8.50708819222654	0.74592	1
ENSDARG00000022968	12	1.67169926192466	1.6564546457778	0.968924630214176	0.579604628824584	5.79093611325782	0.90525	1
ENSDARG00000022970	18	2.49120464876753	1.95193757930063	2.02523962413639	0.812955942876204	10.5692862028018	0.16488	0.666990715421304
ENSDARG00000022971	14	1.44064488740446	0.955229062816163	1.20556720661985	0.836824686749737	5.39039958467502	0.99233	1
ENSDARG00000022974	13	4.86762378585661	4.02349947994097	4.59140853096103	0.943254600797589	17.5504671495742	0.06552	0.440240488448845
ENSDARG00000022978	21	2.86168688722696	1.96770110303155	3.49032012099501	1.21967226273913	13.1138967759801	0.0995	0.540617993596585
ENSDARG00000023062	3	2.05471456284781	1.42579946951914	1.08931289529219	0.530152905414954	3.55887001790409	0.33851	0.881928387922211
ENSDARG00000023104	1	2.26038658306408	2.26038658306408	NA	NA	2.26038658306408	0.36271	0.90474989710926
ENSDARG00000023160	7	1.7648922957596	1.97380953902242	0.920041623107893	0.521301852423756	4.66946610539374	0.57254	1
ENSDARG00000023174	3	1.50174263917518	0.902269049716741	1.05092149956142	0.699801332230018	2.60109455094399	0.97267	1
ENSDARG00000023181	3	6.53106384944073	6.0355863055853	1.26009854434892	0.19293924747908	11.3121344147077	0.04663	0.367889009287926
ENSDARG00000023185	8	1.5996349764457	1.60536907956635	0.352753105193218	0.220521000345352	4.52445095707174	0.67327	1
ENSDARG00000023188	7	1.32657935975094	1.51049194547627	1.0278894828089	0.774842059205477	3.50979908029228	0.91708	1
ENSDARG00000023190	8	2.96477394161508	2.86637709456941	1.56041304500122	0.526317714513902	8.38564703520478	0.41777	0.939727429834254
ENSDARG00000023214	4	4.6200907871573	5.18565905988302	2.35214736300589	0.50911280132076	9.2401815743146	0.02323	0.252062835820896
ENSDARG00000023217	9	3.05087862945189	3.00842977090206	0.91497452129331	0.299905251051462	9.15263588835567	0.23768	0.776137743589744
ENSDARG00000023220	6	4.82558266211892	4.5588581565165	2.87775583422473	0.596354064518522	11.8202152338126	0.27655	0.824707266334603
ENSDARG00000023237	16	1.84362634459332	1.42579946951914	2.01738243089458	1.09424691006983	7.37450537837328	0.53448	1
ENSDARG00000023272	4	2.85992900711099	1.89692732711743	2.38594327359844	0.834266608599716	5.71985801422198	0.2171	0.746753565393714
ENSDARG00000023279	3	2.43535491306484	2.09844235753676	1.49077062310312	0.612136906660154	4.21815844389079	0.53449	1
ENSDARG00000023287	4	1.54464136335411	0.694414790694666	2.20547147075272	1.42782106130037	3.08928272670822	0.62918	1
ENSDARG00000023290	1	4.12021668725528	4.12021668725528	NA	NA	4.12021668725528	0.41588	0.93900040247678
ENSDARG00000023303	8	2.50381214363408	3.08885299828481	1.47521792274264	0.589188740254882	7.08185018232354	0.41485	0.93900040247678
ENSDARG00000023309	7	3.65104266937917	2.81604511334612	2.2557567256383	0.617839047611535	9.65975092926271	0.04246	0.354518359310911
ENSDARG00000023369	7	4.73223182569117	4.97287285369189	1.80924803600775	0.382324472394903	12.520308557084	0.00974	0.144089709302326
ENSDARG00000023396	6	1.62661393610928	0.628444040466997	2.03662456550872	1.2520638857799	3.98437415196785	0.87174	1
ENSDARG00000023443	3	2.28742263850647	2.28468581130063	0.609089290769097	0.266277547714921	3.96193222827647	0.48271	0.978299956192752
ENSDARG00000023445	26	3.33285036179115	2.4266675419273	2.84844616533685	0.854657682202698	16.9942690306579	0.93546	1
ENSDARG00000023472	6	3.82138800529089	3.62678960075184	2.89157051423198	0.756680690426741	9.36045072215471	0.37639	0.911033869203329
ENSDARG00000023495	2	5.04120510700689	5.04120510700689	1.04464877208417	0.207222033206343	7.12934063303366	0.03107	0.301171866666667
ENSDARG00000023498	11	1.81081854568888	1.38555567604735	1.27987419415775	0.706793177706744	6.00580567946706	0.54375	1
ENSDARG00000023532	2	3.03576846505817	3.03576846505817	0.261099360088842	0.0860076659646832	4.29322493550981	0.19963	0.726355496453901
ENSDARG00000023537	3	1.70369297559143	1.42405447347082	1.1771431544073	0.69093620228061	2.95088279422256	0.47317	0.975171898785425
ENSDARG00000023542	2	0.431950287418079	0.431950287418079	0.21816090840534	0.505060222807966	0.610869954737604	0.98214	1
ENSDARG00000023583	6	3.15110283739584	3.00572504795619	1.76415815457165	0.559854198865056	7.71859407865609	0.3002	0.84581912538057
ENSDARG00000023591	11	1.84204711835998	1.66871728755481	0.975295619412	0.529462905531065	6.10937913775543	0.63457	1
ENSDARG00000023609	1	4.70148253444939	4.70148253444939	NA	NA	4.70148253444939	0.17545	0.686555209534794
ENSDARG00000023645	20	6.67577855477378	4.20743103841947	7.7583437616907	1.16216313918064	29.8549893024189	1e-05	0.000656645161290323
ENSDARG00000023648	2	3.52647244201902	3.52647244201902	0.764571316916571	0.216809100166632	4.98718515483827	0.27581	0.824507542521994
ENSDARG00000023659	3	2.66836752371868	2.49451626963833	1.69784176896821	0.636284827287235	4.62174812434751	0.29512	0.843577092337918
ENSDARG00000023672	4	6.35460746736783	6.77534843767703	2.53792518871932	0.399383471245403	12.7092149347357	0.00467	0.0890098501872659
ENSDARG00000023683	6	2.2269148291093	1.93747465801384	1.33608048197552	0.599969277904496	5.45480503195497	0.28029	0.827855954730122
ENSDARG00000023694	16	2.16040564510366	1.96867602811708	1.34825561911887	0.624075215770037	8.64162258041465	0.88197	1
ENSDARG00000023703	9	2.24756689637032	2.20429511946846	1.22224738662105	0.543809124700538	6.74270068911096	0.49533	0.985817117716073
ENSDARG00000023713	4	7.10831462100827	7.12639244153365	7.13835408882944	1.00422596204906	14.2166292420165	0.00247	0.0558438938053097
ENSDARG00000023722	1	2.19132179951918	2.19132179951918	NA	NA	2.19132179951918	0.39521	0.926020013805798
ENSDARG00000023724	10	2.1672673064939	2.30500386804039	0.948194294087194	0.437506850791347	6.85350098693897	0.30151	0.847024228539884
ENSDARG00000023759	18	15.3478027667221	11.3468954985476	10.2517311958791	0.667960837893188	65.115212475977	0	0
ENSDARG00000023771	10	2.20377369792712	2.17556409650309	0.996567807021724	0.452209683761585	6.9689443330216	0.79577	1
ENSDARG00000023797	40	1.50609265138823	1.31541594357913	1.17048105542262	0.777164043887832	9.52536629125752	0.9808	1
ENSDARG00000023820	10	3.06556437243698	3.22601126559397	1.76977650202819	0.577308543229611	9.69416573076556	0.10439	0.553664106305367
ENSDARG00000023840	8	1.37853374286436	0.983577934091489	0.942736917739155	0.683869308690481	3.89908223069546	0.82126	1
ENSDARG00000023852	6	1.67654573970004	1.35855658223656	1.13249497671215	0.675493038987873	4.10668159270209	0.86927	1
ENSDARG00000023868	21	1.01377699496725	1.08612743914641	0.811475991864131	0.800448220755245	4.64570981724227	0.99603	1
ENSDARG00000023878	11	1.62781413559004	1.51070170464191	1.17426455735573	0.721375083114195	5.39884871618888	0.93347	1
ENSDARG00000023886	13	1.65885058373161	1.3692178875313	1.71356513193185	1.0329834095589	5.98107083797768	0.78175	1
ENSDARG00000023900	5	2.19101407952334	2.49968387796192	0.991814205164524	0.452673588195424	4.89925642147331	0.51937	1
ENSDARG00000023927	3	0.485945777271657	0.50545169256105	0.0673068652780659	0.138506945478486	0.84168277595806	1	1
ENSDARG00000023933	9	2.05536089880689	1.71077433334494	1.45096211657874	0.705940313168845	6.16608269642068	0.66809	1
ENSDARG00000023952	9	0.577587157038828	0.531292386882995	0.381586708707911	0.660656498430867	1.73276147111648	0.99963	1
ENSDARG00000023958	6	1.357503003457	0.954376633828953	1.49883786485085	1.10411384802386	3.32518968276527	0.76735	1
ENSDARG00000023963	6	1.82191660769333	1.8461024756009	0.562328390303814	0.308646613093757	4.46276604275113	0.58319	1
ENSDARG00000023967	4	4.54194793895306	4.12997848648328	1.90935823240874	0.420383117127682	9.08389587790611	0.37823	0.91199412126954
ENSDARG00000023988	17	3.92246126610385	3.42853887896196	2.97490123803677	0.758427180338154	16.1727221125402	0.30857	0.849534011360563
ENSDARG00000023999	36	2.24846447798427	1.58975518473752	2.86272667808926	1.27319186321132	13.4907868679056	0.23541	0.773396670967742
ENSDARG00000024017	16	2.3746177218157	2.00433957912468	1.65900914757299	0.698642620381216	9.4984708872628	0.37619	0.911033869203329
ENSDARG00000024026	1	1.71874194078945	1.71874194078945	NA	NA	1.71874194078945	0.5304	1
ENSDARG00000024030	1	1.12903435013942	1.12903435013942	NA	NA	1.12903435013942	0.76736	1
ENSDARG00000024032	1	7.45339521440476	7.45339521440476	NA	NA	7.45339521440476	0.03131	0.301966609848485
ENSDARG00000024047	3	1.6331438323915	1.83056614575414	0.540515707577905	0.330966383277094	2.82868809376982	0.58561	1
ENSDARG00000024090	12	3.08310229799557	2.50744744175296	2.60247982534758	0.844110760463425	10.6801796501214	0.05575	0.403430746268657
ENSDARG00000024101	19	1.58648435624308	1.57968384757476	0.918169762829688	0.578744920626881	6.91532498437176	0.78277	1
ENSDARG00000024112	9	1.98832122863421	1.7722428211665	1.78771916066313	0.899109829396695	5.96496368590263	0.56555	1
ENSDARG00000024116	10	4.46820739273572	3.74717250912659	3.09623156732772	0.692947147520833	14.1297124190474	0.0025	0.0561699779249448
ENSDARG00000024124	16	1.24176794182866	0.86744686400247	1.10234346823099	0.887720991256749	4.96707176731464	0.99609	1
ENSDARG00000024209	8	1.62159185982391	1.20393257323394	1.12017268222224	0.690785832104436	4.58655440159357	0.69765	1
ENSDARG00000024276	1	20.8562912041845	20.8562912041845	NA	NA	20.8562912041845	9e-05	0.00438287081339713
ENSDARG00000024295	10	2.05400840236561	1.99034695239611	0.99888957617439	0.486312312561119	6.49534488459891	0.63789	1
ENSDARG00000024311	4	1.78322672062057	2.01982528620432	1.05317376508842	0.590600035828259	3.56645344124113	0.49761	0.986808850865254
ENSDARG00000024314	10	2.11525200309596	1.75739767717769	1.43713738735869	0.679416629912295	6.68901415501676	0.60995	1
ENSDARG00000024325	15	2.19757795095666	2.19315229999806	1.36752941750172	0.622289378589006	8.51118280604778	0.29903	0.844931973392461
ENSDARG00000024416	11	1.53910173312283	1.35165069132102	0.549209931883674	0.356837965979891	5.10462296295412	0.7587	1
ENSDARG00000024431	2	0.761712919482844	0.761712919482844	0.311646790806299	0.409139431451271	1.07722474136744	0.89311	1
ENSDARG00000024443	26	2.80864107557818	2.19281234037509	2.11390401903494	0.752642990738778	14.3213156510514	0.02316	0.252062835820896
ENSDARG00000024479	4	1.7401123138165	1.12463474598886	1.74913257447091	1.00518372324751	3.48022462763301	0.52648	1
ENSDARG00000024540	6	3.77371022065238	1.54127952979808	4.25782075353973	1.12828503106517	9.24366447772404	0.03434	0.317671392405063
ENSDARG00000024561	27	1.77766536154575	1.29326826851104	1.6122255426594	0.906934216942556	9.23702017515763	0.90983	1
ENSDARG00000024588	6	1.84631138729648	1.7122405486874	1.8183781584978	0.984870792115093	4.5225208051665	0.63579	1
ENSDARG00000024619	11	1.07289003621051	0.513495573480458	0.950131363516909	0.885581309779714	3.55837369142108	0.99549	1
ENSDARG00000024631	1	7.45339521440476	7.45339521440476	NA	NA	7.45339521440476	0.03164	0.30324536950421
ENSDARG00000024642	24	2.56697573241242	2.14061239463536	2.00544852097734	0.781249505266121	12.5755614530351	0.15764	0.659457427044801
ENSDARG00000024651	10	4.78029145850982	4.68631920355233	2.29652789493834	0.480415873147251	15.1166088883393	0.00183	0.0441368246445498
ENSDARG00000024669	10	3.27681189676077	1.86553851416717	3.46312485918903	1.05685799743722	10.3621890577006	0.07147	0.458907304785894
ENSDARG00000024687	6	2.0499739846689	1.72310037797293	1.23569501634409	0.602785706348207	5.02139024841884	0.45207	0.959297704166667
ENSDARG00000024693	6	2.0499739846689	1.72310037797293	1.23569501634409	0.602785706348207	5.02139024841884	0.45451	0.959895774006623
ENSDARG00000024694	7	1.14897456276539	1.17193618839342	0.220092207858939	0.191555335506484	3.03990095581639	0.90905	1
ENSDARG00000024708	6	2.38964325054452	2.52824821748044	1.70533965474914	0.713637759259904	5.85340663111986	0.33116	0.874616624319419
ENSDARG00000024717	13	1.53851018069389	1.74446101063095	1.01536192073505	0.659964382086248	5.54717734431519	0.80297	1
ENSDARG00000024728	5	2.38213603337237	2.82048305963092	1.2911640054632	0.542019426000331	5.32661810227234	0.26101	0.804928409572857
ENSDARG00000024744	17	4.26099337621809	4.33216254466808	1.74383851147103	0.409256330038889	17.5685257602044	0.08463	0.495891848013817
ENSDARG00000024759	7	2.91722656734622	1.47422222785327	4.0248103013167	1.3796701107717	7.71825601522871	0.09916	0.539744072688402
ENSDARG00000024785	13	2.18743699687344	0.929026625379481	2.48002377433466	1.13375780782689	7.88691625407416	0.83168	1
ENSDARG00000024818	7	3.43651421410942	2.2593719040677	3.73203982114748	1.0859957470348	9.09216198747209	0.04627	0.366487206225681
ENSDARG00000024828	15	2.12957488199961	2.19132179951918	0.934460263113394	0.438801317113565	8.24780805248613	0.31082	0.853392489884003
ENSDARG00000024831	7	3.71602811659246	2.71560921148643	2.53520911257183	0.682236256838815	9.83168626142738	0.12211	0.592673142584645
ENSDARG00000024846	5	1.51318552526253	1.38562882976301	0.582566829976891	0.384993657585918	3.38358569705575	0.7968	1
ENSDARG00000024847	3	1.85537949647804	1.92870913052087	0.69259792309011	0.373291784459636	3.21361155522153	0.42701	0.944348693009119
ENSDARG00000024865	22	1.77153582399855	1.7844824412617	1.3619675281588	0.768806088879808	8.3092395479746	0.98586	1
ENSDARG00000024895	7	3.19655101334877	2.74374837577984	1.78811229617558	0.559388005606179	8.45727903445235	0.21053	0.741806742817584
ENSDARG00000024954	11	2.03842254938483	2.56517574063484	1.05106463517655	0.51562647572445	6.7606827605092	0.81422	1
ENSDARG00000025011	39	2.73528297663501	2.02294484713829	1.99942265938906	0.730974702240415	17.0818367141389	0.98125	1
ENSDARG00000025012	9	1.71162770525804	1.61147247377615	0.725081135481118	0.423620822012697	5.13488311577412	0.95072	1
ENSDARG00000025024	6	1.30485038173388	1.13712597556004	0.648700169845398	0.497145250464203	3.19621762592384	0.89354	1
ENSDARG00000025032	13	1.66912497236705	1.00272573157681	1.51137120511855	0.905487144545693	6.01811567302683	0.99234	1
ENSDARG00000025033	11	1.26054118671978	1.37850849577057	0.858770150046835	0.68127099621517	4.18074214913883	0.96343	1
ENSDARG00000025034	29	3.6654134070737	2.69355767677058	3.49978719097754	0.95481376922545	19.7388552833723	0.66254	1
ENSDARG00000025071	17	1.66990813889365	1.16341672761019	1.69119497331898	1.01274730862707	6.88520764173711	0.92061	1
ENSDARG00000025081	17	2.85063732428116	2.56676733853946	1.44555548007795	0.507099050364984	11.7534787883393	0.04344	0.357423055780113
ENSDARG00000025091	15	1.21113091530873	1.18169965717511	0.783910865659578	0.647255268403213	4.69068986506764	0.99822	1
ENSDARG00000025094	11	1.7097014653514	1.21033581756191	1.55445386361416	0.909196076108337	5.67043826409139	0.65899	1
ENSDARG00000025106	12	3.41068530809152	2.8669712123249	2.2309569859366	0.654108129132836	11.8149604844864	0.96386	1
ENSDARG00000025108	16	2.3568684100535	1.76052884533972	2.36940399463897	1.0053187460666	9.42747364021398	0.27665	0.824763825424722
ENSDARG00000025162	9	1.35701577246188	1.35335877023845	1.12212313263945	0.826905003914365	4.07104731738564	0.90763	1
ENSDARG00000025206	3	3.3605112642954	3.42424168546615	2.83212532107419	0.842766203810953	5.82057624916717	0.41976	0.941827146923582
ENSDARG00000025212	7	1.43771015457068	1.46258844270686	0.614566285625168	0.427461880039851	3.80382352638625	0.83014	1
ENSDARG00000025220	8	2.40837175544882	2.50319849323879	0.999618461406864	0.415059867375241	6.81190399958405	0.69435	1
ENSDARG00000025226	12	1.92522887923513	1.86453713051039	1.30512325860351	0.677905506550483	6.66918847006827	0.48875	0.981998191867351
ENSDARG00000025233	2	2.25646678019052	2.25646678019052	0.602314453443233	0.266928127961351	3.19112592358979	0.28156	0.829461365345675
ENSDARG00000025254	3	7.4237767497629	6.82260300077801	2.38816313422481	0.321691130367179	12.8583585146379	0.00258	0.0574600437636761
ENSDARG00000025269	17	2.10765913618608	2.15668813026757	1.53087491548278	0.726338945989618	8.69010124129328	0.9041	1
ENSDARG00000025301	15	3.21194400144987	3.4183535263	2.19105582310839	0.682158786740787	12.4398056265662	0.26583	0.81249781981982
ENSDARG00000025319	10	2.44519669431966	2.15477662267147	1.27711827228266	0.522296744163559	7.73239088116463	0.30559	0.849307986977754
ENSDARG00000025338	8	2.48329306881473	1.6806156902983	2.38334057726968	0.959750021936494	7.0238134745298	0.52346	1
ENSDARG00000025340	9	1.8622984268866	0.969545678358465	2.03649795980209	1.09354007413662	5.5868952806598	0.81124	1
ENSDARG00000025346	9	3.49601845654282	2.326933052253	3.38224414379907	0.967456032009549	10.4880553696285	0.02033	0.234336058890147
ENSDARG00000025375	4	1.74405321515153	1.60580171663163	1.27529742244901	0.731226209940045	3.48810643030307	0.83366	1
ENSDARG00000025383	2	1.28593203929729	1.28593203929729	1.10376589152005	0.858339210618947	1.81858253026433	0.68959	1
ENSDARG00000025386	1	2.19315229999806	2.19315229999806	NA	NA	2.19315229999806	0.33937	0.882050015321757
ENSDARG00000025391	11	1.70574491439706	1.40309981993067	1.28038206304787	0.750629271845404	5.65731586911195	0.93384	1
ENSDARG00000025404	7	2.57327618935145	1.91741735828553	1.33905761607908	0.520370732694874	6.80824885170788	0.3215	0.865439566252314
ENSDARG00000025420	5	3.04686359998685	3.42256854700796	0.841010278776663	0.276024919126768	6.81299412774031	0.09727	0.535484738262277
ENSDARG00000025421	25	2.85675870591534	2.27733489697491	2.33224652531911	0.816396050702443	14.2837935295767	0.03703	0.331075417032485
ENSDARG00000025436	2	3.45212478455873	3.45212478455873	1.33463544813031	0.386612747633025	4.88204168932726	0.12623	0.598169149722736
ENSDARG00000025467	9	1.58188327001016	1.6016534780358	1.27977002875388	0.809016728993952	4.74564981003049	0.71822	1
ENSDARG00000025507	8	2.22767224756491	1.91041028470265	1.53654614758058	0.689754136525335	6.30080861005689	0.29962	0.84497987254087
ENSDARG00000025513	15	2.1579593779726	1.57275094726751	1.6418573317544	0.76083792332408	8.35774073267999	0.62524	1
ENSDARG00000025518	4	2.95900655481709	3.15490578866471	0.742505508563658	0.25093067379486	5.91801310963417	0.31772	0.859583774587985
ENSDARG00000025549	10	5.00114380535905	4.95732694978971	2.82229633127214	0.564330169480003	15.8150053309764	0.00128	0.0341042931937173
ENSDARG00000025566	7	3.39830196513477	2.06641238603354	2.90800824752103	0.855723910751911	8.99106187964869	0.31697	0.859303935037274
ENSDARG00000025567	3	2.33125739175802	2.94706006576466	2.09245774731482	0.897566160953544	4.0378562480454	0.29572	0.844037621985418
ENSDARG00000025576	12	2.57271476134953	1.75245403669662	2.14791591651962	0.834883038255245	8.91214536007966	0.2003	0.726355496453901
ENSDARG00000025577	8	1.89367824994189	1.61089951465582	1.16730762211755	0.616423419423743	5.35613092767754	0.51455	0.997599093333333
ENSDARG00000025593	33	3.26012350011746	2.68572055940029	2.18083282521103	0.668941782460834	18.7279836818756	0.00937	0.141018670605613
ENSDARG00000025595	8	2.21670701661254	2.09162681731047	1.71038332492821	0.771587454774213	6.26979425340212	0.28849	0.835348853485064
ENSDARG00000025605	15	2.96385499030884	1.71874194078945	4.30148261351535	1.45131345075257	11.4789610180399	0.05793	0.412315762237762
ENSDARG00000025615	4	3.59651700104452	3.40796099489148	1.48001586784226	0.411513658189973	7.19303400208905	0.05594	0.403946137491141
ENSDARG00000025671	23	1.44962350646618	1.42579946951914	0.604394562601616	0.416932092992186	6.95215010924562	0.90807	1
ENSDARG00000025679	11	1.86401893851697	1.57275094726751	1.32049640867382	0.708413622516311	6.18225142117736	0.57729	1
ENSDARG00000025693	7	2.35599251220295	1.85177599808949	2.2203755677464	0.942437446743097	6.23337027801932	0.706	1
ENSDARG00000025699	10	1.64576988711788	1.36041388151909	1.45594534677933	0.884659124082665	5.20438134781071	0.7092	1
ENSDARG00000025718	9	1.51818101082644	1.37860434503322	0.826471252688339	0.544382551747526	4.55454303247933	0.85728	1
ENSDARG00000025728	1	15.5974847413551	15.5974847413551	NA	NA	15.5974847413551	0.00873	0.135448079268293
ENSDARG00000025754	7	1.82326066024605	1.44388549239389	1.54541089321154	0.847608313450354	4.82389428225848	0.59002	1
ENSDARG00000025766	14	2.02755465768197	1.54496036776666	2.09892065321058	1.03519806248291	7.58641486200364	0.49267	0.984706012173572
ENSDARG00000025789	31	2.87539574727667	2.64024438175962	2.00983298673122	0.698976128289389	16.00952597072	0.5212	1
ENSDARG00000025797	1	1.6244208892013	1.6244208892013	NA	NA	1.6244208892013	0.5606	1
ENSDARG00000025820	3	0.598701319910003	0.586213345141312	0.0216298067830097	0.0361278755594879	1.03698110464267	0.99119	1
ENSDARG00000025855	1	4.61858982842567	4.61858982842567	NA	NA	4.61858982842567	0.63721	1
ENSDARG00000025875	4	3.19989102853059	2.99316384297476	1.39729556396856	0.436669733909721	6.39978205706117	0.16661	0.669730086887836
ENSDARG00000025889	3	1.68021514234164	2.29825162269531	1.47195711988914	0.876052764194076	2.91021799418229	0.66133	1
ENSDARG00000025902	10	1.72347349316312	1.40109639295585	1.09044178181148	0.63270005958152	5.4501017253221	0.76508	1
ENSDARG00000025920	25	1.26119791228485	0.866008240221108	1.18315448238559	0.938119601103788	6.30598956142425	0.99488	1
ENSDARG00000025974	23	2.90323137781484	2.75147014947022	2.17244308306169	0.748284514855587	13.923408561195	0.01958	0.229063494252874
ENSDARG00000025983	9	2.72186264670929	2.75147014947022	1.34193779591424	0.493021864103478	8.16558794012786	0.10968	0.564313555555556
ENSDARG00000026024	8	2.63573303951441	1.18781493715578	4.80502412313843	1.82303141141475	7.45497882255227	0.16146	0.664781504854369
ENSDARG00000026035	6	2.07384167125021	1.19138633520596	2.73370765066441	1.31818532174465	5.0798539018837	0.55529	1
ENSDARG00000026053	15	3.84217033498996	3.27161853324784	2.20783427892614	0.574632066366184	14.8806617207083	0.00357	0.0728165531062124
ENSDARG00000026068	7	2.01952967223142	1.66363743321075	1.852284140726	0.91718590035836	5.34317327804012	0.75612	1
ENSDARG00000026070	12	3.40515977801365	3.24759983060227	2.05579376988615	0.603729018285705	11.7958194868192	0.01848	0.220762253521127
ENSDARG00000026072	1	1.20823393591968	1.20823393591968	NA	NA	1.20823393591968	0.75764	1
ENSDARG00000026109	4	1.30902753740202	1.16855650979447	0.571432586842919	0.436532135891521	2.61805507480403	0.84297	1
ENSDARG00000026166	2	0.836815073183197	0.836815073183197	0.205436306479831	0.245497856173124	1.18343522569391	0.84504	1
ENSDARG00000026178	2	3.31250990725055	3.31250990725055	1.70310341683356	0.514142889989776	4.68459643632897	0.11031	0.564858521126761
ENSDARG00000026185	16	3.33075982842624	3.07161246080521	1.57984887703115	0.474320863230062	13.323039313705	0.01722	0.21321795620438
ENSDARG00000026198	9	2.19375962521729	1.60569181171245	1.65485267363168	0.754345487358383	6.58127887565187	0.52928	1
ENSDARG00000026248	8	3.91174833189281	4.60309303768119	2.38043990593741	0.608536057018158	11.0640950871063	0.0156	0.199847270440252
ENSDARG00000026281	13	1.93116838077814	2.26038658306408	1.40115770899312	0.725549218255395	6.96292661845037	0.47834	0.97776206662677
ENSDARG00000026294	5	2.11819645409441	1.51348207269889	1.77444633448897	0.837715657137945	4.73643126105412	0.33949	0.882136640285933
ENSDARG00000026322	10	1.89656114816961	1.79975309399395	0.975507880209217	0.514356144620325	5.99745295000004	0.76839	1
ENSDARG00000026329	4	1.29515966829709	1.33612183220726	1.05181859146225	0.812114998025846	2.59031933659418	0.71639	1
ENSDARG00000026333	9	2.01714083913091	1.72846740774764	1.61024559773446	0.798281194102557	6.05142251739274	0.61801	1
ENSDARG00000026335	2	2.42723532211511	2.42723532211511	3.43262911160622	1.4142135623731	3.43262911160622	0.64686	1
ENSDARG00000026350	5	2.41855661090139	2.94237959612459	1.44686277703143	0.598233992336525	5.40805698940702	0.24241	0.78424951684679
ENSDARG00000026369	14	4.75207608667719	5.02774974198159	2.94626433005378	0.619995192903973	17.7806405922275	0.01487	0.195034613402062
ENSDARG00000026376	14	2.31853020552535	2.06011588706793	2.46376740009831	1.06264192471025	8.67514566996243	0.2565	0.799588667687596
ENSDARG00000026387	1	3.18265491169938	3.18265491169938	NA	NA	3.18265491169938	0.10882	0.563175774504825
ENSDARG00000026395	9	3.22753689755313	2.39587044179794	2.62817869494247	0.81429857453681	9.6826106926594	0.05255	0.391335537673738
ENSDARG00000026453	7	5.3008183587075	1.14802068482922	10.2261735685072	1.92916883328194	14.0246471222656	0.00073	0.0225149696969697
ENSDARG00000026454	9	1.29288194159761	1.42405447347082	0.469448295485546	0.363102214039319	3.87864582479283	0.85004	1
ENSDARG00000026476	5	2.51164225256059	2.49611322991597	1.08739603745168	0.432942245792804	5.61620281188618	0.65867	1
ENSDARG00000026482	29	2.16808412197809	2.13741555862387	1.40796362229674	0.649404517114473	11.6754903125835	0.57779	1
ENSDARG00000026499	7	3.17913137342352	3.25812865518934	1.26359015520782	0.397463963197939	8.41119099928186	0.20605	0.73379177746676
ENSDARG00000026513	4	2.45041722262663	1.48812427962682	2.53386659899627	1.03405517052324	4.90083444525325	0.22061	0.752974368932039
ENSDARG00000026519	28	1.689812973876	1.50126626654537	1.33441673346829	0.789683091618996	8.94164978217278	0.89952	1
ENSDARG00000026531	13	2.84896198803536	2.41275070422396	2.60078462949269	0.912888497780971	10.2720785297093	0.39388	0.925204394184168
ENSDARG00000026540	17	2.06686277633789	2.55942347463971	1.60359953306052	0.775861635043719	8.52189354049849	0.58718	1
ENSDARG00000026599	3	0.342841567764098	0.373496715060881	0.0918752385093256	0.267981619348278	0.593819014313986	0.99736	1
ENSDARG00000026629	3	3.22470769226762	3.42256854700796	1.27132901090647	0.39424627973411	5.5853575625657	0.14744	0.636944415254237
ENSDARG00000026664	12	1.89146295217868	1.35650910599641	1.48351279211843	0.784320301071529	6.5522198676154	0.86155	1
ENSDARG00000026680	25	3.6235486527482	3.58505826682546	2.33414681954196	0.64416047450382	18.117743263741	0.01151	0.16180770718232
ENSDARG00000026682	5	2.93299656141535	2.2593719040677	1.53972712949635	0.524967246723716	6.55837968909787	0.12712	0.598169149722736
ENSDARG00000026701	8	1.52080413004456	1.09989582760389	1.24428657089581	0.818176743680562	4.30148365284407	0.74018	1
ENSDARG00000026712	2	5.5154119204605	5.5154119204605	4.12006810460344	0.747010044584203	7.79997033998948	0.42202	0.941827146923582
ENSDARG00000026723	10	1.72833302465632	1.86632754787662	0.925050841302146	0.535227197597576	5.46546891320193	0.92199	1
ENSDARG00000026726	2	10.0574070123664	10.0574070123664	9.98708033174586	0.993007473940943	14.2233213991948	0.00171	0.0420395652173913
ENSDARG00000026759	2	1.47882760737019	1.47882760737019	1.10138560075197	0.744769434424188	2.09137805875468	0.60916	1
ENSDARG00000026762	7	2.40324874814303	1.17944658449393	1.9641877415809	0.817305217821754	6.35839852621377	0.35937	0.900459837518464
ENSDARG00000026766	3	2.88784067538237	2.28597995778847	3.03157909782964	1.04977366780397	5.00188677392628	0.27589	0.824507542521994
ENSDARG00000026784	29	1.89645801814749	1.44388549239389	1.54759157007242	0.816043147416548	10.2127389775359	0.91116	1
ENSDARG00000026801	9	11.5650252029931	10.5212112950387	6.48460066450016	0.560707871420971	34.6950756089794	0.00031	0.0115152554744526
ENSDARG00000026806	1	4.03633161947938	4.03633161947938	NA	NA	4.03633161947938	0.14986	0.641410883095038
ENSDARG00000026834	10	2.97846349012303	2.32924848606336	3.07580962852101	1.03268334116594	9.41872855644321	0.55691	1
ENSDARG00000026892	6	2.3487046726725	1.91990332912224	1.26092938699995	0.53686161639266	5.75312800453821	0.39277	0.92444284789644
ENSDARG00000026902	16	2.71725268984213	2.43810087891262	1.81305466594985	0.667238152979872	10.8690107593685	0.10035	0.542988995215311
ENSDARG00000026907	2	2.77621534486139	2.77621534486139	0.793475373294645	0.285811896675566	3.92616139277127	0.43904	0.952828050234142
ENSDARG00000026908	2	2.42533664434079	2.42533664434079	0.459093723008296	0.189290721384816	3.42994397574719	0.76002	1
ENSDARG00000026941	6	3.42236634680033	3.7430685133183	1.42911691702481	0.417581512967169	8.38305126253376	0.04296	0.355774515866558
ENSDARG00000026985	24	2.37419243056054	1.52421284058786	1.92703391774982	0.811658689896025	11.631120012103	0.25428	0.797344582691715
ENSDARG00000026986	15	2.89778995460688	1.60333524059651	3.81406325653804	1.31619728009426	11.2230922349996	0.04038	0.346825012658228
ENSDARG00000027009	9	1.72768748170981	1.45393686957526	1.39183998166154	0.805608651099388	5.18306244512943	0.85291	1
ENSDARG00000027017	24	3.25725191407298	2.51066730018561	3.93145948895101	1.20698662328361	15.9572103063653	0.00399	0.0790082101167315
ENSDARG00000027041	14	1.91894008894112	1.79872838441752	1.34487750578458	0.700843926048094	7.1800163585632	0.97568	1
ENSDARG00000027065	2	51.7146014851738	51.7146014851738	11.4768665190776	0.221927003002583	73.1354907930527	0	0
ENSDARG00000027078	23	2.6456132099399	1.88641150822015	2.3849915007309	0.901489111019777	12.6879152307223	0.35812	0.89942488899852
ENSDARG00000027079	16	1.86226853403374	1.86125756128357	1.29898209698824	0.697526738624852	7.44907413613495	0.87437	1
ENSDARG00000027082	6	4.82792590150747	5.42772499411532	2.42208519374179	0.501682346240135	11.8259549746598	0.00685	0.116953232830821
ENSDARG00000027087	2	1.62015029545268	1.62015029545268	1.77458073069715	1.09531858598422	2.29123852091196	0.53711	1
ENSDARG00000027109	1	19.0527783954579	19.0527783954579	NA	NA	19.0527783954579	0.00016	0.00690033898305085
ENSDARG00000027129	2	1.98739083291849	1.98739083291849	2.04501711908814	1.02899595047695	2.81059506964929	0.37196	0.909903005008347
ENSDARG00000027140	15	2.20469094158065	2.04246801278456	1.85583625471138	0.841767079326249	8.53873130027621	0.35247	0.892155042225534
ENSDARG00000027154	19	2.15125835995165	1.74070192985344	1.18927704392043	0.552828551911895	9.3771177924763	0.53278	1
ENSDARG00000027159	4	2.30188048705252	1.60293503623108	2.5219326774933	1.09559670524969	4.60376097410503	0.65582	1
ENSDARG00000027172	11	2.15472982590466	1.98964228258538	1.47424403417858	0.684189737597203	7.14643035711356	0.47323	0.975171898785425
ENSDARG00000027199	7	2.99842652579823	2.69068077395036	1.39044934456664	0.463726335330654	7.93309091176151	0.14523	0.633855463121784
ENSDARG00000027200	4	10.3964926193863	11.0942147127728	4.45132769981812	0.428156673868815	20.7929852387726	0.00609	0.107798295652174
ENSDARG00000027234	14	2.20848298382463	1.45910396287868	1.74191406153252	0.788737823334227	8.26338666999198	0.43981	0.952828050234142
ENSDARG00000027236	4	4.3954894898602	4.30746491038267	1.62482899924496	0.369658260585817	8.79097897972039	0.03996	0.34467193220339
ENSDARG00000027279	25	2.73322333432326	2.1047333227319	1.87259897018483	0.685124756059673	13.6661166716163	0.33746	0.881337089418396
ENSDARG00000027290	5	1.79026067596487	1.76928232284804	1.18504433270649	0.661939542445574	4.00314456890218	0.63588	1
ENSDARG00000027322	25	1.42968491059905	1.3084406719797	0.99423656270154	0.695423554750219	7.14842455299525	0.99958	1
ENSDARG00000027353	18	1.67868598911057	1.43400916075195	1.43228602894887	0.853218552034111	7.1220614782976	0.95026	1
ENSDARG00000027381	2	0.564517175069712	0.564517175069712	0.798347845176133	1.4142135623731	0.798347845176133	0.91501	1
ENSDARG00000027394	64	2.66902500859364	2.07334909142204	2.35237177123848	0.881359958660708	21.3522000687491	0.72094	1
ENSDARG00000027423	20	1.04609647176219	0.703957322843198	0.933814178224583	0.892665450492858	4.67828564376588	0.99795	1
ENSDARG00000027461	8	1.12534250988013	0.533947729516834	1.33765207440939	1.18866217410722	3.18294927957491	0.96236	1
ENSDARG00000027465	2	1.43530912595107	1.43530912595107	0.167070393363452	0.116400286421051	2.02983363211787	0.65523	1
ENSDARG00000027491	23	3.02294657378687	3.1183238582193	1.23810449248242	0.409568764204602	14.4975424718573	0.02032	0.234336058890147
ENSDARG00000027500	1	5.04151208536777	5.04151208536777	NA	NA	5.04151208536777	0.04935	0.378094702784048
ENSDARG00000027501	24	1.57756259879417	1.39008218308165	1.46162906674139	0.926510978301972	7.7284468086894	0.99173	1
ENSDARG00000027547	8	9.25980095177715	9.68362711813728	4.3759645164768	0.47257652073363	26.1906721817571	0	0
ENSDARG00000027572	3	9.9675415227548	9.94982378969015	1.65421214938356	0.165959895487485	17.2642883439638	0.00027	0.0103310526315789
ENSDARG00000027587	1	1.00415155442692	1.00415155442692	NA	NA	1.00415155442692	0.76373	1
ENSDARG00000027590	12	2.13469858017534	2.25238115491496	1.63005296780737	0.763598656477994	7.39481279941766	0.64991	1
ENSDARG00000027595	5	4.55703520275982	5.89042113088825	2.53667223682928	0.556649690854488	10.1898404892305	0.02928	0.290459883040936
ENSDARG00000027600	7	1.14680127785115	1.44343139942018	0.6849274156199	0.597250307309826	3.03415098440523	0.9168	1
ENSDARG00000027602	13	1.555697898515	0.73413972213249	1.62155862390974	1.04233516382429	5.60914854222741	0.96212	1
ENSDARG00000027611	6	2.14825223184523	1.79606099611642	1.39752715017193	0.650541463174243	5.26212180681595	0.31896	0.861107395225464
ENSDARG00000027612	5	1.34361338923245	1.13788788057288	0.600937563092327	0.447254818914551	3.00441087380265	0.86911	1
ENSDARG00000027638	9	1.84703393957891	1.1692680663301	1.80746448429474	0.978576757883944	5.54110181873672	0.53838	1
ENSDARG00000027657	2	1.64632073038621	1.64632073038621	0.692567572722093	0.420675971540261	2.32824910492816	0.73946	1
ENSDARG00000027676	5	3.2252624861312	4.68940019300684	2.45331965813938	0.760657363141384	7.21190616426934	0.07113	0.45733489576753
ENSDARG00000027687	5	1.95940531633989	1.46314412437316	1.27739431332703	0.651929594492048	4.38136348281047	0.60925	1
ENSDARG00000027689	8	1.27011902522798	0.711574301780783	1.47309734122136	1.15981046812282	3.59243910261101	0.86921	1
ENSDARG00000027734	1	17.9523064043382	17.9523064043382	NA	NA	17.9523064043382	0.00758	0.124635282714055
ENSDARG00000027738	7	2.55024533900658	2.9042782060389	1.15908787244748	0.454500535583366	6.74731494921303	0.57249	1
ENSDARG00000027740	11	4.68318019091882	3.17796058297255	3.88558780691814	0.829690007327222	15.5323515189027	0.53501	1
ENSDARG00000027744	11	3.98602474538032	3.6115619062444	2.21740123060682	0.556293894857706	13.2201484854984	0.05506	0.402609378127234
ENSDARG00000027749	6	2.00493372226184	1.96942832613064	1.4156500467078	0.706083214117796	4.91106458764048	0.72702	1
ENSDARG00000027777	7	2.79056663590663	2.16000882407617	2.0724809381482	0.742673875434931	7.38314533556307	0.11535	0.577687860304968
ENSDARG00000027797	3	1.79437434997424	2.01038949386681	1.22485232051447	0.682606904480134	3.10794754195377	0.46113	0.968575948116121
ENSDARG00000027803	6	1.75484269623222	1.46523671295356	0.870527758477017	0.496071676593067	4.29846918461881	0.62471	1
ENSDARG00000027807	3	1.43414779814606	1.42405447347082	0.391469286705472	0.272963000892606	2.48401685195202	0.61426	1
ENSDARG00000027813	2	4.83759411080873	4.83759411080873	2.29324474840143	0.474046539637873	6.84139120076192	0.03726	0.331496748251748
ENSDARG00000027826	3	12.2533363821763	8.37009134051244	9.71794726899382	0.793085814825876	21.2234011761615	3e-05	0.00169633333333333
ENSDARG00000027828	1	22.2860379268428	22.2860379268428	NA	NA	22.2860379268428	0.01141	0.16151735744089
ENSDARG00000027899	4	6.21484499732406	6.65710631466422	3.07052261790713	0.4940626225158	12.4296899946481	0.0209	0.237942058165548
ENSDARG00000027930	3	1.46792884478022	1.6244208892013	0.814819318091035	0.55508093664651	2.54252734105523	0.60337	1
ENSDARG00000027933	1	5.25719022651858	5.25719022651858	NA	NA	5.25719022651858	0.1105	0.565160301507538
ENSDARG00000027938	5	2.27603254051206	2.41172043961231	0.37053420600409	0.162798290186452	5.08936347958651	0.27152	0.820725684647303
ENSDARG00000027957	9	1.68256163936047	1.24409932460546	1.68482594311177	1.00134574787535	5.0476849180814	0.94977	1
ENSDARG00000027963	24	2.80506061853039	2.07806064926869	2.30565544194422	0.82196278637008	13.7419344259505	0.13174	0.607732524886878
ENSDARG00000027978	2	6.72420799674819	6.72420799674819	2.69584393689155	0.400916202799683	9.50946614521891	0.02075	0.237029741863075
ENSDARG00000027984	1	2.09967151460726	2.09967151460726	NA	NA	2.09967151460726	0.44555	0.956817890295359
ENSDARG00000027986	1	0.69154966776939	0.69154966776939	NA	NA	0.69154966776939	0.78237	1
ENSDARG00000028017	8	2.27870063562824	2.64150495617857	0.969923242215789	0.425647505885907	6.44513868698729	0.35282	0.892155042225534
ENSDARG00000028048	14	3.85732103771277	4.11441686168002	2.39444312116485	0.620752874275835	14.4327737539165	0.00634	0.110683567753002
ENSDARG00000028053	16	2.38718932846688	2.47858727885896	0.909897540703748	0.381158515520053	9.54875731386752	0.35221	0.891739646766169
ENSDARG00000028058	22	1.23768160566323	1.19078054226789	0.880142349453557	0.711121782392429	5.80524130884637	0.97432	1
ENSDARG00000028066	5	1.71709878456305	1.8051820027978	0.889868932326853	0.518239800951987	3.83954960636524	0.99494	1
ENSDARG00000028067	17	2.86999004250547	2.76835582121447	1.70857890186733	0.595325724675952	11.833272089721	0.47556	0.976841509586276
ENSDARG00000028071	9	2.80607997626042	2.91697877672332	1.7732526801596	0.631932338052163	8.41823992878125	0.10931	0.563891120121642
ENSDARG00000028082	4	2.19437689489393	1.98617833476883	1.32999045597905	0.606090256907911	4.38875378978787	0.43556	0.949932127705164
ENSDARG00000028086	20	1.56993503462546	1.39035140703253	1.23152523537699	0.784443437604281	7.02096291536204	0.85984	1
ENSDARG00000028087	7	2.06756323707734	1.42405447347082	2.10665715034662	1.0189082068051	5.47025814520632	0.40103	0.930404226122635
ENSDARG00000028099	12	1.65287418846915	1.44936220589961	1.11587148749679	0.675109754439499	5.72572414589549	0.93547	1
ENSDARG00000028118	9	2.4155641231536	3.06747679449464	1.90728546260966	0.789581797613238	7.24669236946079	0.58298	1
ENSDARG00000028119	3	9.07274400441043	6.4586331299016	4.56018347765152	0.502624506481692	15.7144535797048	0.00793	0.127667172195893
ENSDARG00000028159	4	1.44665699628106	0.989918742966068	1.65306562894209	1.14267973209382	2.89331399256212	0.65293	1
ENSDARG00000028163	1	2.12664862755447	2.12664862755447	NA	NA	2.12664862755447	0.42271	0.941843778458844
ENSDARG00000028173	14	2.48424593065515	2.19315229999806	1.64218897660583	0.661041226370351	9.29519713699894	0.1606	0.663656841250508
ENSDARG00000028198	6	1.36742826751875	1.10404063794838	1.26782200817775	0.927157963816458	3.34950151527894	0.99612	1
ENSDARG00000028222	7	2.65955750916096	1.94188525354519	2.54045274041851	0.955216321387229	7.03652776671429	0.19374	0.718617244897959
ENSDARG00000028295	1	2.40692615306148	2.40692615306148	NA	NA	2.40692615306148	0.28919	0.835711476433844
ENSDARG00000028306	9	2.8464454180973	3.19301503517399	1.27519009136054	0.447993867457659	8.53933625429191	0.10685	0.561311453608247
ENSDARG00000028321	1	5.37869486895677	5.37869486895677	NA	NA	5.37869486895677	0.11534	0.577687860304968
ENSDARG00000028322	8	2.29025649142441	2.15287489456029	1.11815169107457	0.488221164424752	6.47782358297083	0.29149	0.83949779852858
ENSDARG00000028327	13	3.5003782139983	3.70957126232634	2.29629198908152	0.656012535987815	12.6207931340879	0.55515	1
ENSDARG00000028335	6	1.99055626206501	2.01510465715934	1.5701955804492	0.78882250674004	4.87584714636106	0.9414	1
ENSDARG00000028354	20	9.28963609924639	7.36903122645348	7.35172251795767	0.791389720696818	41.5445156083018	0.00021	0.00854952
ENSDARG00000028386	7	0.762430387817988	0.761216563480395	0.465402429252391	0.610419569692564	2.01720119816493	0.99806	1
ENSDARG00000028393	14	3.08063382177508	1.85443681246783	3.48295653761214	1.1305973832376	11.5266762951904	0.03502	0.320323770197487
ENSDARG00000028431	6	3.04125564269973	2.33273681078994	2.52570545602656	0.83048114093575	7.44952450197445	0.22018	0.752515795836132
ENSDARG00000028442	1	1.28792818639663	1.28792818639663	NA	NA	1.28792818639663	0.66239	1
ENSDARG00000028448	7	1.11193349579318	0.540953862294494	1.30312083889515	1.17194134705474	2.94189950431144	0.93119	1
ENSDARG00000028469	6	1.76515883734144	1.61106137371132	1.00343592084773	0.568467777301581	4.32373846645094	0.54563	1
ENSDARG00000028485	3	3.22964036828238	2.50839500877384	2.96524626505117	0.918135125561418	5.59390120804054	0.12534	0.597522491803279
ENSDARG00000028517	10	1.26248221298229	1.30770633313361	0.785938246379045	0.622534114379695	3.99231929847382	0.97731	1
ENSDARG00000028521	8	3.48350641690956	3.40779485376517	1.11336783720642	0.31961124911438	9.85284403881441	0.06305	0.430975755540631
ENSDARG00000028523	4	4.2525432338057	3.92107840536521	2.82830655458794	0.665085902502824	8.50508646761139	0.03158	0.30324536950421
ENSDARG00000028539	20	2.15135124588244	1.60603934296673	1.75297088743171	0.814823191139427	9.62113525854401	0.7342	1
ENSDARG00000028541	1	0	0	NA	NA	0	1	1
ENSDARG00000028546	14	3.83931476678953	3.37443417846949	2.93549198774834	0.76458747616649	14.3654004573083	0.49743	0.986808850865254
ENSDARG00000028559	6	1.98233139126958	1.72960372522056	1.4581036191252	0.735549881087922	4.85570040971195	0.62083	1
ENSDARG00000028581	10	0.995612026588949	0.728141466924807	0.859746224798334	0.863535395151761	3.1484016698772	0.99223	1
ENSDARG00000028583	6	0.424990673176216	0.290377942224214	0.458719408941823	1.07936347288173	1.04101029472366	0.99952	1
ENSDARG00000028586	3	0.98589701701909	0.846760369935309	0.592086708621679	0.60055634452763	1.70762372450766	0.90751	1
ENSDARG00000028614	3	3.16376785963472	3.22925627651079	0.576703691087697	0.182283820012724	5.47980667624078	0.25809	0.801354490543014
ENSDARG00000028625	7	1.46866164606065	1.35165069132102	0.796097226990276	0.542056251775637	3.88571347557526	0.71507	1
ENSDARG00000028628	2	0.668382962723757	0.668382962723757	0.44267159098425	0.662302326169865	0.945236250743048	0.95117	1
ENSDARG00000028661	7	1.79198755585188	1.83130682839867	0.629112842088441	0.35106987212831	4.74115342530653	0.9234	1
ENSDARG00000028663	13	1.67405463975452	1.58709483460232	0.991204665500139	0.592098156154263	6.03588984156332	0.67606	1
ENSDARG00000028676	23	2.4600475237014	1.79286711438996	2.51901894945359	1.0239716611911	11.7979734630146	0.47249	0.97466623834617
ENSDARG00000028715	18	2.11774905740558	2.42604544760225	1.30027242290584	0.613987959696595	8.98484831605741	0.74164	1
ENSDARG00000028721	21	2.67431628975157	2.22472349365335	1.78997161295842	0.669319339607618	12.25525683004	0.17865	0.69084335106383
ENSDARG00000028748	6	2.3591520688557	1.53218062911093	2.56296349413297	1.08639181338409	5.77871879432774	0.65024	1
ENSDARG00000028804	3	1.56523296992468	1.51348207269889	0.243615721262972	0.15564182836929	2.71106302959148	0.53153	1
ENSDARG00000028815	2	0.912505715379085	0.912505715379085	0.682916856073448	0.74839734651935	1.29047795843207	0.85635	1
ENSDARG00000028816	3	1.39572663302744	0.775047264124461	1.17550045988015	0.842213963726116	2.41746944188057	0.6781	1
ENSDARG00000028845	6	2.13316234362698	2.26792660710213	1.29804751973112	0.608508547701097	5.2251592804056	0.40665	0.932452393605044
ENSDARG00000028857	18	1.87784197377581	1.63166043767425	1.49206417876319	0.794563227151145	7.96700876192166	0.59866	1
ENSDARG00000028878	5	1.32723223429338	1.23241785660833	0.87188896953145	0.656922689943292	2.96778149780892	0.75458	1
ENSDARG00000028889	9	6.19228983852399	6.15401678424001	3.02569061604496	0.488622253632457	18.576869515572	0.01521	0.197085445292621
ENSDARG00000028896	3	3.45193707945618	2.99547478553409	1.75750164096829	0.509134900351421	5.97893040614902	0.10297	0.549857639034627
ENSDARG00000028900	12	1.11995225845785	0.982080478597003	0.691054171757419	0.617038955489929	3.87962842740102	0.95879	1
ENSDARG00000028943	12	2.42089395482796	2.37639710340866	1.3663297775181	0.564390594141162	8.38622265899677	0.47342	0.975201125278284
ENSDARG00000028949	1	3.3116452755554	3.3116452755554	NA	NA	3.3116452755554	0.12665	0.598169149722736
ENSDARG00000028976	4	1.34249532002116	1.39111567683585	0.89613853380718	0.667517063517998	2.68499064004232	0.73926	1
ENSDARG00000028982	3	1.11692188607154	0	1.93456545476157	1.73205080756888	1.93456545476157	0.86532	1
ENSDARG00000029011	4	1.2569343304911	0.830504182662428	1.06249481732665	0.845306545896893	2.5138686609822	0.86897	1
ENSDARG00000029018	1	3.76685830767245	3.76685830767245	NA	NA	3.76685830767245	0.09608	0.532626492374728
ENSDARG00000029019	6	1.41750672769727	1.55627258441406	0.301399933384124	0.212626809802692	3.47216818982061	0.69899	1
ENSDARG00000029045	11	1.75618236057228	1.41446934680679	1.53867805113063	0.876149359927082	5.82459795345888	0.65426	1
ENSDARG00000029058	7	2.67655475420479	2.48416663422125	1.90928470986703	0.713336690335813	7.08149825007348	0.35152	0.891107216135458
ENSDARG00000029063	17	2.44263295274715	2.13163233743476	1.33495902356402	0.546524610692177	10.0712336687908	0.32597	0.870624412997903
ENSDARG00000029064	1	3.12186259143747	3.12186259143747	NA	NA	3.12186259143747	0.3972	0.927282350251486
ENSDARG00000029072	7	2.02885229934702	0.410300259672701	2.30873611688772	1.13795179552045	5.36783863095378	0.72257	1
ENSDARG00000029088	15	3.09833158624448	2.01922574346728	2.97362654594771	0.959750905664709	11.9997866345533	0.0427	0.354776
ENSDARG00000029100	11	1.21079833311576	0.541345360368685	1.53521678820427	1.26793764594446	4.01576376773272	0.9558	1
ENSDARG00000029105	13	3.37536313729022	1.39540085529522	4.36248778977177	1.29244991200384	12.1700448648109	0.02504	0.264374605809129
ENSDARG00000029107	1	8.56565810322557	8.56565810322557	NA	NA	8.56565810322557	0.02852	0.285801429970617
ENSDARG00000029112	9	1.46861331609309	1.08733280567666	1.04028574942188	0.708345578800367	4.40583994827926	0.85415	1
ENSDARG00000029114	33	2.21125540658228	1.93704988445847	1.53268611607619	0.693129392251035	12.7026952106078	0.98755	1
ENSDARG00000029133	11	1.31166881708482	1.38562882976301	0.651397780328989	0.496617569804487	4.35031331547965	0.94284	1
ENSDARG00000029146	45	2.50119214554003	2.19699541797725	1.85051925865744	0.73985489757641	16.7785069866482	0.19374	0.718617244897959
ENSDARG00000029150	4	7.58934647639418	7.68198976684949	5.00317463009489	0.659236555565977	15.1786929527884	0.80186	1
ENSDARG00000029157	11	2.61565670117622	2.20920775863257	2.03347600774638	0.77742465470792	8.67515185818027	0.21449	0.743894095238095
ENSDARG00000029168	14	3.04303519329097	1.82182331633429	2.78417048143744	0.914932067685496	11.3859951091902	0.05162	0.388191173431734
ENSDARG00000029179	4	0.649476216695624	0.4750888028228	0.431179334739553	0.663887797051735	1.29895243339125	0.9763	1
ENSDARG00000029215	8	1.16692305533232	1.14144243516336	0.499613742834111	0.428146260844788	3.30055682219365	0.97536	1
ENSDARG00000029219	3	1.52035935740789	0.908646593915662	1.34842512432901	0.886912109139761	2.63333965279324	0.58874	1
ENSDARG00000029239	8	2.79408925625645	2.58338813073651	1.30558357109938	0.467266236458249	7.90287784135765	0.42055	0.941827146923582
ENSDARG00000029248	17	2.04511516065413	1.82941623236827	1.05178919292512	0.514293382182305	8.43222582392903	0.92325	1
ENSDARG00000029259	4	3.80451648643983	4.13752989678669	1.2290541082546	0.323051329291181	7.60903297287966	0.04074	0.347947567114094
ENSDARG00000029263	3	2.5485875891343	2.17626921828956	0.680011455606423	0.266818946504172	4.41428319192009	0.26658	0.813812609478104
ENSDARG00000029292	7	1.86478379138979	2.22768158652697	1.25066643613333	0.670676376482893	4.93375416092153	0.92213	1
ENSDARG00000029296	43	2.00951720488685	1.90957994978612	1.60223099678526	0.79732136300643	13.1772855345727	0.84532	1
ENSDARG00000029305	8	0.776834174336701	0.691172992287757	0.543452238709522	0.699573032009758	2.19721885012373	0.98937	1
ENSDARG00000029353	7	1.60113447557849	1.3692178875313	1.38251113244247	0.86345722581669	4.23620363795252	0.80298	1
ENSDARG00000029356	8	1.89871023862664	1.71717241483074	1.84301317231959	0.97066584190996	5.3703635409649	0.60408	1
ENSDARG00000029370	12	6.51777119247009	4.85167836996055	5.68579723398338	0.872352997072391	22.578221714934	0	0
ENSDARG00000029372	33	2.29735825918552	1.95553720808304	1.49335775952313	0.650032598769584	13.1973184414328	0.25574	0.798932387968079
ENSDARG00000029415	7	1.23602823230462	1.14980204167445	0.837467005545534	0.677546825920026	3.27022331613279	0.97551	1
ENSDARG00000029432	11	2.3610851667556	2.50839500877384	1.60254633468113	0.678732964505132	7.83083359620205	0.22275	0.75546467844052
ENSDARG00000029443	6	1.85629391167236	0.770794169449098	2.3690658653365	1.27623424848825	4.54697289623231	0.46842	0.970400724608182
ENSDARG00000029463	27	3.24035713973724	2.99430622578057	2.38331400749825	0.735509669064291	16.8373896020804	0.05094	0.386051615785555
ENSDARG00000029472	1	5.56779138876237	5.56779138876237	NA	NA	5.56779138876237	0.04179	0.350734047815334
ENSDARG00000029479	9	2.14450353874854	1.12903435013942	3.13186964628255	1.46041710339643	6.43351061624563	0.32403	0.868964178082192
ENSDARG00000029480	29	1.63564744570824	1.67639096274403	1.0688601003706	0.65347829275506	8.80823106150746	0.93391	1
ENSDARG00000029482	2	1.02473836948326	1.02473836948326	0.567186047011011	0.553493519811328	1.44919890000732	0.78399	1
ENSDARG00000029500	1	1.0013405328469	1.0013405328469	NA	NA	1.0013405328469	0.85264	1
ENSDARG00000029501	7	2.67658719436888	2.09967151460726	2.54015188731342	0.949026391763921	7.08158407868017	0.32001	0.862878707284768
ENSDARG00000029510	21	4.34905740001374	4.49084837979519	2.59930556918544	0.59767101928276	19.9298847372708	0.04034	0.346774087837838
ENSDARG00000029524	8	1.70746811990613	1.68181435827925	0.652918375963746	0.382389790094377	4.82944914498187	0.74929	1
ENSDARG00000029556	15	2.65509611524179	2.04891357698819	2.36724307538966	0.891584700757276	10.2831430369115	0.34861	0.888143786893447
ENSDARG00000029600	13	1.70904452538179	1.41446934680679	1.53240990078568	0.896647148758953	6.16204766831507	0.78934	1
ENSDARG00000029609	2	3.1876695009652	3.1876695009652	0.814805821599744	0.255611763187189	4.50804544062807	0.12594	0.598169149722736
ENSDARG00000029612	10	2.19460280934147	2.67587168545302	1.39482577772931	0.635570943312452	6.93994343692328	0.54275	1
ENSDARG00000029660	6	1.20332572508328	0.928644017447042	0.962079850917401	0.799517396547652	2.94753402081863	0.85738	1
ENSDARG00000029668	29	1.75818657456186	1.61529001766055	0.920020653423643	0.523278170095748	9.46812446570691	0.80975	1
ENSDARG00000029671	25	1.73234580583295	1.38530195876984	1.51364894695728	0.873756811059719	8.66172902916476	0.96259	1
ENSDARG00000029688	1	2.64024438175962	2.64024438175962	NA	NA	2.64024438175962	0.24054	0.780778526785714
ENSDARG00000029695	6	0.534418412163547	0.445922907108366	0.555964483578245	1.04031685833478	1.30905241894908	0.99822	1
ENSDARG00000029724	10	3.59823333549169	3.0263237312689	2.50387787627986	0.695863120265854	11.3786128928985	0.04318	0.356890909090909
ENSDARG00000029729	5	2.68227982843628	1.98730232980066	2.56942310183105	0.957925073510683	5.99776003106	0.28049	0.828084205336427
ENSDARG00000029751	12	2.82022682781609	3.03795555264667	1.50005775680117	0.531892591761057	9.76955230929256	0.0896	0.510951556550952
ENSDARG00000029761	2	2.21547309153979	2.21547309153979	0.277535661223907	0.125271510759363	3.13315209312823	0.28163	0.829461365345675
ENSDARG00000029766	15	1.42102078286642	1.62007730573395	0.937630078787358	0.659828547261646	5.50358982665628	0.87672	1
ENSDARG00000029768	1	1.40403782613278	1.40403782613278	NA	NA	1.40403782613278	0.64056	1
ENSDARG00000029795	4	1.1146121241792	0.908880601589431	1.33016846358722	1.19339134639931	2.2292242483584	0.83336	1
ENSDARG00000029818	6	8.17428465829121	7.67775240368583	4.14346551679261	0.506890289487274	20.0228264250742	0.01789	0.217025530393325
ENSDARG00000029838	10	2.24178485993497	2.0770575305466	1.21540167907601	0.542158037016658	7.08914618147605	0.30498	0.849307986977754
ENSDARG00000029856	8	3.29569940590612	2.38290043922143	2.82745565849992	0.857922798855054	9.32164559467478	0.05078	0.385125812220566
ENSDARG00000029874	5	7.87618271816004	6.25273055539698	8.268533490077	1.04981483873048	17.6116799610149	0.00011	0.0051356880733945
ENSDARG00000029881	3	0.195404448380437	0	0.338450432619888	1.73205080756888	0.338450432619888	1	1
ENSDARG00000029911	16	2.3562575701638	2.13837542374944	1.57757469814508	0.669525572297858	9.42503028065522	0.61521	1
ENSDARG00000029931	14	1.91116968000695	2.05796696739467	1.11689826898103	0.584405602843686	7.15094215057638	0.64374	1
ENSDARG00000029952	26	2.02794839018603	1.55532232837944	1.48931028679769	0.734392597960087	10.3405484141176	0.94253	1
ENSDARG00000029955	6	1.25945111559157	1.10458274293221	0.825398160517274	0.655363396243913	3.08501258917837	0.83706	1
ENSDARG00000030012	24	2.18956600179304	2.24327606385012	1.48943053975383	0.68024007430428	10.7266389250777	0.2974	0.844931973392461
ENSDARG00000030097	10	6.21025620179741	1.57107225926292	14.516113538227	2.33744197767971	19.6385544508661	7e-05	0.00347541463414634
ENSDARG00000030104	5	1.73044861395381	1.17193618839342	1.66609058463466	0.962808471283002	3.86940073237101	0.50266	0.989760781582511
ENSDARG00000030108	10	1.65725273244561	1.51096315810468	1.27325453452621	0.768292312692258	5.24069329306577	0.80745	1
ENSDARG00000030114	3	2.17047927803756	2.36053214722177	0.672910683774467	0.310028614685914	3.75938038633647	0.56985	1
ENSDARG00000030116	1	2.59959564003683	2.59959564003683	NA	NA	2.59959564003683	0.19916	0.725761002506266
ENSDARG00000030125	10	2.10838898586354	1.52423768133606	1.83528392441322	0.870467421675294	6.66731138894134	0.42805	0.944460151745068
ENSDARG00000030154	1	3.17861892299263	3.17861892299263	NA	NA	3.17861892299263	0.23149	0.768691127770535
ENSDARG00000030155	9	1.44546353905704	0.792827583639183	1.3266596649372	0.917809151936589	4.33639061717112	0.99156	1
ENSDARG00000030156	4	0.784475740475047	0.756741036349445	0.906966089053494	1.15614294013002	1.56895148095009	0.9342	1
ENSDARG00000030161	10	1.80337877428855	1.58087258790265	1.45608407360093	0.80741999094193	5.70278441075453	0.71495	1
ENSDARG00000030177	6	1.54696703363551	1.90134361484485	1.18343414941638	0.765002824032523	3.7892798813139	0.79554	1
ENSDARG00000030213	7	4.70417622203945	3.06395693875557	3.69525009392893	0.785525439420485	12.4460804069397	0.01036	0.150995507868383
ENSDARG00000030224	8	4.17642823511048	3.78141723589746	3.61884065273957	0.866491760187959	11.8127229047423	0.27594	0.824507542521994
ENSDARG00000030236	9	2.8728617125994	1.49053051205279	2.94010992990473	1.02340809410018	8.61858513779821	0.77759	1
ENSDARG00000030237	10	4.76831556326834	5.02842412354552	2.18482751579282	0.458196922331055	15.0787377823567	0.11817	0.584135143273434
ENSDARG00000030239	12	1.69007349688802	2.00095026191489	0.944438825352293	0.558815239154579	5.8545863302713	0.6237	1
ENSDARG00000030267	11	1.82231509704239	1.21289121083549	1.22882888737845	0.674322947427057	6.04393542668969	0.68334	1
ENSDARG00000030278	2	3.66819359396852	3.66819359396852	0.0352037400950288	0.00959702349213876	5.18760913000039	0.32766	0.871753946680606
ENSDARG00000030307	1	2.09967151460726	2.09967151460726	NA	NA	2.09967151460726	0.44422	0.956439602872835
ENSDARG00000030326	16	2.29634418528601	2.37318270092088	1.13052263768115	0.49231410732113	9.18537674114406	0.69511	1
ENSDARG00000030335	12	2.04612678624545	1.8972616376531	1.37260432030814	0.670830531878625	7.0879911050095	0.44311	0.955322041940267
ENSDARG00000030357	1	1.83056614575414	1.83056614575414	NA	NA	1.83056614575414	0.42259	0.941827146923582
ENSDARG00000030367	25	1.79067500656464	1.41347041453695	1.26924233997089	0.708806642923943	8.9533750328232	0.84338	1
ENSDARG00000030368	5	1.31726020255881	1.0949050386026	0.990482815222854	0.751926470790521	2.94548335697665	0.8781	1
ENSDARG00000030376	23	2.31533876203938	1.99269138740201	1.76698072334457	0.763162934217106	11.1039746221363	0.89793	1
ENSDARG00000030408	1	5.08894067686723	5.08894067686723	NA	NA	5.08894067686723	0.3044	0.849307986977754
ENSDARG00000030440	18	7.9227855553646	7.84838965399306	3.68397782313799	0.464985174392803	33.6135323525108	0.00642	0.111316456558773
ENSDARG00000030448	9	3.6462545151199	2.6349917863664	2.29249242393939	0.628725289041981	10.9387635453597	0.04717	0.369873852080123
ENSDARG00000030449	3	1.10141893982162	0.795861810691008	1.28180936546051	1.16378002875828	1.90771356418969	0.79867	1
ENSDARG00000030465	4	2.47165706976254	2.36996789808252	1.35133565717766	0.546732665186231	4.94331413952508	0.22791	0.763802430029634
ENSDARG00000030472	5	2.23650746604622	0.429619875611211	2.95369536271826	1.32067315113413	5.00098272626514	0.28092	0.828995001449696
ENSDARG00000030478	14	3.6332473854394	3.00429024246611	2.70629384116824	0.744869136083048	13.5943669177064	0.00763	0.12485231511254
ENSDARG00000030479	3	7.99693146657733	10.0412071958591	6.70167674829816	0.838031034317025	13.8510916047582	0.31892	0.861107395225464
ENSDARG00000030490	6	0.868558167839822	0.523911387606611	1.06370785359001	1.22468234480546	2.12752432313419	0.94509	1
ENSDARG00000030514	1	75.3835093993015	75.3835093993015	NA	NA	75.3835093993015	0	0
ENSDARG00000030537	6	3.68401143924395	3.44076967327836	2.48682992983787	0.67503317262995	9.02394823272396	0.18978	0.711972296350903
ENSDARG00000030547	22	4.88715086854319	4.41467891753262	2.91833170073499	0.597143771337045	22.9227694544497	0.13608	0.615472838738338
ENSDARG00000030560	14	5.58326919559668	3.37485969450567	5.60238964758887	1.00342459790534	20.8906804280517	0.00175	0.0428161057692308
ENSDARG00000030591	10	1.8873661197511	1.97755871674422	1.19228560236741	0.631719299128167	5.96837571704758	0.4832	0.97850301489573
ENSDARG00000030602	4	2.43058548927048	2.81624429274552	1.39086068093996	0.572232775633582	4.86117097854097	0.86855	1
ENSDARG00000030604	7	1.70210100899453	1.70528814162177	0.744917488350042	0.437645876721546	4.50333597611165	0.64303	1
ENSDARG00000030608	5	0.874982977012899	0.69154966776939	0.487236268696812	0.556852283412628	1.95652141575598	0.94852	1
ENSDARG00000030614	14	3.76909221214287	2.59611286632004	4.05937072641092	1.07701549814379	14.1026517169965	0.98718	1
ENSDARG00000030630	11	1.74085561563477	1.83056614575414	1.09567783342995	0.629390412156859	5.7737648912437	0.64968	1
ENSDARG00000030633	25	3.58211157485527	2.60125410820146	3.0684570220225	0.856605652253161	17.9105578742763	0.00106	0.0293170652173913
ENSDARG00000030636	1	1.42579946951914	1.42579946951914	NA	NA	1.42579946951914	0.61255	1
ENSDARG00000030644	4	1.85534195953677	0.872512423930766	2.37448463169407	1.27980969733845	3.71068391907353	0.48402	0.97850301489573
ENSDARG00000030656	11	3.76208702623588	4.06403935257592	2.24924877510874	0.597872606195186	12.4774310946884	0.33795	0.881337089418396
ENSDARG00000030687	40	3.67086945943623	4.04722515126947	1.94103566992678	0.528767282894576	23.2166169699391	0.00018	0.0075704132231405
ENSDARG00000030700	13	1.87158862451963	1.66871728755481	1.57573814791071	0.841925478316663	6.74810875228063	0.52313	1
ENSDARG00000030716	5	1.641150178675	1.02569893415289	1.41971886301324	0.865075531454087	3.66972336080322	0.88968	1
ENSDARG00000030723	2	0.697700427647609	0.697700427647609	0.986697407252757	1.41421356237309	0.986697407252757	0.90471	1
ENSDARG00000030733	5	2.01554029086857	1.97607524350102	1.38709761544772	0.688201382890724	4.50688510177182	0.88958	1
ENSDARG00000030775	29	2.23147645652957	1.56520343602406	2.53744124482066	1.13711315994207	12.0168684816523	0.39649	0.927056103836435
ENSDARG00000030803	6	2.58519065394544	2.6457127859104	1.38747337627143	0.536700600458194	6.3323979899783	0.18291	0.700134629559985
ENSDARG00000030804	14	1.64582171443596	1.52444044404954	0.978282327398737	0.594403585040805	6.15810097513226	0.69947	1
ENSDARG00000030805	11	1.93390029108931	1.1692680663301	1.56961808668919	0.811633409396234	6.41402164750235	0.51079	0.994799200153081
ENSDARG00000030824	12	1.3575681465792	1.29799533093212	0.868664488299843	0.639868054129513	4.70275400922458	0.87737	1
ENSDARG00000030830	16	3.54210032400278	3.0468959523472	2.68836524566447	0.758974901825045	14.1684012960111	0.00757	0.124635282714055
ENSDARG00000030832	33	2.5644255414938	2.12943054616148	1.83136016328522	0.714140509698102	14.7315031754934	0.36556	0.906114403892944
ENSDARG00000030839	15	2.20835533525385	1.79709874247389	1.36502895729935	0.618120161872607	8.55292343594647	0.31711	0.859303935037274
ENSDARG00000030867	1	0.722558676995091	0.722558676995091	NA	NA	0.722558676995091	0.87033	1
ENSDARG00000030871	7	1.23032886500784	0.440286071327901	1.39989121321294	1.13781871906583	3.25514420763511	0.97804	1
ENSDARG00000030881	1	1.96770110303155	1.96770110303155	NA	NA	1.96770110303155	0.48149	0.97776206662677
ENSDARG00000030914	7	0.876766660567257	0.627278178448146	0.878737645419527	1.00224801528265	2.31970654169354	0.97685	1
ENSDARG00000030938	2	7.07104234475775	7.07104234475775	6.45255774287392	0.912532753768282	9.99996398407086	0.01557	0.19983790668348
ENSDARG00000030964	5	1.10401775246387	0.92271212319837	0.903869709236659	0.818709397760555	2.46865874287576	0.90682	1
ENSDARG00000030967	10	3.22847505896327	2.90741081901614	2.31448859905306	0.716898398402462	10.2093345553703	0.05003	0.381999504876219
ENSDARG00000030972	11	1.97953307945174	1.65052230553059	1.49972300741518	0.757614521819737	6.5653684846382	0.68743	1
ENSDARG00000030980	4	3.29507234084221	3.25470383446619	2.72661432648066	0.827482387164754	6.59014468168441	0.57415	1
ENSDARG00000031015	7	3.25035971256992	1.04338676606664	4.95163226719784	1.52341054685384	8.59964347096338	0.07092	0.456850481012658
ENSDARG00000031020	15	2.44644262223525	2.01131876466338	2.10166459298546	0.859069644177972	9.47503153336914	0.93013	1
ENSDARG00000031044	2	2.36995794818344	2.36995794818344	0.38224274008889	0.161286718349529	3.35162667257493	0.27	0.817875
ENSDARG00000031048	1	1.06562983502618	1.06562983502618	NA	NA	1.06562983502618	0.74256	1
ENSDARG00000031049	5	4.12293148719435	1.91604543814665	3.26672259581576	0.792330070475839	9.21915507194087	0.25671	0.799753406795225
ENSDARG00000031075	2	2.12947257801304	2.12947257801304	2.75771730980807	1.29502363086602	3.01152900052764	0.80249	1
ENSDARG00000031095	7	1.46403563863297	1.6016534780358	1.47590672447711	1.00810846780699	3.87347421035848	0.69788	1
ENSDARG00000031116	8	1.89022880527392	1.46875293428705	1.60444391804463	0.848809368245832	5.34637442481335	0.47708	0.977300937437135
ENSDARG00000031119	8	1.00080984864195	0.964753083015936	0.925724910124447	0.924975819713015	2.83071772261202	0.94484	1
ENSDARG00000031136	12	1.57288720287516	1.72240340289414	1.16293232229375	0.73936155127206	5.44864109990933	0.72617	1
ENSDARG00000031161	3	0.437119343992874	0.333640421906526	0.229399977591977	0.524799418613048	0.757112912766836	0.98615	1
ENSDARG00000031164	7	3.18598224167041	3.45158393544184	1.67836779837863	0.52679759994477	8.42931669292799	0.41887	0.941324544049459
ENSDARG00000031198	9	1.64408441162219	1.57968384757476	0.333027645035453	0.202561159683316	4.93225323486657	0.94951	1
ENSDARG00000031200	2	3.85514081562952	3.85514081562952	4.90435845858252	1.27216065330202	5.45199242632134	0.43615	0.950026494117647
ENSDARG00000031202	11	3.0590846886362	2.78127947360664	1.55169091436746	0.507240260503948	10.1458361141274	0.06495	0.437903229649239
ENSDARG00000031228	12	2.26787061942496	1.63963047365745	1.96774604857307	0.867662392959617	7.85613427567346	0.3442	0.885169785299318
ENSDARG00000031240	10	1.89924074125379	1.45252707543967	1.05475444683476	0.555355845061783	6.00592656734849	0.46679	0.969391679249133
ENSDARG00000031246	3	2.36562967487398	2.6823674146269	1.6440915314982	0.694991083752694	4.09739078877438	0.25978	0.80439331913599
ENSDARG00000031283	10	6.7581594848385	5.45454764076089	6.01216127783471	0.889615181666341	21.3711767627598	0.28788	0.835152903961243
ENSDARG00000031293	8	8.42878516021863	7.59727789812547	6.78385221061497	0.80484341238554	23.8402045758205	0	0
ENSDARG00000031299	2	2.14583045995381	2.14583045995381	0.212718178660168	0.0991309344470517	3.03466253901998	0.4385	0.952602615187713
ENSDARG00000031302	4	1.88494648530579	1.13985374462085	1.53707679868695	0.81544850777957	3.76989297061158	0.92524	1
ENSDARG00000031317	2	5.16551203579317	5.16551203579317	0.800669733953806	0.155002975195055	7.30513717762016	0.63715	1
ENSDARG00000031343	5	1.0812263672189	1.60398720941821	0.957279284028162	0.885364353896077	2.41769565616661	0.99778	1
ENSDARG00000031345	9	1.67762761321167	1.39540085529522	0.894208663514144	0.533019757467069	5.03288283963502	0.86249	1
ENSDARG00000031346	9	2.43849287847735	1.79709874247389	1.94770938124516	0.798734906480986	7.31547863543206	0.30633	0.849307986977754
ENSDARG00000031348	16	1.11412901778528	0.796381384189997	1.04356423457862	0.936663723787635	4.45651607114111	0.99943	1
ENSDARG00000031372	12	1.72057547774008	1.65758940414147	1.36362587792084	0.792540574687208	5.96024829140581	0.8522	1
ENSDARG00000031382	23	4.84207637377325	3.76420032692528	3.27695628007099	0.676766747798605	23.2217825116295	0.0072	0.120727512355848
ENSDARG00000031387	8	1.01342357656306	0.997991730589624	0.407715690936201	0.402315182284326	2.86639473280826	0.98665	1
ENSDARG00000031388	2	8.0086573980244	8.0086573980244	1.0115979398074	0.126313049682577	11.3259519086857	0.00575	0.103216049382716
ENSDARG00000031426	15	1.72354530442192	1.64500960838496	1.18562624534834	0.68789966953958	6.67526226046009	0.66991	1
ENSDARG00000031427	9	4.90712476283921	2.40692615306148	6.89945964367211	1.40600860526728	14.7213742885176	0.02123	0.240087711111111
ENSDARG00000031434	15	2.88245763543142	2.44566415994445	1.1604684397515	0.402596876181949	11.1637104181743	0.05369	0.397208284883721
ENSDARG00000031435	3	3.09780448161062	2.49968387796192	2.64507438582369	0.853854528755946	5.36555475406416	0.47614	0.97721514809591
ENSDARG00000031438	15	3.78071983175249	3.65297229431842	1.81299598902448	0.479537249440697	14.6426649450535	0.01998	0.231845102505695
ENSDARG00000031463	8	1.16410085525158	0.92216710968305	0.838769494147453	0.720529918317245	3.2925744349338	0.97726	1
ENSDARG00000031494	31	3.02763725473365	2.33086670478099	2.31759000761398	0.765478098140876	16.8571708104825	0.87527	1
ENSDARG00000031496	26	1.87376775444947	1.98432527007605	1.42310243283175	0.759487097294976	9.55437834387878	0.56183	1
ENSDARG00000031506	7	5.95791440332269	4.09886970767191	5.7702895968364	0.968508307809584	15.7631598438016	8e-04	0.0240899408284024
ENSDARG00000031533	13	2.47401879146928	1.70528814162177	2.07282465213764	0.837837068693656	8.92020160910395	0.14559	0.63419784338896
ENSDARG00000031540	15	0.945048873153449	0.858868779613648	0.633918425860876	0.670778457991924	3.66015854707539	0.99955	1
ENSDARG00000031548	13	1.88308328496604	1.72525383497159	1.45171871804016	0.77092645324306	6.78955333991423	0.96036	1
ENSDARG00000031600	10	2.99111731209235	2.0112567272979	2.4037071914132	0.803615151333452	9.45874345497253	0.05957	0.419587169550173
ENSDARG00000031618	6	3.66569191552482	0.688171171246801	4.91127041980604	1.33979355957493	8.97907474728128	0.06341	0.432855117370892
ENSDARG00000031647	29	1.98501566147508	1.42049606959635	1.86399295517959	0.939031863252122	10.6896364817864	0.47589	0.977009991932231
ENSDARG00000031649	4	4.94907954854533	4.91713822623559	3.59192398740351	0.725776167501546	9.89815909709065	0.4868	0.981103672662581
ENSDARG00000031657	4	1.61261545512238	1.72749351747772	1.23294639051162	0.764563173815084	3.22523091024476	0.53215	1
ENSDARG00000031658	7	1.32319224496683	0.623677269447383	1.87859135284516	1.41974180999848	3.5008376169115	0.78076	1
ENSDARG00000031664	6	3.07108103304583	3.02925821766543	2.40111877106336	0.781848067578337	7.52258148970173	0.10852	0.563175774504825
ENSDARG00000031678	9	1.43542291173301	1.10092782285774	1.48024754243473	1.03122747333579	4.30626873519902	0.78546	1
ENSDARG00000031681	8	4.93929734992389	5.89884271152817	2.73632760598628	0.553991268824592	13.9704426017117	0.16473	0.666990715421304
ENSDARG00000031683	6	3.6853444665383	1.88579470769517	5.50900005862376	1.49483992843645	9.0272134694083	0.63222	1
ENSDARG00000031709	6	2.66235680254236	1.65253798805433	3.05472974944349	1.14737804734754	6.52141567945653	0.18226	0.698697657250471
ENSDARG00000031720	24	5.24488254481327	4.41807336350819	3.73558885205137	0.71223498717727	25.6945719912453	0.89385	1
ENSDARG00000031737	2	3.20691715547822	3.20691715547822	0.320346454053193	0.0998923385052095	4.53526573468424	0.1556	0.6546906986358
ENSDARG00000031745	1	1.94648485440826	1.94648485440826	NA	NA	1.94648485440826	0.70435	1
ENSDARG00000031751	23	1.47887871772427	0.929099184728405	1.3710394844828	0.927080407643288	7.09245317361833	0.91345	1
ENSDARG00000031763	5	1.82168051544416	0.958081677855914	2.4242727070233	1.33078917322241	4.07340146582	0.46887	0.970937713123093
ENSDARG00000031768	30	2.83755516675385	2.57986456866325	1.66753312505173	0.587665446856981	15.5419297299642	0.33589	0.87929228909465
ENSDARG00000031774	6	3.10145072271523	3.29384751993132	2.6251378360787	0.846422552146975	7.59697173303842	0.07634	0.473773487804878
ENSDARG00000031776	5	10.9407239649745	9.50468727816805	3.5711042155308	0.32640474496599	24.464202508744	0.00054	0.0180200655737705
ENSDARG00000031783	11	1.98017304727441	1.06562983502618	1.82080724714883	0.919519255983745	6.56749101778391	0.75536	1
ENSDARG00000031795	14	3.87742932514386	2.11136315182148	6.94420023102946	1.79092889869032	14.5080120761184	0.00341	0.0701151111111111
ENSDARG00000031796	16	2.68396626629224	2.42977686943286	1.61464507309689	0.601589182910049	10.735865065169	0.98389	1
ENSDARG00000031836	16	2.6729123438141	1.5973638467998	2.63880038208632	0.987237904824407	10.6916493752564	0.16039	0.663327679804957
ENSDARG00000031845	8	1.50136576952784	1.40972766438302	1.30551525093463	0.869551762423086	4.24650366669799	0.73567	1
ENSDARG00000031848	1	2.26038658306408	2.26038658306408	NA	NA	2.26038658306408	0.36303	0.904952079353417
ENSDARG00000031876	3	1.994198698066	2.11873243909141	0.313292800938158	0.15710209882395	3.45405346543802	0.6521	1
ENSDARG00000031885	2	1.83658507057591	1.83658507057591	0.130283094995035	0.0709376859707245	2.5973235152604	0.41361	0.938413415069104
ENSDARG00000031886	17	2.16248341162	1.31793152440493	1.83651591202593	0.849262427705802	8.91614751975529	0.2846	0.830755905963303
ENSDARG00000031890	23	1.21407432233591	0.851887257724549	1.074404464936	0.884957737075615	5.82249590670309	0.99978	1
ENSDARG00000031894	1	6.44038425699256	6.44038425699256	NA	NA	6.44038425699256	0.03433	0.317671392405063
ENSDARG00000031911	8	1.72413595862748	1.2890933513753	1.30887637568525	0.759149166361104	4.87659291213223	0.68465	1
ENSDARG00000031954	4	1.70834184200966	1.36724883018337	1.84661648192995	1.0809408494951	3.41668368401933	0.50148	0.98906652586708
ENSDARG00000031971	15	1.92291592101067	1.48728884198193	1.34291521964756	0.698374382870437	7.44742133823141	0.52459	1
ENSDARG00000031985	8	1.8208836685403	1.7893016806522	0.907467548675101	0.498366570228271	5.15023675910674	0.72684	1
ENSDARG00000032005	1	1.66266187498724	1.66266187498724	NA	NA	1.66266187498724	0.53859	1
ENSDARG00000032037	11	2.69739423283437	3.3996289497378	1.67319280026008	0.620299687710804	8.94624458198016	0.11117	0.567446469408225
ENSDARG00000032049	1	10.8026297735456	10.8026297735456	NA	NA	10.8026297735456	0.00718	0.120590825082508
ENSDARG00000032056	17	4.24865327637165	4.28519675650999	2.48825589113238	0.585657555294169	17.5176462251069	0.00138	0.0359223529411765
ENSDARG00000032072	12	3.06793725771965	2.6910343515587	2.88843456311709	0.941490754365692	10.6276464096079	0.13503	0.613816587762394
ENSDARG00000032083	6	4.14946963926501	4.33493723729092	2.04072498492427	0.491803811651878	10.1640833193699	0.32827	0.872517686684073
ENSDARG00000032087	8	1.37750784513407	0.566047327559974	1.70342543474695	1.23659944352706	3.89618055372788	0.83204	1
ENSDARG00000032102	4	3.88095794732121	3.31442430981113	2.14687913290773	0.553182786839932	7.76191589464242	0.23792	0.776137743589744
ENSDARG00000032103	8	4.45404686112537	5.16464217278119	1.82399224490564	0.409513483305558	12.5979469568976	0.15048	0.641636129032258
ENSDARG00000032114	16	1.66229156138484	1.36860644005104	1.41454242100503	0.850959274452784	6.64916624553934	0.89722	1
ENSDARG00000032129	16	3.05198289136538	1.37349817521741	3.68884637845352	1.20867203708446	12.2079315654615	0.05762	0.411837331460674
ENSDARG00000032175	4	4.21784387303156	4.1658345014402	0.98087621539169	0.23255394104635	8.43568774606312	0.16397	0.66607461722488
ENSDARG00000032197	9	1.34808628236665	1.07514487469401	1.14251633912635	0.847509802651944	4.04425884709995	0.89671	1
ENSDARG00000032199	6	2.37928044009266	1.36169157815588	2.40624960386201	1.01133500839788	5.82802303321162	0.28002	0.827298566037736
ENSDARG00000032221	6	2.00937840178593	1.98871019028965	1.42992847347484	0.711627273491107	4.92195178454469	0.89768	1
ENSDARG00000032237	7	1.61498278433445	1.79434871282275	1.11216061346841	0.688651683631871	4.27284281899962	0.67111	1
ENSDARG00000032246	11	1.79383291698846	1.90968754712783	0.799288132904789	0.445575574701048	5.94947072223946	0.55357	1
ENSDARG00000032256	22	1.68449345738904	1.33854578778739	1.64907403380076	0.9789732495351	7.900974659857	0.77172	1
ENSDARG00000032261	9	2.46220943014428	2.40600159884632	1.51934669318366	0.617066393533642	7.38662829043285	0.25546	0.798547874692875
ENSDARG00000032263	7	0.605390983172558	0.429619875611211	0.617573430098639	1.02012327118293	1.60171398743548	0.99538	1
ENSDARG00000032272	1	5.75798864415159	5.75798864415159	NA	NA	5.75798864415159	0.02787	0.282171391650099
ENSDARG00000032296	5	6.41727788234641	3.81941871934357	6.09579685216414	0.94990383211133	14.3494695754325	0.00642	0.111316456558773
ENSDARG00000032298	7	2.33671127542393	2.07546489589042	0.627495620007369	0.268537934749139	6.18235692053228	0.5162	0.998647329405056
ENSDARG00000032317	11	2.84327547550351	3.08505866421639	2.24141182892268	0.788320318672515	9.43007792786449	0.65967	1
ENSDARG00000032318	8	1.19655909643933	0.955802727922007	1.11115647076457	0.928626487459839	3.38438020473078	0.90005	1
ENSDARG00000032324	28	2.62593425518291	1.99215008726118	1.79998975521704	0.685466420823113	13.8951379968392	0.0772	0.476246610169491
ENSDARG00000032326	15	1.43894303583171	1.17193618839342	1.2405720699085	0.862141196014373	5.57300241391736	0.92675	1
ENSDARG00000032327	16	1.51841208378966	0.831244064484011	1.59693597362069	1.05171447900694	6.07364833515864	0.98772	1
ENSDARG00000032340	6	1.08864224910192	1.16549395985054	0.909125617091697	0.835100436200861	2.66661802273556	0.94243	1
ENSDARG00000032344	6	2.06908075028254	1.45498499809177	2.04782750310528	0.98972816929723	5.06819207480721	0.58965	1
ENSDARG00000032353	11	2.08576073145866	1.66847863756701	1.03852155254338	0.497910204598155	6.91768574870559	0.60628	1
ENSDARG00000032369	5	2.26522412460363	2.28468581130063	1.22634782506385	0.541380348082968	5.06519512688618	0.66736	1
ENSDARG00000032373	10	6.50791699082199	8.18634059282595	3.95355357068307	0.60749907785528	20.5798405143066	0	0
ENSDARG00000032389	2	3.30363235822288	3.30363235822288	1.12463544489646	0.340423910093142	4.6720416860934	0.14476	0.633696457437661
ENSDARG00000032405	12	2.33125157923056	1.5930098034806	2.84371096505793	1.21982157155107	8.07569236090502	0.20708	0.73612811452514
ENSDARG00000032482	14	1.18944261518318	0.835910475657238	1.06236214823139	0.893159648620616	4.45048674724386	0.96806	1
ENSDARG00000032496	1	0.69154966776939	0.69154966776939	NA	NA	0.69154966776939	0.78129	1
ENSDARG00000032516	9	2.47803373733313	2.81604511334612	1.58069872489623	0.63788426326971	7.43410121199939	0.23083	0.768527229309781
ENSDARG00000032532	8	2.30436820990341	2.36842203690353	1.50460806762872	0.652937347930083	6.51773755029362	0.79087	1
ENSDARG00000032565	2	1.96301598992467	1.96301598992467	1.2126415592669	0.617744106767786	2.77612383610672	0.6602	1
ENSDARG00000032575	5	2.3331899023804	1.42579946951914	2.24214904750395	0.960980092197565	5.21717122613868	0.98225	1
ENSDARG00000032578	1	2.44566415994445	2.44566415994445	NA	NA	2.44566415994445	0.30658	0.849307986977754
ENSDARG00000032584	1	10.2896054845823	10.2896054845823	NA	NA	10.2896054845823	0.01977	0.22996464
ENSDARG00000032601	6	1.48075314696274	1.15779255770058	1.28411367259119	0.86720306840145	3.62708964507913	0.93894	1
ENSDARG00000032603	2	0.424571647482447	0.424571647482447	0.600434982068766	1.4142135623731	0.600434982068766	0.96734	1
ENSDARG00000032614	2	14.942875163009	14.942875163009	18.0837464347102	1.21019189663556	21.1324167163753	2e-05	0.00120449704142012
ENSDARG00000032617	5	1.65520616202818	1.42405447347082	0.829936585644852	0.501409796969281	3.70115349507154	0.57956	1
ENSDARG00000032619	1	7.69671928799559	7.69671928799559	NA	NA	7.69671928799559	0.13188	0.607732524886878
ENSDARG00000032623	13	4.27575029414158	4.61206651857973	2.6984305512718	0.631101061951408	15.4164369266077	0.22784	0.763802430029634
ENSDARG00000032627	15	2.0550337523903	1.91082031404168	1.16751611430495	0.568125031010784	7.95911149890176	0.46271	0.96866843685726
ENSDARG00000032650	23	2.71962706081901	1.65181972435829	2.16857167431496	0.797378326446677	13.0428731899301	0.06136	0.425121904761905
ENSDARG00000032651	7	1.99243842388738	1.69833531600043	1.45247945255741	0.728995905290526	5.2714965722155	0.69067	1
ENSDARG00000032705	5	1.90099153565501	1.04782277521322	2.08790708700912	1.09832529385235	4.25074629837631	0.42977	0.945571160077771
ENSDARG00000032708	4	1.93975535781289	2.20154000314766	1.27525020255905	0.657428369728498	3.87951071562578	0.60674	1
ENSDARG00000032714	8	2.47962674767502	2.70775530653892	1.21532706170831	0.490125000808221	7.01344355237021	0.35904	0.900230440778133
ENSDARG00000032725	5	2.68951771053635	2.75724046395986	0.878573133241346	0.326665680541712	6.01394442744889	0.86359	1
ENSDARG00000032737	2	1.46254035161241	1.46254035161241	1.60762700169514	1.09920181000324	2.06834440076819	0.6256	1
ENSDARG00000032765	9	1.0052287140038	1.08612743914641	0.989046380010766	0.983901838688453	3.01568614201139	0.9704	1
ENSDARG00000032795	16	9.54047953174137	4.29436450984523	11.1311569507963	1.16672929424174	38.1619181269655	0	0
ENSDARG00000032799	24	2.34166309698673	1.84239922824244	2.50718589856062	1.0706860016656	11.4717594742458	0.76368	1
ENSDARG00000032802	27	3.16349688241695	2.1263862008052	3.01519537023958	0.953121018388972	16.4380119897957	0.03778	0.332738930112166
ENSDARG00000032816	4	5.49568547711656	4.51747540103799	5.13026255604152	0.933507308124415	10.9913709542331	0.00667	0.114481045531197
ENSDARG00000032820	9	1.51022229649623	1.46314412437316	0.945628465589475	0.626151837238379	4.53066688948868	0.80078	1
ENSDARG00000032856	25	2.77275117788591	1.92870913052087	2.66222502833394	0.960138453665272	13.8637558894296	0.03814	0.334595180722892
ENSDARG00000032865	23	2.77337698814511	2.35974896016722	2.39174331384226	0.862393870024104	13.3006487857764	0.99591	1
ENSDARG00000032866	1	3.07700678844372	3.07700678844372	NA	NA	3.07700678844372	0.16859	0.672905498039216
ENSDARG00000032876	9	2.01268900210999	2.24734457652802	1.40157497290922	0.696369370250392	6.03806700632996	0.45199	0.959297704166667
ENSDARG00000032932	1	1.92870913052087	1.92870913052087	NA	NA	1.92870913052087	0.37227	0.909903005008347
ENSDARG00000032933	27	2.79033956187452	1.96930943154415	2.60141585064642	0.932293648482987	14.4990296746085	0.09841	0.538214390112843
ENSDARG00000032951	11	2.78541488002907	2.64984668746494	1.4045073430643	0.504236317948314	9.23817604252922	0.29773	0.844931973392461
ENSDARG00000032959	3	2.38324665045353	2.4356938957108	0.86909881582403	0.364670109012276	4.12790428555386	0.61849	1
ENSDARG00000032990	28	1.3067357563447	1.15707765472167	0.921533583154229	0.705218005002033	6.91459568112792	0.98356	1
ENSDARG00000032997	6	2.58264940664387	2.12844675948031	1.47364067396134	0.570592613217419	6.32617323077921	0.31222	0.854017034649476
ENSDARG00000033012	50	2.22683639676397	1.17646036834987	2.80092895277956	1.2578063466404	15.7461111674482	0.1668	0.669964640883978
ENSDARG00000033020	5	0.668669626084454	0.828758104235495	0.641429603759871	0.959262360271853	1.49519073841421	0.97844	1
ENSDARG00000033089	2	1.52691427108898	1.52691427108898	0.62336671584865	0.408252596528599	2.15938287075507	0.52337	1
ENSDARG00000033099	29	1.69190188646781	1.51348207269889	1.36533111931566	0.806980079776413	9.11117049613092	0.77172	1
ENSDARG00000033126	3	1.54347743508527	1.24458255729386	1.18031308861208	0.764710297528174	2.67338133790379	0.63585	1
ENSDARG00000033138	2	18.842719712912	18.842719712912	24.8184612809744	1.31713795349657	26.647629769995	2e-05	0.00120449704142012
ENSDARG00000033140	4	2.0940211766497	1.73412521227069	1.61992626505058	0.773595932607688	4.18804235329941	0.77225	1
ENSDARG00000033160	6	1.79687275698487	2.2420609153757	1.1906364757996	0.662615909318743	4.40142138732096	0.62469	1
ENSDARG00000033170	3	2.38423517998559	2.16000882407617	1.38585842435123	0.581259112349651	4.12961646892817	0.25454	0.797631810344828
ENSDARG00000033179	2	3.21380932496896	3.21380932496896	0.782129371995926	0.243365207113985	4.54501273425222	0.12362	0.594855037807183
ENSDARG00000033182	5	3.3135968913759	1.92407083226107	3.82645382393233	1.15477348312682	7.40942789914849	0.12134	0.59090838277512
ENSDARG00000033184	10	1.85807348164228	1.27155763508685	1.67521482001446	0.901586959054924	5.87574426194866	0.92998	1
ENSDARG00000033201	10	6.05142780894372	5.25742080027069	3.23706891852147	0.534926470367414	19.1362949723444	0.00105	0.0291196185286103
ENSDARG00000033259	19	2.48625904603343	2.55433979532573	1.77914383395868	0.71559069309255	10.8373519291236	0.25225	0.795972603843769
ENSDARG00000033296	10	2.08958364538272	1.83414152660831	0.961643491214358	0.460208182304292	6.60784368084698	0.92346	1
ENSDARG00000033327	21	1.37506842717886	0.982080478597003	1.78281320951147	1.2965269031514	6.301355153291	0.92022	1
ENSDARG00000033361	7	1.6309190951432	1.51348207269889	1.29959641131571	0.796849098882858	4.3150063342154	0.62135	1
ENSDARG00000033364	4	3.26850024283571	3.49213204204936	1.46283371927623	0.447555028482142	6.53700048567142	0.43244	0.947412755058115
ENSDARG00000033411	5	1.46319931424003	1.76196513349038	1.25089631225299	0.854904933373817	3.27181313127178	0.72778	1
ENSDARG00000033413	14	1.39964579423986	0.904224630621271	1.06155227742672	0.758443516063463	5.23699502488464	0.88754	1
ENSDARG00000033418	11	2.12457366647806	1.92047025517885	0.918426785613012	0.43228756907992	7.04641369117739	0.44546	0.956817890295359
ENSDARG00000033436	7	3.30898549807956	2.65497501883565	2.35607089300858	0.712022127137145	8.75475271983772	0.09674	0.534828745247148
ENSDARG00000033437	26	2.11085077618046	1.58338934108854	1.85317102607915	0.877926117275058	10.7632692980266	0.52455	1
ENSDARG00000033444	7	3.35104794640949	2.69626191289408	1.46853233387475	0.438230773584788	8.86603949765322	0.06081	0.423990383561644
ENSDARG00000033446	13	1.45099248506217	1.62007730573395	0.586035461637491	0.403885938535638	5.23162780520456	0.86147	1
ENSDARG00000033451	4	3.58676739086524	3.60744465422906	2.2121717851631	0.616759199606042	7.17353478173048	0.06666	0.443151848465056
ENSDARG00000033489	16	3.12875548827911	1.90996548112379	4.39678331396778	1.40528185421933	12.5150219531165	0.0775	0.476386944444444
ENSDARG00000033498	2	1.1221685326188	1.1221685326188	0.626545969000369	0.558335001194698	1.58698595809782	0.81388	1
ENSDARG00000033501	1	0.595904063556194	0.595904063556194	NA	NA	0.595904063556194	0.82442	1
ENSDARG00000033533	1	2.2625378028765	2.2625378028765	NA	NA	2.2625378028765	0.34395	0.884914838220425
ENSDARG00000033537	7	1.81603500199871	2.16000882407617	1.11740407552505	0.615298754867197	4.80477698747726	0.49051	0.983111836975783
ENSDARG00000033539	13	2.28809277654511	1.9071547638405	1.95601179182677	0.854865594558728	8.24983582885217	0.34838	0.888143786893447
ENSDARG00000033551	8	1.41959455433822	1.09749226293651	1.11748637708111	0.787186999038644	4.01521974363221	0.83559	1
ENSDARG00000033567	2	4.39924423661726	4.39924423661726	1.97110535874084	0.448055450600874	6.2214708636158	0.36589	0.906114403892944
ENSDARG00000033579	3	1.50833376973689	1.74446101063095	0.50601042058855	0.335476424874327	2.6125107239562	0.59718	1
ENSDARG00000033596	4	3.12132117097723	3.47260529841683	1.05881724367862	0.339220857348403	6.24264234195446	0.12297	0.594343153409091
ENSDARG00000033597	20	2.33321853211899	1.31584799731045	2.00144220290371	0.857803148462925	10.4344704883607	0.66467	1
ENSDARG00000033599	22	2.435562352664	2.10399779032158	1.93827467499337	0.79582223500593	11.4238000429679	0.18393	0.701824561797753
ENSDARG00000033604	6	7.36184759317427	7.42474405587992	6.12698171879236	0.83226141824413	18.0327701674134	9e-05	0.00438287081339713
ENSDARG00000033609	12	5.14541291297923	4.38837743849472	3.48039459615853	0.676407249528853	17.824233182402	0.06931	0.451884955185659
ENSDARG00000033635	1	1.16491723718223	1.16491723718223	NA	NA	1.16491723718223	0.66236	1
ENSDARG00000033647	5	2.18225363079096	1.83056614575414	1.92631477422239	0.882718097952801	4.87966746259431	0.54387	1
ENSDARG00000033655	5	5.99442961038238	6.16613440202235	2.80276342996646	0.467561321449511	13.4039520951526	0.8477	1
ENSDARG00000033683	12	4.37282228762558	4.26650636986838	3.48272411661986	0.796447668700245	15.1479007492741	0.00201	0.0474658468677494
ENSDARG00000033706	1	2.26038658306408	2.26038658306408	NA	NA	2.26038658306408	0.36382	0.906030849609375
ENSDARG00000033707	3	1.7621658422454	2.10730811221127	1.29966480244561	0.737538301610444	3.05216077013144	0.56862	1
ENSDARG00000033738	4	3.0979841226065	2.52224034333057	3.14393339554602	1.01483199110164	6.195968245213	0.43825	0.952489536621824
ENSDARG00000033754	6	3.18596956070191	2.09132539571053	3.5453718258343	1.11280781510455	7.80399975975877	0.08841	0.508210355731225
ENSDARG00000033768	7	2.07397944622862	1.83091073828532	1.34398419597151	0.648021945644373	5.48723383898038	0.45654	0.960848660049628
ENSDARG00000033804	5	2.25554472515777	2.12810490890903	0.873218973646404	0.387143275815702	5.04355133174384	0.70501	1
ENSDARG00000033852	7	1.76141872154166	0.908646593915662	1.90217936479233	1.07991322081979	4.66027589185257	0.55003	1
ENSDARG00000033855	5	0.51781420499489	0.480832744722765	0.188021570434424	0.36310624278119	1.15786776208359	0.99854	1
ENSDARG00000033861	8	1.7375270807565	1.24801613082237	1.88647518169205	1.08572418961706	4.91446872519276	0.56526	1
ENSDARG00000033871	10	1.60410478027096	1.44198425113728	1.32372235997463	0.825209410417088	5.07262471122017	0.82556	1
ENSDARG00000033899	5	2.8174694339683	2.7668003209355	1.01175083645582	0.359099134939258	6.30005317888097	0.89713	1
ENSDARG00000033916	1	5.35036678600845	5.35036678600845	NA	NA	5.35036678600845	0.05756	0.411697596626845
ENSDARG00000033928	39	5.21422684512211	3.66540089151695	4.8923670918648	0.938272775079127	32.5628362109828	0.01151	0.16180770718232
ENSDARG00000033957	1	1.66266187498724	1.66266187498724	NA	NA	1.66266187498724	0.53949	1
ENSDARG00000033965	16	2.90890249086343	1.54116905999382	3.21639915761462	1.1057088258259	11.6356099634537	0.05839	0.414430557880056
ENSDARG00000033971	5	0.769672225166386	0.355307533624039	1.01700947547764	1.32135400268313	1.72103941586556	0.963	1
ENSDARG00000033987	1	3.29350064346113	3.29350064346113	NA	NA	3.29350064346113	0.16316	0.665321506410256
ENSDARG00000033999	5	1.98910564112445	2.06641238603354	0.888288716464655	0.446576942973477	4.44777542798257	0.3837	0.916306569685594
ENSDARG00000034001	9	2.45253934698122	2.61151477916175	1.75226761615343	0.71447074572331	7.35761804094365	0.18874	0.710427411242604
ENSDARG00000034013	1	0.995094672573149	0.995094672573149	NA	NA	0.995094672573149	0.71152	1
ENSDARG00000034048	1	4.56003107033333	4.56003107033333	NA	NA	4.56003107033333	0.06935	0.451884955185659
ENSDARG00000034056	10	6.16651772533927	5.37259982645687	4.90662985039174	0.795688923463167	19.5002412438727	2e-04	0.00824129554655871
ENSDARG00000034063	2	0	0	0	0	0	1	1
ENSDARG00000034086	3	2.90244391152953	1.99330673363363	3.32166960490446	1.14443886123333	5.0271803208881	0.54156	1
ENSDARG00000034105	12	1.82303763457503	1.47232851714786	1.11003089722309	0.608890829333784	6.31518761438827	0.79716	1
ENSDARG00000034117	4	3.09573944690156	2.77245069438172	1.27589296096116	0.412144814783482	6.19147889380313	0.28814	0.835343913414982
ENSDARG00000034146	9	1.92825928705197	2.13677230477683	1.47717971065931	0.766069024315557	5.7847778611559	0.46748	0.969718224394217
ENSDARG00000034160	37	1.58340665346145	1.42803072409001	1.31607047417647	0.831163915662123	9.63148666190018	0.96656	1
ENSDARG00000034168	6	5.08014181293476	3.92275551385879	3.45906840489565	0.680899969384392	12.4437552626676	0.4814	0.97776206662677
ENSDARG00000034173	3	1.7761937832685	2.3331065642714	1.57347741703715	0.885870354833519	3.07645787670902	0.44466	0.956439602872835
ENSDARG00000034187	4	4.91844668032968	3.67809572248256	5.19956914554358	1.05715675770934	9.83689336065937	0.81731	1
ENSDARG00000034189	44	1.97042874991561	1.70874943607703	1.36555664809709	0.693025133822057	13.0703456791982	0.71145	1
ENSDARG00000034195	2	2.63535600084296	2.63535600084296	2.12411643869837	0.806007400145916	3.72695619807343	0.4787	0.97776206662677
ENSDARG00000034210	4	3.65232811973919	3.47021730599603	0.904252406070867	0.24758246697053	7.30465623947838	0.05235	0.390915847395451
ENSDARG00000034215	1	0.977150514986991	0.977150514986991	NA	NA	0.977150514986991	0.77085	1
ENSDARG00000034222	1	0	0	NA	NA	0	1	1
ENSDARG00000034229	2	1.61133004710745	1.61133004710745	0.0479044753960313	0.0297297722971319	2.27876480607863	0.73237	1
ENSDARG00000034240	7	2.57147725429474	1.69785719123308	2.05281466430703	0.798301700269189	6.80348931692307	0.57672	1
ENSDARG00000034256	5	0.884469852265622	0.907587700253051	0.415520278265339	0.469795863817132	1.97773471371513	0.96566	1
ENSDARG00000034268	18	2.42817778931346	1.96420007905236	1.80483065915244	0.74328604235472	10.3018858845007	0.15827	0.660069557739558
ENSDARG00000034293	15	1.99188201328816	1.68331589049611	1.38628603604146	0.69596794729473	7.71452586507515	0.99783	1
ENSDARG00000034309	9	1.58416802195885	1.17193618839342	1.39313915590744	0.879413759523313	4.75250406587655	0.82046	1
ENSDARG00000034321	2	3.34264158466372	3.34264158466372	4.44958940764298	1.33115959188027	4.72720906318373	0.15031	0.641636129032258
ENSDARG00000034344	21	3.72842369862702	3.90871770985282	2.07380746496243	0.556215610829344	17.0857838218255	0.21233	0.74246309540151
ENSDARG00000034368	11	2.40807211286413	2.55711547234272	1.23202635191222	0.511623528768358	7.98667166648869	0.46898	0.970967949552482
ENSDARG00000034409	19	2.36908543774243	2.07337641489794	1.55239159295364	0.655270412886822	10.3266040117331	0.71452	1
ENSDARG00000034423	8	1.87636272861398	1.64835468015366	0.662095642404241	0.352861220438606	5.30715523747455	0.95734	1
ENSDARG00000034427	1	0.982080478597003	0.982080478597003	NA	NA	0.982080478597003	0.80828	1
ENSDARG00000034434	38	1.87426001710061	1.66960187787639	1.39481341784631	0.744194191371598	11.5537146946199	0.59122	1
ENSDARG00000034443	10	2.77016058120346	1.30358306753833	3.70915697389926	1.33896821688505	8.76001692101876	0.12068	0.589103616306954
ENSDARG00000034457	7	1.85677316866965	1.35165069132102	1.74628296362961	0.940493428651166	4.91256004535729	0.47822	0.97776206662677
ENSDARG00000034497	5	1.12287110378244	0.343277026679018	1.60279268793674	1.42740576593134	2.51081611802775	0.90778	1
ENSDARG00000034503	26	1.47694568242629	1.38758614959542	1.01283424135338	0.685762688096638	7.53097485520827	0.99971	1
ENSDARG00000034504	1	2.49443882482299	2.49443882482299	NA	NA	2.49443882482299	0.60199	1
ENSDARG00000034522	1	31.7778786892686	31.7778786892686	NA	NA	31.7778786892686	0	0
ENSDARG00000034555	5	0.98861170156413	1.04782277521322	0.631435780322649	0.638709595813628	2.21060296804913	0.90247	1
ENSDARG00000034568	10	1.76039506508377	1.75189933955495	0.801043786280451	0.45503637346446	5.56685798738506	0.66122	1
ENSDARG00000034572	3	1.01636801552395	0.828758104235495	0.654766695942745	0.644222059275653	1.76040104207543	0.83533	1
ENSDARG00000034616	7	1.41040721016624	1.58453789986987	0.546924689071533	0.387777859563743	3.73158672543227	0.98276	1
ENSDARG00000034624	1	0.586213345141312	0.586213345141312	NA	NA	0.586213345141312	1	1
ENSDARG00000034668	8	2.85988857434175	1.70967756202455	2.67476566134045	0.935269186827005	8.0889864174199	0.61323	1
ENSDARG00000034685	8	2.88782863559383	1.4448698175963	2.92517636083624	1.01293280521638	8.16801284453237	0.67883	1
ENSDARG00000034705	5	5.97182979974378	5.02161219086874	2.18554618109584	0.365975966225563	13.353417382286	0.12312	0.594343153409091
ENSDARG00000034714	7	5.71541313503535	4.97287285369189	3.42825109786262	0.59982559735665	15.1215617952956	0.00088	0.0257374712643678
ENSDARG00000034718	4	3.20841420510076	2.86635806161882	2.42108684091182	0.754605448717551	6.41682841020152	0.10582	0.557866141895391
ENSDARG00000034734	4	2.7961518680725	2.32841324433484	1.96664857250553	0.703341114966411	5.592303736145	0.18735	0.707813028953229
ENSDARG00000034801	1	0	0	NA	NA	0	1	1
ENSDARG00000034808	8	1.57036716055548	1.15263576133461	1.2737146841771	0.811093555806751	4.44166907272578	0.99341	1
ENSDARG00000034817	12	2.48609359410933	2.57380829276574	1.13514019753211	0.456595922302266	8.61208083473777	0.38573	0.91763744332788
ENSDARG00000034825	17	2.78056217343753	2.70276557590151	2.35729391434316	0.847776013376786	11.46455153968	0.47679	0.977300937437135
ENSDARG00000034852	4	0.641645440719081	0.571263644702752	0.595179921043052	0.927583807618183	1.28329088143816	0.97185	1
ENSDARG00000034871	1	1.52817393841899	1.52817393841899	NA	NA	1.52817393841899	0.67423	1
ENSDARG00000034885	3	1.91157295230841	1.85324033046778	0.587994888740688	0.307597409782676	3.3109414757726	0.66303	1
ENSDARG00000034893	13	3.20714008048614	2.63285967734226	2.15894262824528	0.673167549300819	11.5635080077885	0.02867	0.285801429970617
ENSDARG00000034897	3	5.94341769736341	8.07879794619665	4.24739570204803	0.714638599930852	10.2943014224375	0.44623	0.957164650673401
ENSDARG00000034907	2	1.19818925973042	1.19818925973042	0.394968175210014	0.329637552667496	1.69449550140053	0.88233	1
ENSDARG00000034933	1	2.50839500877384	2.50839500877384	NA	NA	2.50839500877384	0.30356	0.849267091808686
ENSDARG00000034941	5	3.27382064920401	3.07700678844372	1.77732535017537	0.542890262057423	7.32048551776267	0.06744	0.445981454545455
ENSDARG00000034943	19	2.38593039014611	2.62504894701019	1.50430639272625	0.63049047823819	10.4000294569695	0.16028	0.663142211382114
ENSDARG00000034956	9	2.35881792645686	2.28482958297016	1.34037128178258	0.568238551500214	7.07645377937057	0.36934	0.909763436592449
ENSDARG00000034982	8	1.37412790757953	1.41649322196657	0.696090765173633	0.506569120191853	3.88662064666866	0.93173	1
ENSDARG00000035054	5	1.25184082633157	1.2590374577702	0.563769611839142	0.450352472918805	2.79920118468689	0.96567	1
ENSDARG00000035056	8	2.13373570797879	1.97591001776726	1.46938532098653	0.688644481831551	6.03511595348673	0.76228	1
ENSDARG00000035066	1	5.05096528910037	5.05096528910037	NA	NA	5.05096528910037	0.06607	0.442117330703485
ENSDARG00000035131	4	2.22497362730053	2.25635727352311	1.12787358731523	0.506915485862918	4.44994725460106	0.39088	0.922415172733596
ENSDARG00000035132	25	2.17449074980059	1.94572537774222	1.6013171604302	0.736410196537759	10.872453749003	0.29343	0.842718937007874
ENSDARG00000035152	1	3.50403380755984	3.50403380755984	NA	NA	3.50403380755984	0.14379	0.631088667529107
ENSDARG00000035161	7	1.49468282079936	1.44343139942018	0.936844333153896	0.626784706505737	3.95455903275564	0.80442	1
ENSDARG00000035167	6	3.90845777251189	2.7728990097652	3.22711485510637	0.825674739996582	9.57372722386906	0.02697	0.275428726178536
ENSDARG00000035175	18	3.56825169140627	2.20570008521694	3.27788800222061	0.918625782512773	15.1388098078425	0.24607	0.78753154619736
ENSDARG00000035181	3	1.92571148537994	2.598778911998	1.4734042205732	0.765121998679101	3.33543013339698	0.52808	1
ENSDARG00000035184	9	1.45643060887656	1.04782277521322	1.28887160089448	0.884952288862335	4.36929182662968	0.8197	1
ENSDARG00000035187	10	1.39873132378946	1.19791959533594	1.04402796461843	0.746410655757629	4.42317681779716	0.90313	1
ENSDARG00000035188	8	5.85517940772244	5.97843786824608	2.06042596889546	0.351898007801084	16.5609482570575	0.00295	0.0629457023060797
ENSDARG00000035309	1	1.12903435013942	1.12903435013942	NA	NA	1.12903435013942	0.76787	1
ENSDARG00000035332	6	2.76267468995618	2.20778487385766	2.1528312497927	0.779256152604361	6.76714331569437	0.13329	0.611368012618296
ENSDARG00000035360	3	41.7370324957435	10.5642083777793	60.146500440534	1.44108233968642	72.290660839781	0	0
ENSDARG00000035389	18	2.24900289136699	2.05767971851006	1.81458414946607	0.806839402666635	9.54171117236248	0.42767	0.944460151745068
ENSDARG00000035398	42	1.53001395755163	1.23774713019064	1.31297548438267	0.858146082852555	9.91562372383692	0.99611	1
ENSDARG00000035399	3	3.94631904125347	4.14536319968628	0.349247986173165	0.088499683508162	6.83522508232751	0.1843	0.701874575383464
ENSDARG00000035427	10	1.78766061047108	2.04214164803932	1.31458242282232	0.735364652061054	5.65307921245568	0.65716	1
ENSDARG00000035433	7	2.40476407666316	2.69868664355501	2.23392308678651	0.928957276293937	6.36240770863259	0.45236	0.959297704166667
ENSDARG00000035434	2	1.23250079891692	1.23250079891692	0.913988482321034	0.74157232443518	1.74301934546398	0.69956	1
ENSDARG00000035435	2	1.25419750438692	1.25419750438692	1.77370312059847	1.4142135623731	1.77370312059847	0.67143	1
ENSDARG00000035514	1	0	0	NA	NA	0	1	1
ENSDARG00000035515	7	1.832906771532	1.94572537774222	1.16937133968758	0.637987353121174	4.84941549383996	0.6741	1
ENSDARG00000035521	8	1.58222125004052	0.961114912829562	1.51352132488556	0.956580076804559	4.47519750096443	0.72286	1
ENSDARG00000035532	4	2.28558194847033	2.08912560924078	1.41783653901037	0.620339401944999	4.57116389694067	0.31075	0.853392489884003
ENSDARG00000035533	3	1.61503544318175	1.74446101063095	0.394638511319179	0.244352848716255	2.79732344361531	0.51366	0.997021048417842
ENSDARG00000035535	6	1.94351997647272	1.46867643581278	1.67033116899843	0.859436069203621	4.76063224726413	0.47331	0.975171898785425
ENSDARG00000035546	3	1.26611152902759	1.00415155442692	1.41539110362297	1.11790396909981	2.1929694963245	0.74211	1
ENSDARG00000035564	18	2.33571126335418	2.30875144451156	1.48370264188598	0.635225194639563	9.90958363926924	0.72308	1
ENSDARG00000035565	13	1.29406657483203	1.28792818639663	0.849459285944231	0.65642626311903	4.66582338942094	0.92057	1
ENSDARG00000035569	12	5.04419025977586	5.25719022651858	3.82916608903343	0.759124040099864	17.4735876259517	0.00062	0.0196584423676012
ENSDARG00000035570	21	1.872870859311	1.54210501327889	1.62544810985595	0.867891185222416	8.58257247966966	0.56687	1
ENSDARG00000035571	18	1.90001664899346	1.96954931219384	1.14933875651022	0.604909834405442	8.06108794122369	0.62398	1
ENSDARG00000035573	7	2.52940416695204	3.19462299915481	1.26111313499515	0.498581109129274	6.69217439092559	0.25628	0.799584178921569
ENSDARG00000035577	12	2.81618147496607	1.91047771082443	2.36416914009579	0.839494599730747	9.755538795951	0.79139	1
ENSDARG00000035578	14	1.45524123674072	1.29986305875411	1.09795202407354	0.754481110315845	5.44501412298898	0.94291	1
ENSDARG00000035579	4	2.91765792596676	2.64024558308473	1.97763343993004	0.677815388270632	5.83531585193352	0.16926	0.67505026645768
ENSDARG00000035595	18	1.77327468966188	1.16233655304242	1.76742010418744	0.996698432843726	7.52336734779831	0.7256	1
ENSDARG00000035596	7	3.69933325907315	4.58426217189788	2.4093819898707	0.6513016863137	9.78751582025763	0.23779	0.776137743589744
ENSDARG00000035598	18	2.37695105615129	1.65338856967432	2.57476981859695	1.08322374242151	10.0845492621186	0.34024	0.8829583681795
ENSDARG00000035603	7	2.47167172855211	2.40692615306148	1.83404185741091	0.742024855576302	6.53942871633802	0.22936	0.766390702560735
ENSDARG00000035634	1	5.26339305080812	5.26339305080812	NA	NA	5.26339305080812	0.03586	0.324305217391304
ENSDARG00000035648	4	1.94788805435747	1.56028656610202	1.59384199782766	0.818241065887848	3.89577610871495	0.38802	0.919741346064276
ENSDARG00000035652	1	6.1006136707299	6.1006136707299	NA	NA	6.1006136707299	0.03869	0.33714625
ENSDARG00000035655	3	4.15417212733803	2.09227801552801	3.85745793918517	0.928574411685972	7.19523718793595	0.43766	0.951410397266126
ENSDARG00000035660	28	2.73967283909156	2.71520242590226	1.66997909648364	0.609554203938228	14.4969860118291	0.14652	0.635669462915601
ENSDARG00000035663	5	2.18911947356532	2.21594303954923	0.453491363398231	0.207156972871677	4.89501995376061	0.31376	0.855235479378682
ENSDARG00000035694	26	8.15967849825341	6.83393389624485	5.14127498026899	0.630083033463817	41.6063598872376	0	0
ENSDARG00000035695	1	1.17193618839342	1.17193618839342	NA	NA	1.17193618839342	0.64901	1
ENSDARG00000035715	3	17.5650275754751	23.6793683951752	12.732492631833	0.724877463307293	30.4235201970712	0.09532	0.528701340599455
ENSDARG00000035732	11	1.30967759495602	1.24136764278055	0.660987731067414	0.504694997923982	4.34370917880417	0.95588	1
ENSDARG00000035735	3	0.617580879743997	0.57210937755394	0.641526406987745	1.03877310329568	1.06968146149969	0.96083	1
ENSDARG00000035741	2	4.24911949056582	4.24911949056582	1.30598358610348	0.307353932739032	6.00916241170204	0.36062	0.902481032702237
ENSDARG00000035763	3	1.76534798294505	1.68289588439128	0.327172422620748	0.185330272434413	3.05767239950005	0.61937	1
ENSDARG00000035765	4	1.39378112321329	1.17374437141765	1.6490232113617	1.18312924741007	2.78756224642658	0.69394	1
ENSDARG00000035781	8	1.4715971460007	1.19113600297767	0.938583144770185	0.637798970540906	4.16230528444747	0.76458	1
ENSDARG00000035798	3	3.06910074501486	3.10930357220438	0.165717166760177	0.053995349298765	5.31583842391324	0.14335	0.630368013816926
ENSDARG00000035808	18	3.8634511588987	2.96587105998206	3.47615834406811	0.899754701456875	16.3912350794418	0.37412	0.909903005008347
ENSDARG00000035809	6	1.66173234336675	1.72109560160988	0.754897053383999	0.454283180078533	4.0703963303279	0.57136	1
ENSDARG00000035810	4	3.05595813681943	2.95987053286424	1.65331349040197	0.541013134467444	6.11191627363885	0.14748	0.636944415254237
ENSDARG00000035819	5	3.78250925375287	3.66037359840932	0.896879059646211	0.237112191796057	8.45794781691341	0.03981	0.344047504244482
ENSDARG00000035821	36	2.32851480253404	1.86620258750173	2.83939637928913	1.21940233156307	13.9710888152042	0.40634	0.932452393605044
ENSDARG00000035823	16	1.93356042404267	1.73362663755608	1.40883269164732	0.728620980306242	7.73424169617067	0.55422	1
ENSDARG00000035852	1	0.302568800703389	0.302568800703389	NA	NA	0.302568800703389	1	1
ENSDARG00000035853	3	1.27192254151621	0.828758104235495	1.02659805252941	0.807123090456152	2.20303446519821	0.71786	1
ENSDARG00000035858	3	2.27892059819939	1.25199291384201	1.87653208520335	0.823430218098003	3.9472062624966	0.3103	0.852885066162571
ENSDARG00000035859	3	4.00150776355059	1.51348207269889	4.30938690709179	1.07694078375798	6.93081475335093	0.07821	0.478928725961538
ENSDARG00000035872	14	2.6736233883974	2.31228944719104	2.39017626344866	0.893983899834659	10.0037827006487	0.33537	0.878835185375901
ENSDARG00000035873	11	2.12238154690829	1.36136752067181	2.24756782152691	1.05898386875865	7.03914325306889	0.49481	0.985711331899081
ENSDARG00000035880	2	2.72255942520172	2.72255942520172	3.3499405882046	1.23043800520769	3.85028046348697	0.20212	0.727431881188119
ENSDARG00000035887	1	2.23752825687873	2.23752825687873	NA	NA	2.23752825687873	0.38388	0.916521379310345
ENSDARG00000035895	7	1.9285869816499	2.23752825687873	1.51935226673311	0.787805933146614	5.10256153520231	0.82317	1
ENSDARG00000035899	8	2.83211104033639	2.73969939671865	1.45099920824003	0.512338389128869	8.01041968678061	0.55791	1
ENSDARG00000035904	4	2.90872930641615	2.82226575517364	2.71668513327493	0.933976608714461	5.81745861283231	0.14551	0.63419784338896
ENSDARG00000035905	19	2.6445425092447	1.99541599334156	2.07034598248488	0.782874911349481	11.5272935496951	0.08301	0.49201565774156
ENSDARG00000035907	9	3.08273622387782	2.75082015615279	2.30352046430015	0.74723242503133	9.24820867163346	0.86739	1
ENSDARG00000035909	21	3.95239317263723	2.83312608043728	4.05592430167265	1.02619454201879	18.1121408898368	0.00035	0.0125876325088339
ENSDARG00000035913	4	3.43090403077203	3.30937474381845	1.5459594797813	0.450598287190628	6.86180806154406	0.08529	0.497753222477064
ENSDARG00000035914	6	3.66476500402283	4.25867677918824	2.21215493120528	0.603628044029285	8.97680428706467	0.13612	0.615472838738338
ENSDARG00000035918	4	1.17209774018811	1.03244096951081	0.693125569911754	0.591354753231174	2.34419548037621	0.92307	1
ENSDARG00000035924	28	2.40142520602174	2.09588528609007	1.43611204135542	0.598024888617921	12.7071477745111	0.44132	0.953040721102863
ENSDARG00000035944	1	1.92870913052087	1.92870913052087	NA	NA	1.92870913052087	0.37407	0.909903005008347
ENSDARG00000035949	7	1.92367507513752	1.49381220019343	1.63782180664516	0.851402520006179	5.08956585210737	0.93958	1
ENSDARG00000035952	7	2.68136558469696	2.29250894494599	1.71623142227958	0.64005871936092	7.09422651115545	0.13804	0.618657472479084
ENSDARG00000035963	2	2.35324855393644	2.35324855393644	1.18760914699247	0.504667959959383	3.32799602061179	0.2468	0.788180232193285
ENSDARG00000035966	1	1.04782277521322	1.04782277521322	NA	NA	1.04782277521322	0.78742	1
ENSDARG00000035970	20	2.29205872786497	2.15741721109436	1.29746448053177	0.566069474904051	10.2503982478555	0.99832	1
ENSDARG00000035978	24	2.35600597455217	2.24321662234693	1.59798122951052	0.678258564184784	11.5420249372028	0.24356	0.785307287116176
ENSDARG00000035985	3	1.59326790120338	1.86335676749495	1.10316698001383	0.69239264732605	2.75962095495288	0.74726	1
ENSDARG00000035986	5	1.26057579690492	1.14951728017256	1.49524018018127	1.1861565039187	2.81873317267036	0.92791	1
ENSDARG00000035987	2	1.18565316229993	1.18565316229993	0.365195663462075	0.308012220668031	1.67676678239511	0.7273	1
ENSDARG00000035990	10	1.59255015915582	1.54244648875125	0.790155987400222	0.496157676954468	5.03608579099606	0.98817	1
ENSDARG00000035993	2	3.45006723507189	3.45006723507189	0.258882255359653	0.0750368725362706	4.87913187493771	0.26156	0.805986735249622
ENSDARG00000036005	3	3.20244737528355	2.50839500877384	1.93444988467531	0.604053605878234	5.5468015625567	0.11456	0.576133132411067
ENSDARG00000036028	12	1.32096376379921	0.611288570380546	1.24573086838026	0.943046965041209	4.5759527077153	0.96408	1
ENSDARG00000036031	3	2.86665393536076	2.97827274381914	2.31487839161804	0.807519304323254	4.9651902637621	0.36144	0.903422475442043
ENSDARG00000036036	1	83.3173890023871	83.3173890023871	NA	NA	83.3173890023871	0	0
ENSDARG00000036040	1	4.32910061337191	4.32910061337191	NA	NA	4.32910061337191	0.24621	0.78753154619736
ENSDARG00000036044	1	2.96778274113338	2.96778274113338	NA	NA	2.96778274113338	0.61622	1
ENSDARG00000036045	4	6.09997348873659	4.78772677723229	6.57237028708356	1.07744243466291	12.1999469774732	0.00915	0.138998059701493
ENSDARG00000036064	3	1.63673598776089	1.32952020692114	1.50509578010184	0.919571507779254	2.83490988937829	0.72187	1
ENSDARG00000036065	22	1.59621667014033	1.22993218739503	1.88251373807962	1.17935977821489	7.48691982571908	0.81899	1
ENSDARG00000036066	6	3.32160492406356	3.7661530065701	1.98877809029121	0.598740107796501	8.1362371910718	0.0838	0.494150127020785
ENSDARG00000036069	7	1.56257641146547	1.73109564600467	0.934603888255933	0.598117238554376	4.13418858927337	0.85307	1
ENSDARG00000036071	5	0.834652108954493	0.446471352868266	0.66104346082487	0.79199879055348	1.86633885318581	0.97783	1
ENSDARG00000036073	7	1.86805975593027	1.92487293248367	1.68234353218831	0.900583360273999	4.94242154839951	0.89094	1
ENSDARG00000036076	9	2.21824846762475	1.6351304197089	1.66304524912501	0.749710987473714	6.65474540287426	0.29566	0.844037621985418
ENSDARG00000036080	8	6.29378288221505	4.07916734367349	6.51924624649655	1.03582318750121	17.8015062213203	0.46625	0.968863311555737
ENSDARG00000036086	1	2.6823674146269	2.6823674146269	NA	NA	2.6823674146269	0.27687	0.824996024590164
ENSDARG00000036090	19	1.48111385516992	1.51348207269889	0.941175052819121	0.635450846357214	6.45602561856361	0.88507	1
ENSDARG00000036092	2	2.83906923925849	2.83906923925849	3.28181832936346	1.15594867641221	4.01505022267562	0.31913	0.861337878546805
ENSDARG00000036094	1	2.18566123045522	2.18566123045522	NA	NA	2.18566123045522	0.40644	0.932452393605044
ENSDARG00000036096	2	2.89630533760541	2.89630533760541	0.419610878389101	0.144877984009802	4.09599428921516	0.16143	0.664781504854369
ENSDARG00000036100	18	2.54205138787799	2.16435027468597	2.10891994432769	0.829613419454961	10.7850106469592	0.11719	0.581834058536585
ENSDARG00000036102	3	0.806212058674497	0.366898690474625	0.969332817162961	1.20232984204758	1.39640024729893	0.96544	1
ENSDARG00000036105	13	1.37148866712025	1.23180659203811	0.969681098887328	0.707028152790642	4.94497271301981	0.95596	1
ENSDARG00000036106	3	1.12878105111629	0.805998257847476	0.938105382498378	0.831078251686321	1.95510613115442	0.80391	1
ENSDARG00000036107	12	2.33450121089358	2.37794739061174	1.90720173523821	0.816963266644953	8.08694941519748	0.48601	0.980303166864843
ENSDARG00000036109	2	3.10457206727024	3.10457206727024	0.260391354894993	0.0838735095378049	4.39052792289825	0.16756	0.671163195592286
ENSDARG00000036116	5	3.11969885758866	2.63091145372532	2.68727563289061	0.861389433904437	6.97585871489668	0.44509	0.956732
ENSDARG00000036144	8	1.58781578736259	1.34838779752217	0.990956152157155	0.624100201071286	4.49102124207658	0.9734	1
ENSDARG00000036147	22	2.03617566549889	1.12552233816432	2.70180501700248	1.32690173189968	9.55051043122497	0.50049	0.988547878905492
ENSDARG00000036152	22	2.93638411997598	2.21331401300611	2.41489078011875	0.822402887854641	13.7728623532306	0.64685	1
ENSDARG00000036155	12	2.58808733307416	2.21291462211528	1.80825349845139	0.698683338596431	8.96539751061976	0.15999	0.662832419682798
ENSDARG00000036158	9	1.62305488142618	1.23241785660833	1.14770150396958	0.707124273555735	4.86916464427855	0.76068	1
ENSDARG00000036159	4	6.03329235990036	6.48747530924965	5.57096468218699	0.923370582737515	12.0665847198007	0.00393	0.0782769863013699
ENSDARG00000036161	1	4.35737162886781	4.35737162886781	NA	NA	4.35737162886781	0.50226	0.989547479674797
ENSDARG00000036162	8	3.43527588524133	3.3547217721182	2.93164166423009	0.853393369896444	9.71642749480306	0.84323	1
ENSDARG00000036164	12	1.42620462464397	1.26289977179319	1.0382167177509	0.727957755718313	4.94051774374611	0.94808	1
ENSDARG00000036168	4	2.99684212117644	0.586213345141312	5.21938717321534	1.74162900886031	5.99368424235288	0.1403	0.622427256097561
ENSDARG00000036175	27	2.17512299343729	2.18641395806165	1.35312019520796	0.622089049350565	11.3022706120341	0.61861	1
ENSDARG00000036179	8	2.35364492343116	1.61985545343092	2.20989597429718	0.938924963700801	6.65711314345387	0.23169	0.768691127770535
ENSDARG00000036186	10	6.92545120348846	2.80809560681588	7.79908901901212	1.12614886595167	21.9001996273778	0.98048	1
ENSDARG00000036190	2	1.5034152951225	1.5034152951225	1.82062555987596	1.2109931073487	2.12615030024139	0.75825	1
ENSDARG00000036212	5	1.374337108756	0.668511641601394	1.41508102917828	1.02964623465575	3.07311119917894	0.92096	1
ENSDARG00000036222	2	8.02190297050746	8.02190297050746	3.14539965226959	0.3921014332676	11.3446839769327	0.06414	0.434970585885486
ENSDARG00000036227	1	1.43325132691325	1.43325132691325	NA	NA	1.43325132691325	0.6235	1
ENSDARG00000036232	14	1.69653405380807	1.76781577679812	0.958542684088038	0.565000556243759	6.3478491743445	0.8809	1
ENSDARG00000036237	9	4.52234126204091	5.02774974198159	1.96937651657868	0.43547720140207	13.5670237861227	0.00325	0.0676451942740286
ENSDARG00000036239	4	1.70070940910728	1.1757376528384	1.45585448351133	0.856027770361733	3.40141881821456	0.53766	1
ENSDARG00000036252	24	2.39033952469672	2.13995878800952	1.44871365746199	0.606070243366702	11.7102242950277	0.25402	0.797344582691715
ENSDARG00000036257	2	0.920482027145274	0.920482027145274	1.30175816670953	1.4142135623731	1.30175816670953	0.88218	1
ENSDARG00000036279	25	2.38933844745836	1.76196513349038	2.72848522403169	1.14194170647281	11.9466922372918	0.14833	0.637532047277332
ENSDARG00000036282	14	1.73963060164361	1.17856022375639	1.96826509527594	1.13142703595598	6.50910169089781	0.76063	1
ENSDARG00000036291	9	1.83967854626381	2.19132179951918	1.1954224986813	0.649799662614468	5.51903563879143	0.57727	1
ENSDARG00000036304	1	1.83056614575414	1.83056614575414	NA	NA	1.83056614575414	0.4202	0.941827146923582
ENSDARG00000036338	11	1.6059535818097	1.6244208892013	0.645780793628412	0.402116724258431	5.32634546159011	0.83462	1
ENSDARG00000036359	3	2.15380520057468	2.6823674146269	1.56570928340262	0.72695027525463	3.73050003700142	0.37513	0.910148543504172
ENSDARG00000036375	1	3.22763575001786	3.22763575001786	NA	NA	3.22763575001786	0.12841	0.601729732965009
ENSDARG00000036424	10	1.67857375504104	1.08842856267632	1.87102230465755	1.11465004086865	5.30811628651124	0.60544	1
ENSDARG00000036438	9	4.18345457415615	3.12867306460835	2.78155242257723	0.664893659838126	12.5503637224684	0.26862	0.816367381307853
ENSDARG00000036442	14	1.6890285872066	0.979615496791997	1.91467829441219	1.13359732861525	6.31976628979392	0.7213	1
ENSDARG00000036446	4	1.70675436723014	0.752230028485093	2.09309396629819	1.22635922689627	3.41350873446029	0.81194	1
ENSDARG00000036456	3	3.33506096750206	1.23241785660833	3.83058378116595	1.14857983661841	5.77649504205338	0.09278	0.518854307692308
ENSDARG00000036458	7	1.57381111778901	1.54184275175628	0.316547847593937	0.201134585984272	4.16391282825831	0.64219	1
ENSDARG00000036460	10	2.04084756769749	1.67725430002	1.16846242248404	0.572537822509849	6.45372667113874	0.37654	0.911180247265811
ENSDARG00000036473	1	2.87496836389162	2.87496836389162	NA	NA	2.87496836389162	0.2147	0.743894095238095
ENSDARG00000036481	19	1.53863120262993	1.55956638478873	1.30048858710709	0.845224368831338	6.70673792364233	0.90112	1
ENSDARG00000036489	18	2.59605449439178	2.49862594500785	2.29351292763191	0.883461010770981	11.0141264238854	0.24357	0.785307287116176
ENSDARG00000036493	19	2.49319974900181	3.09661882312592	1.24679217882555	0.50007713153538	10.8676057519599	0.1418	0.626678419452888
ENSDARG00000036500	13	2.03495302823141	2.02112698842246	1.05778688792464	0.519808994728477	7.33712748644906	0.86529	1
ENSDARG00000036510	7	1.48238002673123	1.2916468953277	1.46093283615482	0.985531921511578	3.92200889922012	0.91745	1
ENSDARG00000036542	1	2.25762483436313	2.25762483436313	NA	NA	2.25762483436313	0.3876	0.919741346064276
ENSDARG00000036546	1	1.50817561720252	1.50817561720252	NA	NA	1.50817561720252	0.61674	1
ENSDARG00000036549	5	3.08648683753507	3.11928077635122	2.16859696489085	0.702610145139233	6.90159438038677	0.53181	1
ENSDARG00000036558	23	1.63488272193812	1.43956230368816	0.940579469171897	0.575319230272896	7.84062209479014	0.86595	1
ENSDARG00000036569	15	3.15464076512108	2.67960207799539	2.50488426286262	0.794031539361813	12.217871146581	0.03333	0.311508484848485
ENSDARG00000036587	30	3.19069899621277	3.25808061635462	1.45084577475352	0.45471095094699	17.4761781443483	0.01	0.146868686868687
ENSDARG00000036588	18	3.52574324744616	2.67589201667878	2.66948172975493	0.757140138235687	14.9584617539511	0.02847	0.285766923076923
ENSDARG00000036592	11	6.16838976862321	6.37243034844175	4.14801732850767	0.672463557605815	20.4582344231904	7e-05	0.00347541463414634
ENSDARG00000036593	20	2.61343747413724	2.71578416164527	1.85224676278267	0.708739650790436	11.6876476942325	0.83654	1
ENSDARG00000036619	13	3.45181570368102	3.41816509915287	2.30819331251	0.668689614584157	12.4456985130737	0.11316	0.572152250372578
ENSDARG00000036628	1	0.434088579428646	0.434088579428646	NA	NA	0.434088579428646	0.88529	1
ENSDARG00000036630	1	5.76133219207745	5.76133219207745	NA	NA	5.76133219207745	0.05388	0.397605782608696
ENSDARG00000036636	1	6.60736751270963	6.60736751270963	NA	NA	6.60736751270963	0.04474	0.36168683081811
ENSDARG00000036645	16	1.96288049527275	1.6387878455389	2.01972681408802	1.02896066212496	7.851521981091	0.64346	1
ENSDARG00000036650	10	1.78414776324119	1.86241411196656	1.51235218640415	0.847660837046771	5.64197061413699	0.66648	1
ENSDARG00000036658	17	2.32026928875235	1.19472874980043	2.78486420817358	1.20023318917049	9.56671535740268	0.9362	1
ENSDARG00000036675	4	6.40108607653489	6.52603575136225	3.29152312161569	0.514213226046398	12.8021721530698	0.01881	0.223251701631702
ENSDARG00000036685	7	1.08502247066275	0.718386292941251	0.9407355236652	0.867019392778646	2.8706996242905	0.99387	1
ENSDARG00000036687	13	2.4114234774938	1.11759108289447	4.38735922563854	1.81940636581939	8.69451099496157	0.55348	1
ENSDARG00000036695	10	1.93555293824353	1.62801404219396	1.17931409928709	0.609290542245408	6.12075581668079	0.87045	1
ENSDARG00000036698	15	1.69869981996094	1.21901028168274	1.74950744970376	1.0299097163288	6.57903611291427	0.95685	1
ENSDARG00000036700	1	1.00415155442692	1.00415155442692	NA	NA	1.00415155442692	0.76094	1
ENSDARG00000036704	2	1.94616043505123	1.94616043505123	0.115709995733106	0.0594555277402195	2.75228648180337	0.47569	0.976911384180791
ENSDARG00000036755	16	1.32920667368227	1.00780126318115	0.955714295791172	0.719011057282449	5.31682669472906	0.93412	1
ENSDARG00000036764	14	10.8357545678537	9.64604261106883	4.30822331462064	0.3975932905865	40.5436811200792	0	0
ENSDARG00000036772	14	1.96059492912268	1.68602566376635	1.72612285283376	0.880407690132181	7.3358744990234	0.74574	1
ENSDARG00000036774	20	2.35145401453687	1.21065935310379	2.48021166060692	1.05475660815566	10.5160220449384	0.49792	0.986808850865254
ENSDARG00000036784	3	1.12532830842493	1.28370317467633	0.631593296157757	0.56125247310429	1.94912580538751	0.80508	1
ENSDARG00000036787	5	2.10734664144977	2.3331065642714	0.902566091407935	0.428295029234965	4.71217034243756	0.32973	0.873554268610099
ENSDARG00000036791	2	1.38631365160148	1.38631365160148	1.13151270465484	0.816202526280909	1.96054356779779	0.67697	1
ENSDARG00000036793	8	1.46572124025803	1.54825846650661	1.10575929937525	0.754413096436117	4.14568571326245	0.74077	1
ENSDARG00000036809	12	2.11446118462941	1.06500893312467	2.87256941512226	1.35853494781731	7.32470840482085	0.32851	0.872752875782881
ENSDARG00000036811	5	3.47257745199251	2.39587044179794	3.32641889639602	0.957910641989389	7.76491923978826	0.06105	0.424430942622951
ENSDARG00000036816	11	2.85289471084378	2.12585922246192	3.41412235987954	1.19672217376356	9.46198132225829	0.07387	0.466334014869889
ENSDARG00000036820	18	4.82921237578011	3.77117017281788	3.92059593764719	0.811849973157135	20.4886129122247	0.01335	0.178784605263158
ENSDARG00000036826	10	2.04370445064579	1.4947852249415	1.3435792195013	0.657423444508693	6.46276092826388	0.41962	0.941827146923582
ENSDARG00000036830	9	2.63320188857237	3.1680428406548	1.31575933100481	0.499680384065868	7.8996056657171	0.1769	0.687665941198931
ENSDARG00000036831	14	1.6671926527131	1.52909944272046	1.14998415294664	0.689772805245526	6.23806370419921	0.89777	1
ENSDARG00000036844	2	5.42555080922587	5.42555080922587	1.87621040676168	0.345810125595227	7.67288753775155	0.03199	0.303725951492537
ENSDARG00000036846	6	0.846876237594519	0.237942465852697	1.34797548870776	1.5917030480588	2.07441465739458	0.95761	1
ENSDARG00000036852	2	3.06462393188681	3.06462393188681	0	0	4.33403272804748	0.13517	0.613904622936189
ENSDARG00000036863	19	1.19692405366412	0.881028429036563	1.21182079603591	1.01244585429309	5.21727099301495	0.98146	1
ENSDARG00000036888	11	1.15429738912381	0.800456640665811	1.14113191625137	0.988594383911385	3.82837133621055	0.99296	1
ENSDARG00000036911	1	3.96702374066436	3.96702374066436	NA	NA	3.96702374066436	0.10282	0.549344860892388
ENSDARG00000036912	3	2.0721758465637	0.639688258929584	3.05193374885588	1.47281600348586	3.58911384846537	0.36443	0.906030849609375
ENSDARG00000036929	1	5.2792117802311	5.2792117802311	NA	NA	5.2792117802311	0.05521	0.402609378127234
ENSDARG00000036952	6	1.38321172607967	1.58877289304813	0.899702828140948	0.650444766464573	3.38816293512956	0.78827	1
ENSDARG00000036956	8	1.54166972199947	1.64801074646651	1.04226815700766	0.676064491722575	4.36050045910323	0.88064	1
ENSDARG00000036965	4	1.79372482432895	1.23400798306075	1.94065486709526	1.08191336863572	3.58744964865791	0.70069	1
ENSDARG00000036966	10	2.35817715314012	1.98843795057164	2.02316859937994	0.85793749493583	7.45721093009448	0.63107	1
ENSDARG00000036967	5	3.9110557386425	2.59358740626305	3.92625283015579	1.00388567500154	8.74538649539529	0.72257	1
ENSDARG00000036985	32	1.71627016348199	1.65192385363186	1.43886956051714	0.838370083645777	9.70869016757005	0.77617	1
ENSDARG00000036993	20	2.33821185449984	1.23236589208982	3.39043126327641	1.45001029600958	10.456801304915	0.17428	0.684209575944487
ENSDARG00000036994	6	1.13624700519735	1.09064278620182	0.715493162013808	0.629698611957648	2.78322538449902	0.96619	1
ENSDARG00000036995	5	3.95887975385409	5.01682608350212	2.18450973152476	0.551799970534107	8.85232424436538	0.08798	0.50671242081448
ENSDARG00000036998	3	2.89551160117232	2.82381853949563	0.294474324175534	0.101700274333665	5.01517320713557	0.75713	1
ENSDARG00000036999	13	1.57080581295986	1.18350424452053	1.21850209502128	0.775717841739626	5.66362090242366	0.76717	1
ENSDARG00000037000	3	2.05101239279577	2.02733262988918	0.1357016263269	0.0661632405555203	3.55245767127568	0.40922	0.934959533108866
ENSDARG00000037008	8	2.62792029117551	1.44649739060647	3.98340036825858	1.51579953990033	7.43288103323172	0.24672	0.788172052730697
ENSDARG00000037009	1	3.49487011394352	3.49487011394352	NA	NA	3.49487011394352	0.47444	0.97572243281471
ENSDARG00000037012	7	5.90985328536059	5.14017858116993	4.34965923147586	0.736001220580294	15.6360020779422	0.02611	0.270343418107833
ENSDARG00000037017	12	3.32083236739198	2.82618475028635	2.42278681118674	0.729572150336957	11.5037007674843	0.05292	0.393089059080963
ENSDARG00000037018	15	1.64949531823888	0.927420832205978	1.74930180634376	1.06050728789666	6.38846789718629	0.79287	1
ENSDARG00000037020	47	4.18716445132039	3.94614017659614	3.03673460728372	0.725248468883546	28.7057532333303	0.76723	1
ENSDARG00000037030	9	1.70102743214227	1.42405447347082	2.27698181695013	1.33859206143578	5.10308229642681	0.58578	1
ENSDARG00000037033	2	0.817243021350237	0.817243021350237	0.440939525803997	0.539545171123619	1.15575616454827	0.88031	1
ENSDARG00000037038	12	2.6577588627811	1.62593935170836	3.00675320006592	1.13131151293373	9.20674676920671	0.50087	0.988914618816683
ENSDARG00000037040	8	2.06551126156416	2.21722771333731	1.3440096592438	0.650691034347602	5.84214807867679	0.36279	0.90474989710926
ENSDARG00000037042	13	2.52148476476805	2.56684065408553	1.89915927471624	0.753190858518211	9.09134260967247	0.47101	0.972796221590909
ENSDARG00000037046	1	2.99547478553409	2.99547478553409	NA	NA	2.99547478553409	0.21462	0.743894095238095
ENSDARG00000037057	8	1.22195215924305	0.944697110093783	0.91219274155733	0.746504463908306	3.45620263234522	0.96089	1
ENSDARG00000037059	22	2.4266537237085	1.80637448078817	2.27972997815518	0.939454177529383	11.3820148693165	0.76837	1
ENSDARG00000037060	20	2.2754324236964	1.75883751205801	2.22680632446983	0.97862995239051	10.1760431551845	0.29517	0.843577092337918
ENSDARG00000037061	4	3.84933240441021	3.93112405495494	2.62587626964006	0.682164072562705	7.69866480882042	0.04693	0.368559830246914
ENSDARG00000037064	6	1.33693489517908	1.44289104773427	0.548337709140772	0.410145408813886	3.27480831251005	0.78303	1
ENSDARG00000037066	7	2.52054372473868	2.52101740302931	0.747069248008063	0.296392100115429	6.66873186432299	0.1897	0.711934587020649
ENSDARG00000037068	1	2.10245572445808	2.10245572445808	NA	NA	2.10245572445808	0.45241	0.959297704166667
ENSDARG00000037069	6	1.89320435573439	1.6543030291282	1.31298956016341	0.693527645965135	4.63738465036381	0.54946	1
ENSDARG00000037070	5	4.37260103012311	4.20292549459989	2.54437948385604	0.581891525507966	9.77743314184087	0.02072	0.236952988764045
ENSDARG00000037071	3	3.06487206556911	3.03331081487445	0.427739101644925	0.139561812856779	5.30851413626426	0.71203	1
ENSDARG00000037073	5	2.34167178030934	2.41223627623915	1.98604480508819	0.848131160732451	5.23613728176464	0.26172	0.805986735249622
ENSDARG00000037079	2	6.5772280310018	6.5772280310018	4.18460376222742	0.636226042719406	9.30160508426323	0.06553	0.440240488448845
ENSDARG00000037099	1	6.08011107259668	6.08011107259668	NA	NA	6.08011107259668	0.04591	0.365627527386541
ENSDARG00000037101	1	5.06605984210542	5.06605984210542	NA	NA	5.06605984210542	0.03927	0.340451499148211
ENSDARG00000037116	1	7.5911537147175	7.5911537147175	NA	NA	7.5911537147175	0.02109	0.239302140468227
ENSDARG00000037121	13	2.45869190557154	2.326933052253	2.06723408542607	0.840786143534941	8.86493973610644	0.17035	0.677803870211102
ENSDARG00000037145	33	2.94450698915449	1.87878825269252	3.34486128047389	1.13596649381171	16.914904862367	0.00689	0.117268260869565
ENSDARG00000037153	11	2.72791234550988	1.94493897191204	2.66306729226796	0.976229055398848	9.04746171103461	0.13337	0.611459396396396
ENSDARG00000037154	24	1.78351590734446	1.86672792853696	1.40074451555235	0.785383808344035	8.73740784226175	0.99168	1
ENSDARG00000037158	2	0.463710416102989	0.463710416102989	0.655785559466518	1.41421356237309	0.655785559466518	0.95852	1
ENSDARG00000037159	9	2.45384126617232	1.79434871282275	3.52759461159368	1.43758060483524	7.36152379851695	0.19268	0.716775233918129
ENSDARG00000037172	3	4.60801126903909	4.07322437351356	1.00752325561399	0.218646005139672	7.98130963982565	0.04442	0.361685408
ENSDARG00000037176	2	2.00847410177444	2.00847410177444	0.659916383824143	0.328566040877064	2.84041131440453	0.3723	0.909903005008347
ENSDARG00000037177	21	2.1637049067346	1.79286711438996	1.98667171949266	0.918180530676378	9.91534151665869	0.75161	1
ENSDARG00000037178	5	0.855164957847883	1.0538445969913	0.670433717033803	0.783981746306611	1.91220697772361	0.96382	1
ENSDARG00000037186	6	1.90971452130664	1.68695854119815	1.7602733657253	0.921746861159596	4.67782613158471	0.42764	0.944460151745068
ENSDARG00000037188	7	2.40209535309593	1.43956230368816	1.46531285743016	0.610014442408206	6.35534692975572	0.27365	0.822323501623856
ENSDARG00000037196	17	1.66273726893728	1.39599570118095	1.35711528361573	0.81619345940511	6.85564138747946	0.95862	1
ENSDARG00000037199	6	4.23098514823843	4.59846667483969	2.50039919552622	0.590973285871085	10.363754722478	0.01143	0.16157575
ENSDARG00000037229	1	3.70844942547093	3.70844942547093	NA	NA	3.70844942547093	0.37272	0.909903005008347
ENSDARG00000037238	10	1.7701341190274	1.56089443042682	0.602085980308618	0.340135797528966	5.59765558010218	0.62664	1
ENSDARG00000037244	5	1.6877958407637	1.28792818639663	1.58731444361072	0.940465905457191	3.77402623208905	0.53123	1
ENSDARG00000037284	9	3.51279740100106	4.44576906937534	2.027950218555	0.577303495492533	10.5383922030032	0.39056	0.922300092785897
ENSDARG00000037291	6	2.01784315479797	1.55659629408172	2.1011886624912	1.04130425474103	4.94268611022288	0.55625	1
ENSDARG00000037307	3	2.22947900778778	2.61151477916175	0.871303187072531	0.390810222490988	3.86157091589669	0.28439	0.830755905963303
ENSDARG00000037318	10	7.6433452926121	5.83927288288708	7.75572819461686	1.01470336583032	24.1703800677804	0	0
ENSDARG00000037320	5	6.35569519737587	5.16821635419245	3.57762348876954	0.562900418863174	14.2117665056014	0.00104	0.0290003287671233
ENSDARG00000037324	6	36.1717893966698	34.9380578323967	10.5456929392971	0.291544684827453	88.6024271052559	0	0
ENSDARG00000037353	6	1.75780103408196	1.71605059461916	0.715648747608762	0.40712727648526	4.30571560283742	0.76911	1
ENSDARG00000037358	9	3.91672126414993	2.65497501883565	2.8881935824491	0.737400848226035	11.7501637924498	0.01073	0.154688300283286
ENSDARG00000037361	10	1.97382296842236	1.74036438915558	1.5828676877058	0.80192991622291	6.24177627816927	0.66098	1
ENSDARG00000037362	9	1.68138221807807	1.79709874247389	0.91994639041845	0.54713698082879	5.04414665423421	0.60784	1
ENSDARG00000037363	15	1.69002881239183	1.4651107546477	2.02652111366852	1.19910447609498	6.54545344500425	0.75114	1
ENSDARG00000037373	1	3.88144354960798	3.88144354960798	NA	NA	3.88144354960798	0.08305	0.49201565774156
ENSDARG00000037390	16	2.07687144739489	1.46078251593078	1.75384805474247	0.844466351994194	8.30748578957956	0.7426	1
ENSDARG00000037392	7	2.26260428136133	1.05746430066964	2.93883539873746	1.29887290629949	5.98628824383209	0.63433	1
ENSDARG00000037397	1	0.497985283538048	0.497985283538048	NA	NA	0.497985283538048	0.83891	1
ENSDARG00000037398	2	3.94134380168621	3.94134380168621	3.55998470837926	0.90324135307765	5.57390185831977	0.09749	0.535484738262277
ENSDARG00000037415	15	2.43749837431906	2.26038658306408	1.10432836275839	0.453058092014889	9.44039061014536	0.16601	0.668713515223408
ENSDARG00000037421	7	2.85355210599672	2.7264540747259	1.92025641309938	0.672935464911952	7.54978922563194	0.99557	1
ENSDARG00000037423	16	1.5305290176483	1.00892684459129	1.52054601655207	0.993477417950839	6.12211607059322	0.968	1
ENSDARG00000037425	1	1.44343139942018	1.44343139942018	NA	NA	1.44343139942018	0.60481	1
ENSDARG00000037427	11	1.58206657614717	0.841000624206828	1.87292445843383	1.18384680308144	5.24712122644239	0.70583	1
ENSDARG00000037432	3	1.30230540937386	1.18350424452053	1.36558723473944	1.0485921542751	2.25565913600731	0.6855	1
ENSDARG00000037433	9	2.08097491395485	1.87913443022538	1.42033832560927	0.6825350541636	6.24292474186455	0.82767	1
ENSDARG00000037476	6	1.58142465446085	1.65529040758639	0.557513790930889	0.352538952366946	3.87368347008629	0.62507	1
ENSDARG00000037484	11	1.37782919102538	0.687970036623248	1.43015618729984	1.03797785430538	4.56974245183009	0.95019	1
ENSDARG00000037487	4	2.43440191829531	1.65037530249782	2.44954060319438	1.00621864647136	4.86880383659062	0.22502	0.758613302418019
ENSDARG00000037488	14	2.48897746400575	2.59173978129618	1.53214931059292	0.615573797975287	9.312900913711	0.96417	1
ENSDARG00000037495	6	3.30892838031378	3.38066394093388	0.883792803530128	0.267093361339637	8.10518612718276	0.15711	0.658448299711816
ENSDARG00000037496	7	1.34420720639797	1.27313176990186	0.815850898216412	0.606938345764877	3.5564379786699	0.96423	1
ENSDARG00000037498	12	5.83312977409557	3.35961090818645	8.31347105065684	1.42521619998517	20.2065542717526	1e-04	0.00475607476635514
ENSDARG00000037501	5	1.8308724558518	1.81776120317886	1.42855167798393	0.780257343114218	4.0939552694166	0.50884	0.992901365030675
ENSDARG00000037503	13	1.65641767661818	1.49495414549577	1.76034553523381	1.06274254379356	5.97229886663176	0.89895	1
ENSDARG00000037506	11	2.86448367426231	2.29825162269531	3.21624125724222	1.12279964663108	9.50041756562668	0.0937	0.522277437020811
ENSDARG00000037507	4	1.03808523968677	1.20393997405807	0.759395933601559	0.731535238696483	2.07617047937355	0.85349	1
ENSDARG00000037514	9	2.50714178806723	2.77849746865565	1.42606124789935	0.568799600679429	7.5214253642017	0.33937	0.882050015321757
ENSDARG00000037528	3	1.09226570423427	1.28063326167805	0.456140728434995	0.417609677450022	1.89185969509876	0.78556	1
ENSDARG00000037553	7	2.48275825137692	2.45496365704634	1.60954807924777	0.648290295019714	6.56876089863692	0.23238	0.770160742429176
ENSDARG00000037555	16	1.59219601166662	1.15048526926642	1.50236521042315	0.943580563834323	6.3687840466665	0.74104	1
ENSDARG00000037556	17	1.42197227732462	1.32952020692114	1.01547181772989	0.714129124683404	5.86294189610948	0.99058	1
ENSDARG00000037574	10	2.84409618663848	2.55698665759557	2.22075231999251	0.780828837795843	8.99382183437694	0.30537	0.849307986977754
ENSDARG00000037588	2	1.78993995256736	1.78993995256736	0.714843893804677	0.399367527820896	2.53135735675421	0.78272	1
ENSDARG00000037589	10	6.296213079125	1.83515247684796	10.3104643551946	1.63756598222173	19.910373963777	0.00014	0.00622235807860262
ENSDARG00000037598	4	1.81299613076762	1.42806498136342	1.89347526567285	1.04439013053556	3.62599226153524	0.44146	0.953040721102863
ENSDARG00000037607	3	2.42783590693129	2.43850362402015	0.268337807596652	0.110525512383505	4.20513514324506	0.40825	0.933558813749719
ENSDARG00000037613	5	3.51448440107236	2.92496079391118	4.07536077809475	1.15958994635209	7.85862602666043	0.11922	0.58591074843071
ENSDARG00000037628	5	2.09018525513107	1.35165069132102	2.75986030626384	1.32039028573607	4.67379631604082	0.72743	1
ENSDARG00000037633	13	1.7961019323607	1.09862158585929	1.5923142126481	0.886538889558038	6.47593761308645	0.83414	1
ENSDARG00000037640	5	0.701137350708899	0.57210937755394	0.446275601441162	0.636502392847773	1.56779077774921	0.98695	1
ENSDARG00000037645	12	3.53845573748749	2.17893911835105	3.37075979645146	0.952607591142258	12.2575702353239	0.00869	0.135239785932722
ENSDARG00000037646	3	1.28219621232343	1.51348207269889	1.18362427398596	0.923122578751927	2.22082898501655	0.68914	1
ENSDARG00000037647	9	2.35917930829776	1.94502362985125	1.39293673670144	0.590432754221846	7.07753792489327	0.67935	1
ENSDARG00000037652	11	3.66012535413343	3.56600179030626	2.48179519966603	0.678062896633662	12.1392624853273	0.01301	0.175986135458167
ENSDARG00000037654	5	2.08950321600267	2.53910534262441	0.749848632263455	0.358864550444653	4.6722712301864	0.34193	0.883738836973083
ENSDARG00000037655	1	0.462082040168606	0.462082040168606	NA	NA	0.462082040168606	0.87469	1
ENSDARG00000037675	8	4.298600920888	3.67549836995165	3.49859544703641	0.813891661827885	12.1582794430986	0.00695	0.117895166666667
ENSDARG00000037679	9	4.35174258866828	4.38397205635113	2.67428850387853	0.614532787587724	13.0552277660048	0.14624	0.635039462457338
ENSDARG00000037691	7	3.05395980430931	1.6244208892013	3.41847321409972	1.11935763177893	8.08001815618992	0.1597	0.662832419682798
ENSDARG00000037695	8	4.72130120623166	2.67125639214749	5.03371846243089	1.06617185444277	13.3538563958025	0.00928	0.140287270029674
ENSDARG00000037706	10	1.34390007880037	1.13135687013753	0.916225767684639	0.681766287641346	4.24978519668893	0.84868	1
ENSDARG00000037708	16	1.35073267415572	0.806075494872644	1.53884069996541	1.13926369696155	5.40293069662289	0.97079	1
ENSDARG00000037713	1	8.90393647179841	8.90393647179841	NA	NA	8.90393647179841	0.01609	0.204194538653367
ENSDARG00000037739	8	2.24579194085526	1.52691427108898	2.0392280570948	0.908021807362176	6.35205884205141	0.26895	0.816669116945107
ENSDARG00000037746	11	15.6296689566671	7.7398820506335	15.7539159386336	1.0079494314506	51.8377475267303	6e-04	0.0193866666666667
ENSDARG00000037747	16	3.08961304658559	2.23078941518858	2.78259419516519	0.900628704374583	12.3584521863424	0.92784	1
ENSDARG00000037760	6	3.28256383784121	3.62648840545246	2.24212116305008	0.683039622018324	8.04060645082302	0.12712	0.598169149722736
ENSDARG00000037773	4	1.7153172918668	1.72815849921664	1.46706776130324	0.855274862708705	3.4306345837336	0.83931	1
ENSDARG00000037777	8	1.38308200169114	1.34822829004251	1.06818496979802	0.772322225646714	3.91194664933149	0.88392	1
ENSDARG00000037781	16	2.29285817665496	1.90242345105597	1.65561527556186	0.722074872497012	9.17143270661983	0.39398	0.925225759113983
ENSDARG00000037782	10	3.25077568039905	3.0220309708626	1.10827270999592	0.340925618669534	10.2798553123446	0.03194	0.303534379084967
ENSDARG00000037783	24	24.6273050291556	8.24778750088772	47.6675435694496	1.93555663167436	120.648662122619	0	0
ENSDARG00000037790	2	1.04197299432324	1.04197299432324	1.0640199451022	1.02115885046836	1.47357234019844	0.81745	1
ENSDARG00000037804	5	1.05904073372539	0	1.53625221078315	1.45060729192075	2.36808707155122	0.9044	1
ENSDARG00000037810	6	2.72361462335469	2.75243829273575	0.902913711383983	0.331513020836942	6.67146608320158	0.23171	0.768691127770535
ENSDARG00000037813	1	1.96770110303155	1.96770110303155	NA	NA	1.96770110303155	0.48385	0.97850301489573
ENSDARG00000037815	6	1.78893750919218	1.92870913052087	1.1481740015039	0.641818954325785	4.38198407924634	0.49235	0.984706012173572
ENSDARG00000037835	4	2.73810713673171	2.59334524465927	2.15654879414276	0.787605702206704	5.47621427346341	0.21418	0.743894095238095
ENSDARG00000037837	17	2.6963041089605	3.12440134424283	1.94061620012376	0.719731944803481	11.1171466400311	0.31803	0.860193818761626
ENSDARG00000037838	20	2.34361935212184	1.7778970161409	1.78868061822351	0.763212940959928	10.4809843694569	0.4638	0.968863311555737
ENSDARG00000037845	8	1.13699875557414	0.729356609544487	0.884392434566978	0.777830609076083	3.21591812106855	0.92921	1
ENSDARG00000037846	8	2.22103810486859	1.53224499352129	2.23858184193822	1.00789889062739	6.28204442090521	0.71486	1
ENSDARG00000037855	24	4.58474074302237	3.11409719974361	7.08315969059986	1.5449422524883	22.4605508467068	4e-05	0.00216553191489362
ENSDARG00000037860	1	4.07400119398916	4.07400119398916	NA	NA	4.07400119398916	0.5325	1
ENSDARG00000037861	18	3.14701876598726	2.43637718899673	2.45264856679264	0.779356193646087	13.3516698597055	0.02344	0.253530626992561
ENSDARG00000037894	11	1.92534694503638	1.87913443022538	1.71160562157714	0.888985554520304	6.38565340794268	0.93963	1
ENSDARG00000037895	12	1.47398134022413	1.06500893312467	1.9693667395518	1.33608661508045	5.10602114135333	0.79323	1
ENSDARG00000037905	9	1.96808128445982	1.07632613272254	1.93212572962891	0.981730655580733	5.90424385337946	0.89344	1
ENSDARG00000037906	3	2.2928264480887	3.1441097890632	1.57543144948311	0.68711325743664	3.97129190102732	0.40574	0.932452393605044
ENSDARG00000037909	4	2.70826160039307	3.06528049587977	1.27140129966527	0.469452913810373	5.41652320078614	0.24436	0.786557900063251
ENSDARG00000037916	3	1.09843599601071	0.665240679097824	0.984638495739557	0.896400426893833	1.90254695395308	0.96127	1
ENSDARG00000037919	12	3.57740028613042	3.49508423187165	2.02916276608872	0.567217141999955	12.3924781091787	0.03757	0.332738930112166
ENSDARG00000037921	8	3.46287861734469	3.97085618962253	1.85145057969078	0.534656505260486	9.79449981100132	0.59898	1
ENSDARG00000037928	22	2.966010422733	1.78416558567232	3.52984577428287	1.19009891105855	13.9118220305874	0.0657	0.440800659195781
ENSDARG00000037929	11	2.28331313893843	2.3803428662894	1.18584455585925	0.519352573957761	7.57289296074741	0.42712	0.944348693009119
ENSDARG00000037930	2	1.10552480682037	1.10552480682037	1.02585062223238	0.927930893909887	1.56344817534526	0.77115	1
ENSDARG00000037932	12	2.71060294469278	2.04227335085147	2.48498023762971	0.916762907859731	9.38980403870743	0.59879	1
ENSDARG00000037935	15	2.59234708879023	2.49853183635452	1.15118661495229	0.44407117392969	10.0401171024738	0.10421	0.553664106305367
ENSDARG00000037941	1	2.01922574346728	2.01922574346728	NA	NA	2.01922574346728	0.34803	0.888004346954124
ENSDARG00000037954	1	0.927420832205978	0.927420832205978	NA	NA	0.927420832205978	0.82272	1
ENSDARG00000037955	5	2.33200290697228	2.68357392122609	1.05430947472418	0.452104700029311	5.21451702371713	0.26265	0.807628912386707
ENSDARG00000037960	3	1.33683148174196	1.17193618839342	0.924918064397068	0.691873341576197	2.31546004753466	0.66867	1
ENSDARG00000037962	9	3.70054647569054	3.44669082891223	2.40462743465517	0.649803333224306	11.1016394270716	0.3729	0.909903005008347
ENSDARG00000037980	2	3.57197329543451	3.57197329543451	3.88223937655427	1.0868612543986	5.051533078838	0.55204	1
ENSDARG00000037995	5	11.4178507657658	7.53958023341367	10.9300879918331	0.957280684085038	25.5310904692003	0	0
ENSDARG00000038000	5	3.29681711032144	3.17861892299263	2.96986564333548	0.900828145436894	7.37190716806317	0.07892	0.480124184100418
ENSDARG00000038024	1	2.3331065642714	2.3331065642714	NA	NA	2.3331065642714	0.32642	0.870624412997903
ENSDARG00000038025	5	3.62359065291298	3.00443176668401	2.67487710167782	0.738184126710755	8.10259502254626	0.65048	1
ENSDARG00000038030	5	3.48480713925748	3.42256854700796	2.42008393320984	0.694467107217158	7.79226565185629	0.25995	0.804674908759124
ENSDARG00000038059	4	2.82830850767619	2.81263665772641	1.27447156989038	0.450612642302417	5.65661701535238	0.51367	0.997021048417842
ENSDARG00000038064	12	2.2267757503319	2.07812196017695	1.72941202759364	0.776644000787181	7.7137774732743	0.5744	1
ENSDARG00000038066	2	5.92256554203074	5.92256554203074	7.71086768968707	1.30194721104651	8.37577251358343	0.01769	0.216511596638655
ENSDARG00000038067	3	2.68658769588078	2.90084915181496	0.887548393627337	0.330362710656412	4.65330638825491	0.31102	0.853405141471302
ENSDARG00000038068	19	6.17866861777906	3.73527809574093	7.31063320968714	1.18320526021591	26.9321921105251	0.39973	0.929082425211235
ENSDARG00000038074	7	3.11116284941943	2.97807641279083	2.00433724185905	0.644240542481753	8.23136318778692	0.11974	0.586872670509126
ENSDARG00000038075	2	2.76023102544841	2.76023102544841	2.22602749839079	0.806464197332601	3.90355615147213	0.74492	1
ENSDARG00000038076	6	6.92712875651888	5.12794129281723	7.29385424158621	1.05294047475619	16.9679308360314	0.01536	0.198393502538071
ENSDARG00000038094	2	4.69101343427125	4.69101343427125	2.64532942464717	0.563914271769321	6.63409482002079	0.04394	0.359377413654618
ENSDARG00000038099	14	3.35225941470887	2.57169418888674	2.939631080644	0.876910381024103	12.543006201428	0.52644	1
ENSDARG00000038133	2	2.95821350938752	2.95821350938752	0.332059502233124	0.112250012103378	4.18354566537113	0.15837	0.660069557739558
ENSDARG00000038139	10	2.0459230947803	1.96957233521544	1.07131209970925	0.523632634306959	6.46977689704629	0.4132	0.937692218506132
ENSDARG00000038141	3	4.49071450802923	5.42962253847124	3.32363340280303	0.740112380081277	7.7781456901933	0.18806	0.709968353115727
ENSDARG00000038154	2	3.07269219307218	3.07269219307218	1.47766527792484	0.480902474141877	4.3454429724406	0.55081	1
ENSDARG00000038156	12	2.84413067133749	2.10062857880645	2.20944720175274	0.776844476246838	9.85235765224301	0.08244	0.490518924605494
ENSDARG00000038159	1	1.83056614575414	1.83056614575414	NA	NA	1.83056614575414	0.42019	0.941827146923582
ENSDARG00000038207	15	3.21477031022322	1.70589369036834	4.5439681659432	1.41346588634747	12.4507518733766	0.03752	0.332738930112166
ENSDARG00000038222	10	2.18952844151201	1.41255898986775	2.22311801722609	1.01534100908545	6.92389687689672	0.29033	0.837816484264247
ENSDARG00000038228	3	14.1964937496293	14.5655395461755	1.61029001698082	0.113428713130161	24.5890484636919	1e-04	0.00475607476635514
ENSDARG00000038239	25	1.730104969282	1.82191844882069	1.09196927795628	0.631157818366046	8.65052484641	0.93692	1
ENSDARG00000038243	10	6.48661720417771	6.5699935281116	4.83881841789175	0.745969473083028	20.512484674835	1e-05	0.000656645161290323
ENSDARG00000038270	19	1.81605491181855	1.13998094391514	2.05929588385806	1.13393921651628	7.91599983653773	0.55672	1
ENSDARG00000038283	5	1.09958211910794	0.334786623985712	1.28186742808705	1.16577689452335	2.45874036516862	0.90437	1
ENSDARG00000038288	2	1.56603613911061	1.56603613911061	1.33269669410032	0.850999961506116	2.21470954709663	0.49863	0.986808850865254
ENSDARG00000038290	15	1.82537867659879	1.91741735828553	0.90164099707595	0.493947370282625	7.06966121498924	0.64064	1
ENSDARG00000038300	15	2.34268602599098	1.39540085529522	2.30572838962567	0.984224246887856	9.07318396405589	0.21659	0.746088359824146
ENSDARG00000038302	17	1.35474021182163	1.28665064178806	1.0872491021823	0.802551731095627	5.58573698861221	0.97628	1
ENSDARG00000038306	12	1.88714917513791	1.91779319601859	1.28081421176249	0.678703214688311	6.53727650560111	0.9888	1
ENSDARG00000038309	10	2.17761645700966	1.97793755984954	1.73281849843951	0.795740908763633	6.88622787441668	0.73569	1
ENSDARG00000038397	10	2.03636028804185	0.809372081671773	2.57958871847282	1.26676440000376	6.4395366469288	0.39195	0.923916317739694
ENSDARG00000038414	20	1.97806849946517	1.65628514556232	1.59429070538724	0.805983567211298	8.84619125791025	0.71974	1
ENSDARG00000038442	17	2.3940925241395	2.26860201633557	1.69688303072504	0.70877921952283	9.87109635452876	0.59894	1
ENSDARG00000038445	2	1.25484863311119	1.25484863311119	1.2800898181829	1.02011492414756	1.77462395567119	0.78216	1
ENSDARG00000038446	25	2.14185015291457	1.58986995508396	1.56942499143442	0.732742666100517	10.7092507645728	0.73899	1
ENSDARG00000038465	14	4.21048515507867	3.06005202854795	3.90552313197006	0.927570811467945	15.7541928824021	0.34937	0.8889803196005
ENSDARG00000038467	24	2.98507994922686	2.76266324278581	1.84482908982424	0.61801664317301	14.6238454340379	0.05147	0.387758445595855
ENSDARG00000038475	11	3.00336369982032	2.34748874283529	2.33670866629924	0.778030535042769	9.9610305012776	0.06854	0.448944707395498
ENSDARG00000038476	20	2.32754266344637	2.22987759591294	1.66317412589104	0.714562251429751	10.409087231994	0.18618	0.705414566430964
ENSDARG00000038489	3	1.49104317409135	1.04782277521322	1.75513954412502	1.1771218799178	2.58256253380499	0.5881	1
ENSDARG00000038505	5	1.26054865579056	1.28063326167805	0.936448558464723	0.742889656946582	2.81867248329367	0.79123	1
ENSDARG00000038518	3	7.92898973380548	0.29523062615662	13.2640713297388	1.67285767481663	13.7334130716431	0.00054	0.0180200655737705
ENSDARG00000038524	4	5.46367589815615	4.16016658283525	5.56078504063794	1.01777359131323	10.9273517963123	0.02145	0.241614911504425
ENSDARG00000038556	5	3.92110255692756	2.47510545179259	3.78837905844129	0.966151485058257	8.76785186403827	0.02681	0.274928873239437
ENSDARG00000038557	9	2.19006330851695	1.17193618839342	2.74561307921946	1.25366836134007	6.57018992555084	0.28889	0.835556243250923
ENSDARG00000038559	5	3.10084314850444	3.35154031485741	2.27271840455598	0.732935622897317	6.93369606762041	0.9051	1
ENSDARG00000038563	17	1.92321045327904	1.42579946951914	1.58919795628761	0.826325560771603	7.92959983916148	0.51888	1
ENSDARG00000038566	7	1.48426886953724	1.01698151100452	1.16015353091527	0.781633001086233	3.92700630755052	0.88693	1
ENSDARG00000038567	5	1.61007573069699	1.28063326167805	1.90076340203583	1.18054285633696	3.60023878276111	0.63798	1
ENSDARG00000038569	4	1.14963361878554	1.24571465227266	0.483947834664101	0.420958318159952	2.29926723757108	0.8243	1
ENSDARG00000038577	2	16.4170334537448	16.4170334537448	22.1934280995504	1.35185374154719	23.2171913642188	3e-05	0.00169633333333333
ENSDARG00000038585	7	1.93393988743413	1.42049606959635	2.05180304823879	1.06094458342293	5.11672399269895	0.86768	1
ENSDARG00000038608	7	13.293411859743	4.42887600425198	19.6716967190655	1.47980796251699	35.1710618564367	0	0
ENSDARG00000038609	11	10.5772201645934	5.25189653132348	9.32509448742913	0.88162053378111	35.0806706109374	0.119	0.58591074843071
ENSDARG00000038615	3	2.19128066038846	2.83493073764797	1.22689528046561	0.559898739875753	3.79540943743589	0.47885	0.97776206662677
ENSDARG00000038618	10	2.71646504821999	1.32549695103976	3.17876153717338	1.17018311693586	8.59021673661429	0.15544	0.654287973531845
ENSDARG00000038635	2	2.7697903393269	2.7697903393269	1.79164597965912	0.646852562889116	3.91707506280608	0.35113	0.891107216135458
ENSDARG00000038643	5	4.26069065417761	2.72552311957667	4.44526792421916	1.04332097423233	9.52719393383918	0.01963	0.229384776119403
ENSDARG00000038655	36	8.66049683738722	5.44814429910418	7.79425578980589	0.899977903826281	51.9629810243233	0	0
ENSDARG00000038667	2	31.8067668854645	31.8067668854645	15.2903597211008	0.480726625757374	44.9815611046634	0	0
ENSDARG00000038669	3	0.736878078114203	0.586213345141312	0.822624277929924	1.11636416167402	1.27631027027751	0.91755	1
ENSDARG00000038672	1	3.6587021809915	3.6587021809915	NA	NA	3.6587021809915	0.12498	0.597169803001876
ENSDARG00000038686	5	1.09387255524572	0.69154966776939	0.859203426295026	0.785469406079046	2.44597339225083	0.89632	1
ENSDARG00000038687	8	2.25715320842232	2.65128902071484	1.08196876588815	0.479351052401272	6.38419335940958	0.29283	0.842403544375353
ENSDARG00000038693	8	3.33341901091174	1.80358470124432	4.10140940050138	1.23039119506899	9.42833274860738	0.53493	1
ENSDARG00000038694	7	12.2702208457786	6.26970594505947	12.7426642687644	1.03850325343967	32.4639528897708	0	0
ENSDARG00000038695	10	2.0257815718235	1.97695040303808	1.33986223280691	0.661405085051117	6.40608380895823	0.98459	1
ENSDARG00000038703	4	1.35996597983991	1.2918669783164	0.487091495519392	0.358164470832373	2.71993195967982	0.67672	1
ENSDARG00000038709	4	1.41653559291239	1.28428072403734	0.871469076636195	0.61521156333563	2.83307118582478	0.66714	1
ENSDARG00000038713	7	1.58990794557469	1.55344573403387	1.1692137895937	0.735397161104867	4.20650103147625	0.6624	1
ENSDARG00000038728	1	2.90712796117366	2.90712796117366	NA	NA	2.90712796117366	0.38785	0.919741346064276
ENSDARG00000038729	3	3.29055568049216	3.46731359306223	0.369486219710834	0.112286876621267	5.69940962374681	0.09741	0.535484738262277
ENSDARG00000038731	28	2.39684089784829	1.8581591734917	2.52043908283323	1.05156712116182	12.6828898957907	0.90359	1
ENSDARG00000038737	13	2.63631288406873	2.69771189488715	1.95780629378265	0.742630476683436	9.50536128167617	0.44486	0.956439602872835
ENSDARG00000038743	17	2.59804571018121	1.10462730409639	5.57319068228165	2.14514727760234	10.71201688326	0.64045	1
ENSDARG00000038754	11	2.33750541418737	2.22718570214421	1.8254726009149	0.780949036453683	7.75262840428381	0.73228	1
ENSDARG00000038768	7	5.35210363148598	5.1008993738234	3.47404419178755	0.649098827487203	14.1603351999576	0.00614	0.107921896551724
ENSDARG00000038780	13	1.19682654061514	1.0538445969913	0.852122727780684	0.711985153122283	4.31521946002408	0.99701	1
ENSDARG00000038784	4	1.94678072446858	1.12625908388282	2.03325026612135	1.04441668266279	3.89356144893717	0.72181	1
ENSDARG00000038785	7	2.6477615604174	2.06978703272788	1.81100827555897	0.683977100745233	7.00531861986076	0.43476	0.949160720720721
ENSDARG00000038786	9	3.84935412364679	2.67960207799539	4.28258642051208	1.11254675016879	11.5480623709404	0.01693	0.211687395577396
ENSDARG00000038787	6	1.65797699414773	1.41976204646222	1.40466553743177	0.847216543046078	4.06119764093536	0.85314	1
ENSDARG00000038789	6	1.88931110201387	1.48856805166417	1.17568281731237	0.622281219889716	4.62784816530936	0.53079	1
ENSDARG00000038793	3	4.24424823909511	4.87414922775566	3.19120507978964	0.751889357082004	7.35125359004746	0.19609	0.722479601882012
ENSDARG00000038794	2	5.96764237298526	5.96764237298526	2.29895209335235	0.385236237305273	8.43952077926812	0.01293	0.17546872
ENSDARG00000038801	12	1.24316275199483	1.29326826851104	0.78248291118891	0.629429179673623	4.30644209706439	0.99214	1
ENSDARG00000038805	11	16.063085018582	14.242634113467	6.05965321447731	0.377240935191928	53.2752259822154	0	0
ENSDARG00000038814	33	1.98281884841541	1.79531986437696	1.69106050863338	0.852856785169665	11.3904270914587	0.81842	1
ENSDARG00000038822	10	2.68111739489442	2.76091872501239	0.772703594598737	0.288202074280737	8.47843764216346	0.11667	0.580484271749756
ENSDARG00000038826	10	3.34019392142312	2.90364853376019	2.31997427768054	0.694562750623802	10.5626206183465	0.04906	0.377392558490566
ENSDARG00000038834	11	3.18094063496485	2.41596750519676	3.29283326095367	1.03517595542617	10.5499865665733	0.08246	0.490518924605494
ENSDARG00000038835	11	1.54644029535913	1.54210501327889	1.17170966897453	0.75768180154826	5.12896222039262	0.96399	1
ENSDARG00000038845	7	1.48639242009187	1.5649797827098	0.666098951869941	0.448131289467133	3.93262469421453	0.83356	1
ENSDARG00000038855	7	1.29477950362807	1.06368005924607	0.896734141709681	0.692576719971982	3.42566456926353	0.98414	1
ENSDARG00000038858	15	2.23419285563013	1.50703813634281	1.79367443347358	0.802828828743923	8.65299172207107	0.68965	1
ENSDARG00000038859	31	2.78255607595214	2.4382310108902	1.71233454636494	0.615381864596927	15.4926165572625	0.15072	0.641852786610879
ENSDARG00000038863	7	2.32164475674016	1.34995904567657	3.00921975387166	1.29615857255308	6.1424946589715	0.28242	0.829823961937716
ENSDARG00000038865	11	2.51625708944482	1.79434871282275	2.60191642704877	1.03404236314456	8.34548064176023	0.15155	0.643488982485404
ENSDARG00000038866	11	2.60227055995325	1.35165069132102	3.43864931028051	1.32140345558161	8.63075505035298	0.13549	0.614535303030303
ENSDARG00000038868	2	1.75534528560746	1.75534528560746	1.05265373230538	0.599684712139753	2.48243310955374	0.55269	1
ENSDARG00000038870	13	2.17557914766762	1.96084344296673	1.54272348676285	0.709109336893933	7.84416217074584	0.88779	1
ENSDARG00000038879	8	1.07452459628679	1.37735053861923	0.835066076081998	0.777149335592425	3.03921451434451	0.97806	1
ENSDARG00000038900	6	2.27089557024197	2.53797882769102	1.2685654627926	0.558619022123257	5.56253540623945	0.8844	1
ENSDARG00000038905	9	2.67720940010925	2.79418303265584	1.05096576717664	0.392560166243908	8.03162820032774	0.2334	0.771280909090909
ENSDARG00000038909	23	2.44482221168383	1.78493868961357	2.11321955635475	0.864365329411543	11.7249554316884	0.13155	0.607732524886878
ENSDARG00000038910	5	1.94630833015994	1.95983019720793	1.12974257659322	0.580454062229896	4.35207773141172	0.72791	1
ENSDARG00000038917	11	1.94955009221779	1.70958820901628	1.5944787257684	0.817870098405393	6.46592616588917	0.45533	0.959895774006623
ENSDARG00000038918	3	1.37803497599256	1.35502522725343	0.0398540538855688	0.0289209305858605	2.38682659302607	0.67283	1
ENSDARG00000038938	23	2.63833722168902	1.97079758994454	2.4197906217448	0.917165024187351	12.6530208169055	0.90519	1
ENSDARG00000038941	13	1.8231067632789	1.2721600976878	1.4897156823553	0.817130248409593	6.57330491564726	0.90655	1
ENSDARG00000038954	7	3.55496699600184	3.77590009207792	0.903080231497393	0.25403336585489	9.40555859046321	0.14828	0.637532047277332
ENSDARG00000038976	12	2.26929947923841	2.37001635866644	1.47464670248116	0.649824633536717	7.86108399126104	0.27852	0.825739895165987
ENSDARG00000038977	1	2.67960207799539	2.67960207799539	NA	NA	2.67960207799539	0.28237	0.829823961937716
ENSDARG00000038978	8	1.85455296237836	0.959764878377886	2.33324450959943	1.25811694620313	5.24546790306934	0.90445	1
ENSDARG00000038979	1	33.4787251352124	33.4787251352124	NA	NA	33.4787251352124	0	0
ENSDARG00000038980	14	2.55476966124491	1.57737323847961	1.9220495842711	0.752337720863067	9.55907277450297	0.42806	0.944460151745068
ENSDARG00000038981	3	5.14287379744389	3.35244867909873	3.11710335188473	0.606101466739081	8.90771871408751	0.21106	0.742141447776629
ENSDARG00000038985	14	1.67972846864656	0.778778953995249	2.38131641483469	1.41767938049739	6.28496843248589	0.65489	1
ENSDARG00000038990	2	2.77070257856102	2.77070257856102	0	0	3.91836516390311	0.17354	0.6834924516628
ENSDARG00000038996	6	3.09362673338197	3.04162366403309	0.686223995487922	0.221818614405927	7.57780695141897	0.08475	0.496309263521289
ENSDARG00000039022	3	3.87441307227509	3.5861604075877	2.42378507574539	0.625587677547794	6.71068029068948	0.3929	0.92444284789644
ENSDARG00000039041	1	5.77205214484179	5.77205214484179	NA	NA	5.77205214484179	0.0432	0.356890909090909
ENSDARG00000039051	4	2.02957492005497	2.4835449011658	0.981150399066853	0.483426548767305	4.05914984010994	0.50478	0.991594935440355
ENSDARG00000039052	1	0.586213345141312	0.586213345141312	NA	NA	0.586213345141312	1	1
ENSDARG00000039062	2	1.68912217877679	1.68912217877679	1.40636714129736	0.832602377121002	2.38877949373132	0.51883	1
ENSDARG00000039098	12	2.7568916048742	2.35072364942656	1.79453863324399	0.65092825197452	9.55015266120443	0.50722	0.99246261053441
ENSDARG00000039117	15	3.89819179695031	3.24480397759256	2.19488612258399	0.563052368100802	15.0976319099109	0.09088	0.513760122154359
ENSDARG00000039130	2	3.07530415064302	3.07530415064302	1.6215302280062	0.527274750260768	4.34913683826163	0.14522	0.633855463121784
ENSDARG00000039136	8	4.02164912696432	3.61521072523524	1.04882363259378	0.260794415296361	11.3749414769177	0.01311	0.176733218543046
ENSDARG00000039142	18	1.95633743182889	1.61319044077551	1.60583235688706	0.820836084185049	8.3000367860117	0.53178	1
ENSDARG00000039150	9	1.94549569026575	1.83022983044657	0.74485814027588	0.382862909438846	5.83648707079725	0.94971	1
ENSDARG00000039174	6	1.71024940471664	1.98577821877123	1.18364951917754	0.692091759197924	4.18923837445445	0.61639	1
ENSDARG00000039181	14	1.0703557440882	0.789659693376172	0.95279936645887	0.890170741570157	4.00490447634353	0.99919	1
ENSDARG00000039196	18	1.95697234627709	1.72749351747772	1.30191812973069	0.665271602946989	8.30273049988249	0.44744	0.957536652649285
ENSDARG00000039203	6	3.39349830502841	2.71630995522395	2.74862247265444	0.809967244887552	8.31233929031919	0.19847	0.725319497487437
ENSDARG00000039208	4	2.29304080370959	1.21095611868827	2.87383359308382	1.25328497793613	4.58608160741918	0.39997	0.92942800456621
ENSDARG00000039211	4	2.59313696985214	2.80795444164858	0.804114635183596	0.31009339056604	5.18627393970427	0.23578	0.77386934537246
ENSDARG00000039213	8	1.53431988760666	1.36097214923642	0.85601023637452	0.557908584310788	4.33971198814421	0.88652	1
ENSDARG00000039215	9	1.4133054100348	1.07377613652615	1.53341035037556	1.08498158960405	4.23991623010441	0.94671	1
ENSDARG00000039217	4	1.38538752492492	1.23100597254286	0.97696192345493	0.705190357122549	2.77077504984984	0.8644	1
ENSDARG00000039218	6	2.46216613250769	2.91473225187595	1.70101321120876	0.69086045362678	6.03105068660572	0.26672	0.813995850074963
ENSDARG00000039220	3	3.20272100946708	3.40166971124151	1.98171634656704	0.618760216924668	5.54727551086526	0.11884	0.58591074843071
ENSDARG00000039225	4	2.88712825856246	2.58928458227994	1.9260236287778	0.667107054584682	5.77425651712492	0.16118	0.664781504854369
ENSDARG00000039229	4	0.783180933211905	0.582511314908034	0.836736969802527	1.06838271249912	1.56636186642381	0.95497	1
ENSDARG00000039255	16	2.14713783080402	1.61605401485806	1.60906750023631	0.749401122346105	8.58855132321607	0.64057	1
ENSDARG00000039263	10	2.32261231360235	1.91757134826662	1.60126952984703	0.689426091676692	7.34474503253672	0.23365	0.771606002595717
ENSDARG00000039265	8	1.12234458765237	0.502075777213459	1.34122140969861	1.19501748790366	3.17446987502804	0.93885	1
ENSDARG00000039269	4	1.92602284316707	1.91017052696449	0.222724010393727	0.115639339992193	3.85204568633414	0.8788	1
ENSDARG00000039270	3	1.37082881847107	1.6658662620625	1.24970913114556	0.911644921894334	2.3743451620715	0.76744	1
ENSDARG00000039272	3	1.38677532941343	1.42405447347082	0.892834719789563	0.643820740715952	2.40196532922713	0.64173	1
ENSDARG00000039273	5	1.60387377251006	1.79709874247389	1.05244769928276	0.656191102642497	3.58637078266154	0.59997	1
ENSDARG00000039279	20	2.93154281789157	1.82397116086731	2.53422230854136	0.864467096668239	13.1102580395137	0.16192	0.66518023246493
ENSDARG00000039299	7	1.41455208434119	1.22837618986914	0.884704930256008	0.625431145342411	3.74255303171486	0.9324	1
ENSDARG00000039302	12	1.28075435582142	1.29396250933196	0.593759277851772	0.463601216855486	4.43666323259568	0.97625	1
ENSDARG00000039310	9	2.15701267664169	1.42405447347082	1.79984280052516	0.834414567895531	6.47103802992506	0.35138	0.891107216135458
ENSDARG00000039319	2	1.9700639067603	1.9700639067603	0.0738209174790104	0.0374713313744254	2.78609109568214	0.50345	0.990741318638824
ENSDARG00000039325	1	0	0	NA	NA	0	1	1
ENSDARG00000039328	11	2.51870118532844	1.60417261135525	2.34555887472167	0.931257303718546	8.35358679075783	0.21667	0.746088359824146
ENSDARG00000039335	1	5.69219130134359	5.69219130134359	NA	NA	5.69219130134359	0.04537	0.363889566587864
ENSDARG00000039338	3	0.521306235447801	0.575528692299656	0.267700342147042	0.513518396566057	0.902928886098055	0.99591	1
ENSDARG00000039345	1	1.55219337759296	1.55219337759296	NA	NA	1.55219337759296	0.6081	1
ENSDARG00000039373	6	1.38368486904554	1.22462272614326	0.841296318118161	0.608011503875506	3.38932189397133	0.81542	1
ENSDARG00000039390	1	2.98583887912659	2.98583887912659	NA	NA	2.98583887912659	0.24603	0.78753154619736
ENSDARG00000039399	8	2.87718285766302	1.47269686114691	4.19362777923149	1.45754649137516	8.13790203746883	0.33797	0.881337089418396
ENSDARG00000039400	7	2.73844665967386	3.40004945473116	1.34329575934929	0.49053201551469	7.24524884011255	0.14834	0.637532047277332
ENSDARG00000039406	2	1.90374869160669	1.90374869160669	0.0352993912352105	0.0185420435957958	2.69230721902022	0.38704	0.919536209150327
ENSDARG00000039430	10	3.34460812599195	2.2126344260567	3.17671430519635	0.94980164656934	10.576579558842	0.0834	0.493227890761185
ENSDARG00000039434	1	1.4651107546477	1.4651107546477	NA	NA	1.4651107546477	0.6098	1
ENSDARG00000039435	2	1.29119274119877	1.29119274119877	1.08726150146886	0.84205980004149	1.826022286241	0.81078	1
ENSDARG00000039452	19	2.34090778154513	1.5561134742607	1.81045415924051	0.773398325860369	10.2037804559032	0.97109	1
ENSDARG00000039455	4	2.10901507355674	1.84016559858363	1.34036751160598	0.635541930644202	4.21803014711348	0.32806	0.87225566353187
ENSDARG00000039456	1	5.48800439065597	5.48800439065597	NA	NA	5.48800439065597	0.05703	0.40934509167842
ENSDARG00000039458	1	2.77070257856102	2.77070257856102	NA	NA	2.77070257856102	0.24887	0.790396211838006
ENSDARG00000039466	20	2.7893860181293	2.40932329633689	1.26423265838878	0.453229725169642	12.4745135040491	0.06356	0.433588257372654
ENSDARG00000039489	1	4.02649578150521	4.02649578150521	NA	NA	4.02649578150521	0.07147	0.458907304785894
ENSDARG00000039493	3	2.98398740712095	3.18383143371518	2.24085883195366	0.750961222760559	5.1684177982792	0.3412	0.883197761953204
ENSDARG00000039497	13	2.83751537519238	2.41596750519676	1.98420940905497	0.699277059924455	10.2308071801736	0.21895	0.750623217771794
ENSDARG00000039500	15	1.93139544795372	2.12585922246192	1.32225563423267	0.684611551525389	7.48026240486559	0.68092	1
ENSDARG00000039502	10	3.0164216352398	2.30044666829658	2.05110571971008	0.679979779931202	9.53876275076741	0.97995	1
ENSDARG00000039512	14	2.06869237476051	1.42032673797412	2.95327697617511	1.4276056760334	7.74033810498558	0.3451	0.885858209331652
ENSDARG00000039513	1	1.51348207269889	1.51348207269889	NA	NA	1.51348207269889	0.57728	1
ENSDARG00000039517	2	2.43775985731248	2.43775985731248	0.345927325013009	0.141903774473659	3.44751305202001	0.24825	0.79033109164842
ENSDARG00000039543	3	4.46916041372347	3.11096426301354	2.35401568311817	0.526724365473588	7.7408129037446	0.20509	0.73211677532422
ENSDARG00000039576	7	2.48607207873806	2.18475330733561	1.31657279456404	0.529579494425736	6.5775284617223	0.34675	0.887118875219684
ENSDARG00000039578	7	3.08762439006682	2.52297683012663	1.34573216718783	0.435847110003786	8.1690862780943	0.22319	0.75645282051282
ENSDARG00000039601	3	2.80054853534536	2.45173646837345	2.16735130013399	0.77390242403591	4.85069235228077	0.3069	0.849307986977754
ENSDARG00000039613	8	2.053912719439	1.36743694387737	1.57372234444433	0.76620702016694	5.80934244752247	0.4223	0.941827146923582
ENSDARG00000039615	3	0.583710194107846	0.586213345141312	0.58246265261808	0.997862738217767	1.01101571309068	0.97027	1
ENSDARG00000039626	4	2.58076505561595	2.39692777416473	2.01933939026015	0.782457661485265	5.16153011123189	0.8906	1
ENSDARG00000039649	9	1.65112000968499	1.25086399803702	1.12471415548822	0.681182560256659	4.95336002905498	0.77775	1
ENSDARG00000039650	6	2.35487332046615	2.96601092620615	1.81183761220705	0.76939918443188	5.7682380440356	0.9455	1
ENSDARG00000039661	30	9.30005840087582	8.21132564428738	6.59641040505133	0.709286987319361	50.9385177227511	0	0
ENSDARG00000039666	11	2.31965707750055	1.01628741068726	2.84740775463184	1.22751236906963	7.6934321683617	0.23534	0.773396670967742
ENSDARG00000039667	13	1.7752539122739	1.58709483460232	1.23823828064542	0.697499254661197	6.40076900767159	0.86231	1
ENSDARG00000039677	4	2.15860643710388	2.26312943213473	0.530086572910879	0.245568883609037	4.31721287420775	0.31228	0.854017034649476
ENSDARG00000039684	6	1.59114562157335	1.26367370859033	1.30590312689637	0.820731370649202	3.89749487931828	0.80475	1
ENSDARG00000039719	4	2.48216944087851	2.96693297619519	1.48325463998736	0.597563814766165	4.96433888175701	0.36444	0.906030849609375
ENSDARG00000039724	7	1.94780208422767	1.89558294541584	1.19835280279381	0.615233350707178	5.15339991803969	0.42713	0.944348693009119
ENSDARG00000039729	26	4.05217243093808	3.05638619672817	2.74440781967154	0.677268271882549	20.662106297796	0.00516	0.0954881454545454
ENSDARG00000039754	20	1.27328834210484	1.05546253836325	0.945385059754871	0.742475234000869	5.69431857580887	0.96954	1
ENSDARG00000039757	3	0.537619990880596	0.69154966776939	0.479555970181098	0.89199802521407	0.931185139369909	0.97669	1
ENSDARG00000039820	6	5.10958568175726	4.96431360836155	2.54845694471558	0.498759998059006	12.5158777173362	0.03898	0.339092683760684
ENSDARG00000039824	9	2.58683252476094	1.96770110303155	1.82066913811156	0.703821805503166	7.76049757428282	0.15648	0.657035247524753
ENSDARG00000039827	10	1.87161181172653	1.40587991134191	1.55347779776867	0.830021368766425	5.91855622073008	0.68525	1
ENSDARG00000039828	2	0.270672680184342	0.270672680184342	0.382788975280572	1.41421356237309	0.382788975280572	1	1
ENSDARG00000039830	2	2.67887553181951	2.67887553181951	1.24166990785603	0.463504143103163	3.78850210900859	0.31262	0.854133394101877
ENSDARG00000039878	26	1.99272346497534	1.50444554407393	1.53183059217425	0.768712076260516	10.1609358331035	0.54462	1
ENSDARG00000039880	9	3.85963515526102	3.5550092296125	2.7067642330922	0.70130054375804	11.5789054657831	0.03288	0.308151602209945
ENSDARG00000039881	23	2.0405643734934	1.45876308512376	2.26007212165168	1.10757207712221	9.78620294774853	0.57982	1
ENSDARG00000039882	1	4.44576906937534	4.44576906937534	NA	NA	4.44576906937534	0.06414	0.434970585885486
ENSDARG00000039887	4	2.46115761388445	2.15487761180003	2.14934006146228	0.873304517084534	4.9223152277689	0.62211	1
ENSDARG00000039892	4	1.63758811887105	1.47096893333282	1.32443479369278	0.808771618718046	3.27517623774209	0.59872	1
ENSDARG00000039899	2	0.710469298225073	0.710469298225073	0.485606004499111	0.683500336625768	1.00475531719959	0.89998	1
ENSDARG00000039931	5	3.90823749056451	4.84032518486607	3.12411829054423	0.799367566092555	8.73908470111544	0.0773	0.476246610169491
ENSDARG00000039934	1	3.27029421959435	3.27029421959435	NA	NA	3.27029421959435	0.31302	0.854133394101877
ENSDARG00000039958	1	2.64877013581084	2.64877013581084	NA	NA	2.64877013581084	0.31082	0.853392489884003
ENSDARG00000039963	9	2.53691372475051	2.49853183635452	0.508346870153798	0.200380038624999	7.61074117425154	0.14984	0.641410883095038
ENSDARG00000039966	38	2.40893819741396	2.05248969475327	2.0297209290598	0.842579079545814	14.8496923564254	0.52105	1
ENSDARG00000039980	8	2.67840306924179	2.57193001304145	2.1076908866874	0.78692072559641	7.57566789204693	0.31065	0.853392489884003
ENSDARG00000039997	6	1.90517252239142	1.84872919618205	1.48214094685564	0.77795628975124	4.66670055183014	0.76923	1
ENSDARG00000040001	25	1.6385680462242	1.14802068482922	1.52285289268594	0.929380318501326	8.19284023112102	0.98803	1
ENSDARG00000040002	17	1.66412508871067	1.74477457455977	0.945767619228295	0.568327240328463	6.86136351499445	0.71192	1
ENSDARG00000040005	3	1.13336561540365	1.21289121083549	0.771913194420621	0.681080477411259	1.96304682943068	0.83708	1
ENSDARG00000040009	20	2.01573414305385	1.61491834838895	1.93747945004697	0.9611780684092	9.01463713687137	0.40137	0.93067261047836
ENSDARG00000040021	2	2.79451658174129	2.79451658174129	2.88894716248022	1.03379138322382	3.95204325017504	0.36192	0.903837355898945
ENSDARG00000040033	1	1.66871728755481	1.66871728755481	NA	NA	1.66871728755481	0.49658	0.986808850865254
ENSDARG00000040039	3	1.02591066805065	1.28063326167805	0.925231685756877	0.901863792404974	1.77692940109065	0.80919	1
ENSDARG00000040041	11	1.11544892085823	0.982080478597003	0.743301764207796	0.666370059900094	3.69952554329359	0.95173	1
ENSDARG00000040045	2	6.04779307670212	6.04779307670212	2.33619385404068	0.386288655119565	8.55287099149825	0.03224	0.304961635687732
ENSDARG00000040059	10	2.30342742471038	2.39675615565625	1.24151774608178	0.538987134026107	7.28407708698082	0.64407	1
ENSDARG00000040070	6	1.47862599222278	1.38305834395865	1.1726508788881	0.793067946225727	3.62187920136229	0.75144	1
ENSDARG00000040072	17	2.91833057439214	2.71079683109594	1.6297445140487	0.55845096109037	12.0325852086882	0.03765	0.332738930112166
ENSDARG00000040111	11	2.5809804839391	1.29968110172871	3.09154504878895	1.19781806488929	8.56014385645589	0.41235	0.937453349709692
ENSDARG00000040123	1	6.31854469413279	6.31854469413279	NA	NA	6.31854469413279	0.03185	0.30324536950421
ENSDARG00000040131	42	2.41152968330615	1.74229016190396	2.33490577473377	0.96822601475619	15.6284985640208	0.0787	0.479315622009569
ENSDARG00000040133	12	3.77690075580076	2.8978108393908	2.62668857813782	0.695461371099999	13.0835680083844	0.00851	0.134078606811146
ENSDARG00000040135	4	6.23355027862671	4.67232006269472	4.131840161396	0.662838988491526	12.4671005572534	0.01129	0.160488296089385
ENSDARG00000040137	2	1.0156366768235	1.0156366768235	0.828752908052922	0.815993481689656	1.43632716280734	0.79705	1
ENSDARG00000040152	19	1.69606274550849	1.47422222785327	1.38583638490915	0.817090280757077	7.39296610957565	0.77034	1
ENSDARG00000040156	6	3.13979222520683	2.20609659307053	2.3618997829134	0.752247159525919	7.6908888501145	0.1325	0.609117688487585
ENSDARG00000040157	3	1.04596765396673	1.51348207269889	0.907531324588984	0.867647599949445	1.811669119744	0.80769	1
ENSDARG00000040158	8	2.82424751265792	2.63047719122222	1.80264483343787	0.638274381178931	7.98817827179862	0.29951	0.844931973392461
ENSDARG00000040161	7	3.5950945153738	2.06641238603354	3.69266745320235	1.02714057653041	9.51172602745136	0.03435	0.317671392405063
ENSDARG00000040163	8	1.84666456453331	1.10987948180332	2.72851492463208	1.47753683968135	5.22315614463362	0.47409	0.975396810187993
ENSDARG00000040177	9	7.5173751003028	6.62560115662092	2.88368852225685	0.383603117282347	22.5521253009084	0.00018	0.0075704132231405
ENSDARG00000040178	1	0.929099184728405	0.929099184728405	NA	NA	0.929099184728405	0.78802	1
ENSDARG00000040184	1	3.19301503517399	3.19301503517399	NA	NA	3.19301503517399	0.17398	0.684019737553068
ENSDARG00000040186	1	0.586213345141312	0.586213345141312	NA	NA	0.586213345141312	1	1
ENSDARG00000040190	24	2.28262694418096	2.0940633390526	1.39561600223511	0.611407836831558	11.1825425727435	0.25582	0.798937084995397
ENSDARG00000040192	5	10.9297257834216	13.5512858301051	7.20864288512285	0.659544715756458	24.4396098271629	0	0
ENSDARG00000040198	14	1.86758652880831	1.67131856009338	1.49833091600339	0.802281925303592	6.98786893095513	0.96252	1
ENSDARG00000040214	4	2.79100723649302	2.14565296879323	2.41251318141846	0.864388006549869	5.58201447298603	0.31624	0.859234041644421
ENSDARG00000040237	21	2.72466090445886	2.63479348306356	1.88950421698458	0.693482338992145	12.4859648377696	0.92504	1
ENSDARG00000040245	15	2.40788777597794	1.27234436180271	1.94190563319659	0.806476802021185	9.32570925589899	0.7263	1
ENSDARG00000040246	1	1.97079758994454	1.97079758994454	NA	NA	1.97079758994454	0.5888	1
ENSDARG00000040248	14	2.14907308085628	1.87291064594564	1.20686062766237	0.561572632598194	8.04109516770293	0.69878	1
ENSDARG00000040249	1	11.6336896807417	11.6336896807417	NA	NA	11.6336896807417	0.01285	0.175083400267738
ENSDARG00000040251	10	2.093129823648	2.19351760530928	0.987817355405485	0.471933152088901	6.61905768115424	0.34474	0.885604169611307
ENSDARG00000040253	8	1.49237136266423	1.23593862434202	1.13945686429274	0.763520992696178	4.22106364235395	0.71252	1
ENSDARG00000040265	6	3.69801936104881	4.11560231224252	1.51866779155857	0.410670589655284	9.05826049350267	0.04897	0.377392558490566
ENSDARG00000040274	4	4.99372803736203	5.14848670219661	3.988531141722	0.798708121844171	9.98745607472406	0.02192	0.242723173913043
ENSDARG00000040277	5	1.19410020115667	0.805998257847476	0.874662171868422	0.732486411962059	2.67008922173249	0.83642	1
ENSDARG00000040280	6	2.28660034196376	2.04642704234732	1.37377508597331	0.60079370266931	5.60100408348473	0.26858	0.816367381307853
ENSDARG00000040284	4	1.30837693948695	1.54836772658549	0.977234399381346	0.746905857087748	2.6167538789739	0.72508	1
ENSDARG00000040286	6	0.6738854039419	0.720014331666228	0.482039816002576	0.715314225805869	1.65067538476698	0.99734	1
ENSDARG00000040287	8	8.04164344921139	6.32297106719494	6.29581661975896	0.782901736382799	22.745202459287	0.13981	0.621662813455657
ENSDARG00000040291	14	4.65949393187419	2.84059107459848	4.44490981597182	0.953946905170437	17.4342298888254	0.3905	0.922300092785897
ENSDARG00000040300	1	6.75223191077983	6.75223191077983	NA	NA	6.75223191077983	0.03914	0.339613742540494
ENSDARG00000040309	9	0.881059803901131	0.623677269447383	1.03499934337316	1.17472087455406	2.64317941170339	0.98585	1
ENSDARG00000040310	12	1.95953071380388	1.13547711315391	2.58195139836688	1.31763762628387	6.78801351060007	0.63446	1
ENSDARG00000040332	10	2.89199826342517	1.64354138209427	2.90780894012351	1.00546704225182	9.14530150167518	0.08768	0.505843716713881
ENSDARG00000040350	3	1.54965174645839	1.6016534780358	0.573206036637324	0.369893453769431	2.68407555890377	0.63669	1
ENSDARG00000040352	19	1.60526018388031	1.28063326167805	1.36842571019866	0.852463497157722	6.9971669196238	0.90164	1
ENSDARG00000040358	6	2.30584697391373	1.07045863030322	2.43314111433657	1.05520493851627	5.64814851102932	0.7842	1
ENSDARG00000040362	7	1.10032858987371	0.927420832205978	0.483051951025788	0.439006997974331	2.91119580926023	0.90886	1
ENSDARG00000040380	18	2.01245721627661	1.76398553832796	1.06820705264374	0.530797397333052	8.53813286686198	0.81378	1
ENSDARG00000040396	7	1.84652658221338	1.55344573403387	2.16347106765124	1.17164360832431	4.88545012580667	0.51385	0.997021048417842
ENSDARG00000040407	9	3.02495413147112	2.72341198360104	2.41140971516288	0.79717232406104	9.07486239441337	0.11176	0.568462408795602
ENSDARG00000040430	9	3.2896289985937	3.96906286165321	2.13445936523407	0.64884501144249	9.8688869957811	0.91416	1
ENSDARG00000040432	6	4.26787865183498	3.40378749997797	3.42404354684365	0.802282310761455	10.4541249811131	0.02606	0.270307780040733
ENSDARG00000040439	7	4.59177355213257	4.59027764457616	2.38388876244271	0.519165140740782	12.1486908956665	0.33304	0.876265063291139
ENSDARG00000040440	1	3.68934122500732	3.68934122500732	NA	NA	3.68934122500732	0.43745	0.951360277777778
ENSDARG00000040443	9	2.05132979685045	2.3331065642714	1.11780571065593	0.544917600461992	6.15398939055135	0.40826	0.933558813749719
ENSDARG00000040452	16	2.91186692406567	1.74685181127021	2.98289241838142	1.02439173772975	11.6474676962627	0.38716	0.919606646441073
ENSDARG00000040453	5	2.74424885690828	3.62041233083775	2.20106044825078	0.802062991739946	6.136326991223	0.48184	0.977826594896332
ENSDARG00000040463	9	1.94547803278834	1.17193618839342	1.47636302112102	0.758869026655128	5.83643409836503	0.50041	0.988547878905492
ENSDARG00000040465	1	6.4586331299016	6.4586331299016	NA	NA	6.4586331299016	0.07326	0.464953869158878
ENSDARG00000040469	1	123.80244611014	123.80244611014	NA	NA	123.80244611014	0	0
ENSDARG00000040478	1	1.07924517144365	1.07924517144365	NA	NA	1.07924517144365	0.75048	1
ENSDARG00000040492	4	2.20648718314092	1.17710577137831	2.42604969920097	1.0995077232887	4.41297436628185	0.29919	0.844931973392461
ENSDARG00000040503	12	2.78239054121586	2.27594042450684	2.39983025483328	0.862506617703133	9.63848356776987	0.08602	0.500864736842105
ENSDARG00000040505	7	4.42496252826365	2.09967151460726	5.21400732488983	1.17831671829678	11.7073504105652	0.00824	0.130430357698289
ENSDARG00000040523	8	4.56229186725666	2.69686578964716	3.76439031561211	0.825109489953711	12.9041100683577	0.00288	0.0621030508474576
ENSDARG00000040527	7	4.56650436115324	2.07347399587834	4.32360778541251	0.946809078338561	12.0818349005033	0.00588	0.104994105263158
ENSDARG00000040528	14	7.98437582323086	8.47370192999896	4.13799619867112	0.518261701388286	29.874798777771	0	0
ENSDARG00000040538	6	0.922104580753772	0.904023489826515	0.5802240381424	0.629238863197163	2.25868571232975	0.98001	1
ENSDARG00000040547	4	5.98026122849044	6.63582599163958	2.5635874601531	0.428674829109465	11.9605224569809	0.01428	0.188755636363636
ENSDARG00000040555	10	2.75758714317703	2.98916183740757	1.43232779555984	0.51941342963677	8.72025621883626	0.30459	0.849307986977754
ENSDARG00000040564	9	2.23581152362754	3.05958272617633	2.04150316712167	0.913092693882081	6.70743457088263	0.63724	1
ENSDARG00000040582	7	1.8275517874249	1.51348207269889	1.84010599709176	1.0068694139084	4.83524753761786	0.50846	0.992872293824319
ENSDARG00000040584	7	4.08439872088805	5.09132513169324	2.99096293353814	0.73228965581691	10.8063032707001	0.01462	0.192499818887451
ENSDARG00000040607	10	1.36266477144267	1.09715630216912	1.02549666397653	0.752567091677893	4.30912436503159	0.97894	1
ENSDARG00000040614	10	1.40097194651154	0.650031266127255	1.30646280476601	0.932540303907685	4.43026228897604	0.98938	1
ENSDARG00000040615	5	1.24197962419749	1.21359006692959	1.08397121706864	0.872776973107792	2.77715086637522	0.82614	1
ENSDARG00000040620	8	1.7804077380645	1.6076900736192	1.36225701482729	0.76513766240323	5.03575353944964	0.90176	1
ENSDARG00000040623	9	2.22861183652371	1.62824875563555	1.84540934819558	0.828053283192705	6.68583550957112	0.78613	1
ENSDARG00000040627	7	1.98799335603288	1.35165069132102	2.32842113802373	1.17124191132619	5.25973602811169	0.3841	0.916664328253224
ENSDARG00000040644	16	2.14896691326059	1.86367057648249	1.22518830757099	0.570128976863601	8.59586765304237	0.4657	0.968863311555737
ENSDARG00000040649	13	1.48286075497334	1.06562983502618	1.59996920795008	1.07897467957391	5.3465304864296	0.78928	1
ENSDARG00000040668	1	0.586213345141312	0.586213345141312	NA	NA	0.586213345141312	1	1
ENSDARG00000040674	9	1.67322604376893	1.56318269850394	1.07764626389311	0.644053006410131	5.0196781313068	0.72943	1
ENSDARG00000040700	9	1.83389544827895	1.27184796170656	1.64539177772072	0.897211331902734	5.50168634483685	0.57391	1
ENSDARG00000040705	9	2.3881020544617	2.4147925430199	1.42242688615963	0.595630694886806	7.16430616338511	0.67848	1
ENSDARG00000040727	1	0.57210937755394	0.57210937755394	NA	NA	0.57210937755394	0.81404	1
ENSDARG00000040741	10	2.69779587046155	2.0050372080381	2.30220700664509	0.853365902087772	8.53117961285506	0.19613	0.722479601882012
ENSDARG00000040803	13	2.1497462128562	1.96770110303155	1.30624534289311	0.607627698135401	7.75102019968754	0.39285	0.92444284789644
ENSDARG00000040812	1	1.12903435013942	1.12903435013942	NA	NA	1.12903435013942	0.76682	1
ENSDARG00000040854	12	2.45358228546906	1.97272081749641	2.65846335506845	1.08350283208872	8.49945835796676	0.8717	1
ENSDARG00000040925	1	0.586213345141312	0.586213345141312	NA	NA	0.586213345141312	1	1
ENSDARG00000040942	10	5.23064659490617	4.20662343505613	2.55184442044682	0.487864047808528	16.5407568753076	0.00595	0.105687783595113
ENSDARG00000040971	5	4.60243758956333	2.52037725057464	4.41631352955063	0.959559677585903	10.2913633124639	0.26819	0.816367381307853
ENSDARG00000040985	2	1.08150345885261	1.08150345885261	0.994807643593187	0.91983769025445	1.52947685926278	0.75993	1
ENSDARG00000040988	9	3.55312873731092	3.49564440907337	2.31511153837497	0.651569844364009	10.6593862119328	0.92685	1
ENSDARG00000040990	27	1.76464049252496	1.52889238595377	2.01919818738047	1.14425470566601	9.16934097043979	0.79005	1
ENSDARG00000040991	17	1.87666132737215	1.36406063011191	1.36288266909153	0.726227289502444	7.73767287626722	0.97244	1
ENSDARG00000041006	5	1.19389056392619	1.28792818639663	0.950793180385063	0.796382188714445	2.66962045863452	0.82768	1
ENSDARG00000041011	1	1.86434111241728	1.86434111241728	NA	NA	1.86434111241728	0.43973	0.952828050234142
ENSDARG00000041041	3	1.07405434052956	1.55344573403387	0.931942287682328	0.867686347436423	1.86031668788708	0.80528	1
ENSDARG00000041062	5	3.06379593410372	2.97968725522942	3.05201625704099	0.996155201809753	6.85085597784338	0.43453	0.949065738197425
ENSDARG00000041065	4	16.0600237737887	17.056847725519	11.1978881930766	0.697252279996776	32.1200475475774	0	0
ENSDARG00000041068	14	4.14580409309641	2.80099852204507	4.16876987830311	1.00553952494884	15.5121785090518	0.00178	0.0431353333333333
ENSDARG00000041072	12	2.1528144938118	1.92951937519804	1.62313135656969	0.753957835770492	7.45756816510542	0.43175	0.947117616892911
ENSDARG00000041078	5	1.60171483433485	1.83091073828532	0.942865607550071	0.588660095629083	3.58154325014253	0.79975	1
ENSDARG00000041080	2	1.22132705112131	1.22132705112131	0.537862791071363	0.440392105110213	1.7272172797889	0.6805	1
ENSDARG00000041081	9	0.954764127359487	1.008835099596	0.57210742852305	0.59921336812819	2.86429238207846	0.99799	1
ENSDARG00000041085	3	2.53266303599939	1.92870913052087	1.46484656722369	0.578381942801823	4.38670105680259	0.2201	0.752515795836132
ENSDARG00000041086	2	4.09676997852876	4.09676997852876	0.703147953866522	0.171634716508794	5.79370766555831	0.06274	0.430286087542088
ENSDARG00000041140	3	1.28146021439653	1.28063326167805	1.02336166838731	0.798590277630452	2.2195541992129	0.78394	1
ENSDARG00000041150	28	3.77022384248137	3.3679104571536	2.36882569557151	0.62829842326085	19.9501493485041	0.11236	0.570374104738155
ENSDARG00000041155	5	2.16333306524446	1.4235476489691	1.09894046036506	0.507984867434582	4.8373597918596	0.72588	1
ENSDARG00000041170	7	1.8849142205153	2.02797975768517	0.910338396625901	0.482960119202152	4.98701427017265	0.71673	1
ENSDARG00000041182	7	8.5912450002551	5.38445234577634	6.67133999725423	0.776527732250231	22.730297723102	0.08764	0.505843716713881
ENSDARG00000041203	1	23.7766776157577	23.7766776157577	NA	NA	23.7766776157577	0.00018	0.0075704132231405
ENSDARG00000041215	3	4.50565093037683	2.00255882445196	4.74425874247826	1.05295745626736	7.80401633258265	0.049	0.377392558490566
ENSDARG00000041217	20	3.32111075883959	2.28354421227353	2.29842041257122	0.692063764044504	14.8524588351425	0.00987	0.145378958031838
ENSDARG00000041223	6	1.16489799211393	0.762174390016187	1.16163443255832	0.997198416017788	2.8534056830718	0.8705	1
ENSDARG00000041237	1	0	0	NA	NA	0	1	1
ENSDARG00000041243	26	2.11155849721741	1.93219323080263	1.56256693570955	0.740006463362813	10.7668779814043	0.51899	1
ENSDARG00000041299	1	0.481712536780336	0.481712536780336	NA	NA	0.481712536780336	0.86782	1
ENSDARG00000041306	32	3.78921665556009	2.938291275688	3.82234643401114	1.00874317344785	21.4350463402524	0.00015	0.00655236051502146
ENSDARG00000041323	7	2.86222837158135	2.20480800621057	2.81924348303456	0.984982019962634	7.57274446667763	0.7509	1
ENSDARG00000041332	6	2.96604307693207	1.79809596574039	2.42779804059328	0.818530944299189	7.26529209359816	0.17179	0.67982552662262
ENSDARG00000041340	17	2.87890252435586	2.79360329568254	1.917940169519	0.666205317232174	11.8700191937765	0.04772	0.372699003067485
ENSDARG00000041350	3	5.11052975373645	3.6535575113224	2.52817276469723	0.494698766375211	8.851697187064	0.01513	0.196419821428571
ENSDARG00000041358	3	2.22191261955313	1.65640650766832	1.85947108788056	0.836878584475809	3.84846554704448	0.7605	1
ENSDARG00000041359	9	1.69886479531184	2.01255271030668	1.0013490971111	0.589422477806597	5.09659438593551	0.77817	1
ENSDARG00000041361	4	1.23962682142133	1.46964077110901	0.866815260824435	0.699255006301465	2.47925364284265	0.76858	1
ENSDARG00000041362	6	2.81259462230351	2.67005889313719	1.02717752390342	0.365206388349759	6.88942167793957	0.35175	0.891240104555639
ENSDARG00000041363	7	2.88168065989621	2.67561837614696	1.668793016764	0.579104076308062	7.62421038398987	0.55276	1
ENSDARG00000041379	2	0.729356609544487	0.729356609544487	0.280105109908766	0.384044109895299	1.03146600902427	0.88383	1
ENSDARG00000041381	3	1.81063942413823	1.87878825269252	0.163190166910666	0.0901284732537713	3.13611947679467	0.43662	0.950316617489844
ENSDARG00000041391	11	3.15882543931464	3.17714725502846	2.3166819768314	0.733399809941395	10.4766387604362	0.64573	1
ENSDARG00000041397	8	1.95905407648377	1.6857077263974	1.59904438377261	0.816232896767543	5.54104168877129	0.64462	1
ENSDARG00000041402	12	2.31855032119359	1.92204778086584	1.68067716678852	0.72488276464205	8.03169391242486	0.37485	0.909903005008347
ENSDARG00000041407	7	3.81013591359103	2.59930430612964	2.98819380751026	0.784274859290755	10.0806720887178	0.04587	0.365595035238841
ENSDARG00000041411	11	3.40908316687161	3.04247269180471	1.6548867910285	0.485434561148337	11.3066497436297	0.03451	0.317671392405063
ENSDARG00000041414	20	1.94851739912438	1.85914983913238	1.1215165165565	0.575574288975035	8.71403471956639	0.5665	1
ENSDARG00000041429	7	2.16905955826999	1.43956230368816	1.79161471198217	0.825986868433956	5.73879217007001	0.38631	0.918445031534688
ENSDARG00000041430	4	3.037858051426	1.96020411288018	3.20092348829485	1.05367776706759	6.07571610285199	0.13536	0.614310138207757
ENSDARG00000041431	8	4.46516060001987	1.74446101063095	5.83899080784412	1.30767766960457	12.6293813574442	0.01159	0.162707613793103
ENSDARG00000041435	1	3.52054874616637	3.52054874616637	NA	NA	3.52054874616637	0.58559	1
ENSDARG00000041449	11	2.96918065177152	3.12028843869545	1.78863037700851	0.602398636789363	9.84765815670901	0.85492	1
ENSDARG00000041450	13	2.65409540133795	2.41623476457435	1.92485725800072	0.725240417895446	9.56947705949717	0.97638	1
ENSDARG00000041492	1	1.83091073828532	1.83091073828532	NA	NA	1.83091073828532	0.47876	0.97776206662677
ENSDARG00000041493	5	2.84760619825431	3.14731606139174	1.49054762234014	0.523438817928513	6.36744103244637	0.14562	0.63419784338896
ENSDARG00000041503	3	2.0234265238132	2.41223627623915	0.80218475759285	0.396448671672599	3.50467754462695	0.42187	0.941827146923582
ENSDARG00000041505	4	0.973823986072317	0.831142252716938	0.94175116843194	0.967065077366049	1.94764797214463	0.93088	1
ENSDARG00000041515	1	0.866008240221108	0.866008240221108	NA	NA	0.866008240221108	0.73385	1
ENSDARG00000041533	3	2.54432890320574	3.52857064992699	2.2221851092455	0.873387519375206	4.40690693151834	0.33153	0.874627356143079
ENSDARG00000041538	5	3.10434056382295	2.33149244611102	1.90834702790937	0.614735074543262	6.94151652601814	0.32129	0.865103074074074
ENSDARG00000041546	1	0.841000624206828	0.841000624206828	NA	NA	0.841000624206828	0.84541	1
ENSDARG00000041560	5	2.11979187884663	1.91741735828553	1.9042937075378	0.898339939189651	4.73999873925306	0.39434	0.925430601798478
ENSDARG00000041572	22	1.95092090797386	1.48803525770287	2.49556422501655	1.27917242304217	9.15063017292963	0.44117	0.953040721102863
ENSDARG00000041581	6	1.18627439049367	0.95454551598992	0.61272115790499	0.516508796628414	2.90576695164061	0.95605	1
ENSDARG00000041592	1	1.94502362985125	1.94502362985125	NA	NA	1.94502362985125	0.45392	0.959895774006623
ENSDARG00000041599	21	1.92490857255391	1.61499302150767	1.38260515535486	0.718270558440324	8.82103923959767	0.99922	1
ENSDARG00000041600	3	2.04163349072321	1.90968754712783	0.630754508009718	0.308946003715038	3.5362129363668	0.39706	0.927282350251486
ENSDARG00000041602	9	4.24234270918832	4.01533820668775	2.8783028770812	0.678470145951953	12.727028127565	0.00402	0.0791403481624758
ENSDARG00000041609	47	2.51731369365395	1.96770110303155	1.99561349326047	0.79275518910946	17.2578332045513	0.11147	0.567838668668669
ENSDARG00000041621	19	2.24954115423668	2.20896044602732	1.10547095113614	0.491420638850793	9.80552256065355	0.37664	0.911205590682196
ENSDARG00000041631	4	2.00486014414972	2.18458342434293	0.969821045320674	0.483735011716732	4.00972028829944	0.55955	1
ENSDARG00000041660	9	2.74584748161633	2.56676733853946	1.22882132483519	0.447519876126498	8.23754244484898	0.13097	0.606190386539336
ENSDARG00000041665	2	6.10949454847704	6.10949454847704	1.20534033138286	0.197289697505881	8.64013004970072	0.02247	0.247620606060606
ENSDARG00000041691	14	2.47974570092033	2.60017526013944	1.51393055287136	0.610518470627648	9.27835881916947	0.91302	1
ENSDARG00000041703	6	2.7195268443286	1.67806694041458	2.48634785004527	0.914257513298824	6.66145311040642	0.14683	0.636200825883355
ENSDARG00000041708	26	1.81051863459853	1.68465685739065	1.27056427271729	0.70176812789283	9.23186984754128	0.85307	1
ENSDARG00000041723	11	2.96180044074773	2.48416663422125	2.0663375769166	0.697662661024838	9.82318076586948	0.09258	0.518020472787246
ENSDARG00000041728	10	4.26475118830427	3.47381483451363	4.29031682583261	1.00599463752972	13.4863274089511	0.00996	0.146492601156069
ENSDARG00000041735	4	3.15151252868864	2.93196274910137	1.72929348343676	0.548718581219262	6.30302505737728	0.10173	0.545813357933579
ENSDARG00000041747	2	0.96637357626381	0.96637357626381	0.701753793974913	0.726172373926065	1.36665861787127	0.81844	1
ENSDARG00000041791	10	3.09115387412133	3.13766110456399	1.25500977180075	0.406000420201497	9.77508684027682	0.0537	0.397208284883721
ENSDARG00000041799	1	135.196140846503	135.196140846503	NA	NA	135.196140846503	0	0
ENSDARG00000041802	1	1.12864293790245	1.12864293790245	NA	NA	1.12864293790245	0.78155	1
ENSDARG00000041811	1	2.85036243190026	2.85036243190026	NA	NA	2.85036243190026	0.70069	1
ENSDARG00000041830	7	2.62731226422747	2.48141747089994	1.78679901915958	0.680086278090345	6.95121486765591	0.22085	0.752974368932039
ENSDARG00000041839	19	1.79066021632808	1.93539896743302	1.21442884781048	0.678201725116105	7.80530692519276	0.9546	1
ENSDARG00000041853	11	1.81842354576187	1.6244208892013	1.12804037242812	0.620339730563432	6.0310286112398	0.84722	1
ENSDARG00000041869	20	4.89002996963238	3.64089756498261	3.84361578410335	0.786010680501473	21.8688788482185	1e-05	0.000656645161290323
ENSDARG00000041887	21	7.12224541537662	7.57088488620803	3.42664330798341	0.481118398501887	32.6382287340156	0	0
ENSDARG00000041904	9	1.35198259973926	0.531317173657653	1.70055808194661	1.25782542044149	4.05594779921777	0.89114	1
ENSDARG00000041908	4	2.10495814631637	1.50796301757237	1.93893402889014	0.921127117079847	4.20991629263274	0.44838	0.957936952141058
ENSDARG00000041921	4	2.79029279552384	1.53113803566104	3.07668442305604	1.10263855749892	5.58058559104768	0.7367	1
ENSDARG00000041951	16	2.507227632389	2.34602576900945	1.64614303559441	0.656559067205992	10.028910529556	0.23997	0.780324172523962
ENSDARG00000041974	1	7.6765735960979	7.6765735960979	NA	NA	7.6765735960979	0.02348	0.253693673036093
ENSDARG00000041982	1	2.18641395806165	2.18641395806165	NA	NA	2.18641395806165	0.40259	0.930962514181983
ENSDARG00000041998	7	2.9010695046812	2.74348989535951	1.21169203226546	0.41767080392602	7.67550844549978	0.29796	0.844931973392461
ENSDARG00000042030	12	2.37343077444658	1.3698965312337	2.22136752741204	0.935931037605259	8.22180537917804	0.52985	1
ENSDARG00000042045	7	2.47984209518027	2.07415385588484	1.85717687044176	0.748909325336201	6.56104547455636	0.46221	0.968575948116121
ENSDARG00000042056	11	3.79196773210897	1.47747393477429	7.56320833338208	1.99453393797095	12.5765341845403	0.01587	0.201654007490637
ENSDARG00000042065	2	2.18641395806165	2.18641395806165	0	0	3.09205627245263	0.29747	0.844931973392461
ENSDARG00000042069	1	4.96346699193832	4.96346699193832	NA	NA	4.96346699193832	0.06415	0.434970585885486
ENSDARG00000042087	7	1.80864613047962	1.61427010702224	0.973621249208845	0.538314948845554	4.78522787096834	0.64961	1
ENSDARG00000042091	5	4.74836794331184	4.79133575585472	2.25815677555868	0.475564826171344	10.6176735034261	0.06984	0.452859452577976
ENSDARG00000042094	1	0.982080478597003	0.982080478597003	NA	NA	0.982080478597003	0.80779	1
ENSDARG00000042107	14	2.76636359555801	2.30003922652977	1.90812171054307	0.689758104685504	10.3507847818221	0.08558	0.498873562428408
ENSDARG00000042112	10	5.50597749113418	3.39497744822546	5.43051286312522	0.986294054392618	17.4114296176035	0.00024	0.00943135135135135
ENSDARG00000042114	5	3.66549881246021	1.82191844882069	3.09231917569852	0.843628475662503	8.19630451610578	0.08757	0.505843716713881
ENSDARG00000042115	4	4.58563302763415	3.68111298824419	4.6525377272669	1.0145900684223	9.17126605526829	0.01948	0.22815585730725
ENSDARG00000042116	3	1.90223678549843	1.71077433334494	0.978595636638367	0.514444702204595	3.29477076050979	0.42245	0.941827146923582
ENSDARG00000042123	3	2.64079306996448	3.01837915796904	1.22559968695033	0.464102886700933	4.57398776945428	0.27232	0.820750062185372
ENSDARG00000042126	5	4.61801957726914	4.09886970767191	4.32301231022395	0.936118229446822	10.3262056961986	0.0251	0.264733471502591
ENSDARG00000042128	12	4.4173575241687	2.36247996305569	5.52038252762618	1.24970245161785	15.3021753341137	0.00269	0.0589712446351931
ENSDARG00000042139	6	2.17541381976157	1.22628472503574	1.94679335187075	0.894907136373771	5.32865383781474	0.30173	0.84740837196468
ENSDARG00000042141	4	0.781366888145769	0.579161361347626	0.430029958963432	0.55035600495424	1.56273377629154	0.97	1
ENSDARG00000042151	3	3.20677134415324	3.94044520360608	1.57809543516567	0.492113489177499	5.55429089632935	0.13656	0.61591105006646
ENSDARG00000042159	5	2.47510227957131	1.64500960838496	1.85276953308842	0.748562816325037	5.53449694838615	0.23704	0.776137743589744
ENSDARG00000042172	3	2.23267191773241	1.76196513349038	1.03794337473008	0.464888444417867	3.86710119814477	0.2921	0.840541080011309
ENSDARG00000042180	6	2.84128250891002	1.56656479080431	3.66917344586212	1.29137930999678	6.95969236192434	0.11572	0.578349882352941
ENSDARG00000042232	10	2.80909483842606	2.4708696593473	2.45275285162529	0.873147042981136	8.88313785284904	0.09325	0.520339089912281
ENSDARG00000042236	25	2.43228083352718	1.73544207201921	2.32699761027871	0.956714199364969	12.1614041676359	0.93233	1
ENSDARG00000042252	5	0.758697515135751	0.674566578966438	0.445050002638733	0.58659741696808	1.69649921820371	0.99689	1
ENSDARG00000042259	7	1.86723122510759	2.39587044179794	1.89202847879625	1.01328022654893	4.94022946188916	0.53936	1
ENSDARG00000042261	7	1.06669104608881	0.586213345141312	0.85502243154906	0.801565209236673	2.82219923369032	0.93138	1
ENSDARG00000042272	9	1.57121066727034	1.67639096274403	0.890390500652533	0.566690717674038	4.71363200181102	0.71862	1
ENSDARG00000042285	11	1.48940285573395	1.51348207269889	1.02679074913023	0.68939759661213	4.93979043415334	0.76626	1
ENSDARG00000042291	1	0.818728929201644	0.818728929201644	NA	NA	0.818728929201644	0.82503	1
ENSDARG00000042308	15	1.65712291258298	1.74446101063095	1.00489335200254	0.606408459126425	6.41800944305261	0.68633	1
ENSDARG00000042319	5	3.01957397013808	2.55422844330685	1.83039768859226	0.606177463010969	6.75197266031768	0.21294	0.742760383693046
ENSDARG00000042322	31	1.87781756326475	1.7722428211665	1.03851500301285	0.553043609416084	10.4552457086418	0.86979	1
ENSDARG00000042329	19	2.83413561197277	2.20286967678115	2.899581684047	1.02309207498673	12.3537107248791	0.09694	0.53542014084507
ENSDARG00000042337	6	4.4162674426622	4.51091606428832	0.584566648052619	0.132366677435693	10.8176018021883	0.0071	0.11961252892562
ENSDARG00000042341	4	0.483563638947932	0.503416861792876	0.403527618236943	0.834487098978078	0.967127277895865	0.99025	1
ENSDARG00000042344	14	1.22034300070329	1.03587999522457	1.0131520698876	0.830219101763777	4.56610540297935	0.97774	1
ENSDARG00000042357	4	5.23251276953734	2.35232507752691	7.44978414137726	1.42374886971102	10.4650255390747	0.19865	0.72537865184654
ENSDARG00000042368	31	1.68169644497069	1.41446934680679	1.38810619949585	0.825420190217532	9.36328953540574	0.77098	1
ENSDARG00000042401	3	2.36036471226867	2.94706006576466	1.09944881637272	0.465796158813092	4.08827160604204	0.35045	0.889940144710579
ENSDARG00000042409	8	1.99418514373341	2.01467119461376	0.930616121029702	0.466664855043224	5.64040735230145	0.58865	1
ENSDARG00000042410	14	3.50103369073505	3.32448281486525	1.94395495800713	0.555251714129891	13.0996685702832	0.37081	0.909903005008347
ENSDARG00000042440	9	4.76027835309178	4.18656721241574	4.16842167070455	0.875667631494107	14.2808350592753	0.00229	0.052851746031746
ENSDARG00000042452	1	3.61717987963484	3.61717987963484	NA	NA	3.61717987963484	0.17318	0.683453291973633
ENSDARG00000042456	5	2.2381204721179	2.26038658306408	1.08050975097412	0.482775509377138	5.00458951748954	0.34249	0.884076896988104
ENSDARG00000042458	4	1.79444884673532	0.836815073183197	2.12714772834266	1.18540449465173	3.58889769347064	0.46221	0.968575948116121
ENSDARG00000042469	1	11.3405707162764	11.3405707162764	NA	NA	11.3405707162764	0.00424	0.0818875142314991
ENSDARG00000042470	1	1.6244208892013	1.6244208892013	NA	NA	1.6244208892013	0.56174	1
ENSDARG00000042477	16	1.71217892170558	1.63587494463472	1.0483999662332	0.612319164161207	6.84871568682233	0.86128	1
ENSDARG00000042484	6	14.2086953634265	7.84657041092879	15.8853573499614	1.11800252899015	34.8040535510441	0	0
ENSDARG00000042489	11	1.82516967407097	1.57275094726751	1.51201683264552	0.828425353612754	6.05340298762866	0.55435	1
ENSDARG00000042492	3	1.17808867364023	0.795861810691008	1.15438089176105	0.979876063313704	2.04050943856631	0.79284	1
ENSDARG00000042508	22	1.59111236049544	1.33469172345818	1.05410555409147	0.662495987249598	7.46297849131768	0.96253	1
ENSDARG00000042520	11	1.79061131784064	1.87878825269252	0.740289377635765	0.41342829136616	5.93878588664123	0.58828	1
ENSDARG00000042525	1	1.6244208892013	1.6244208892013	NA	NA	1.6244208892013	0.56103	1
ENSDARG00000042527	2	2.04943485383596	2.04943485383596	2.89833856549493	1.41421356237309	2.89833856549493	0.33314	0.876265063291139
ENSDARG00000042529	4	2.50458065158502	2.36774601742834	0.539192797227023	0.215282664938658	5.00916130317004	0.21036	0.741806742817584
ENSDARG00000042533	1	1.88436806213714	1.88436806213714	NA	NA	1.88436806213714	0.72453	1
ENSDARG00000042534	11	2.95146831407571	3.04654331031351	1.78066381685688	0.603314563251382	9.78891297841197	0.28323	0.830275040322581
ENSDARG00000042545	4	1.20284953209932	0.694414790694666	1.54067071304988	1.28085073979367	2.40569906419864	0.80748	1
ENSDARG00000042616	28	4.31169060082608	2.67403191186258	3.84190984429398	0.891044882385093	22.8153221200809	3e-05	0.00169633333333333
ENSDARG00000042627	22	1.3782333831844	1.24750308558428	1.18966957918947	0.86318441688065	6.46448758120288	0.95273	1
ENSDARG00000042630	19	6.63252504139226	6.09449858115317	3.94672717557887	0.595056505772407	28.9105063959318	0	0
ENSDARG00000042642	3	1.929380922177	2.09716100469025	0.937294265990238	0.485800525555445	3.34178578436467	0.84231	1
ENSDARG00000042644	4	3.63805727109611	4.1986994785957	2.03916917339455	0.560510465185767	7.27611454219223	0.34203	0.883772871287129
ENSDARG00000042652	6	2.22322696092196	1.85608105683125	1.55429600467226	0.699117108595922	5.44577163665737	0.29913	0.844931973392461
ENSDARG00000042660	6	3.20426923607276	3.84260354248034	2.23334586749165	0.696990703012489	7.84882462687592	0.37241	0.909903005008347
ENSDARG00000042667	2	1.02983708837695	1.02983708837695	0.0191621379545478	0.0186069604317201	1.4564095774175	0.79517	1
ENSDARG00000042670	13	1.79731722292212	1.66266187498724	1.42647488960353	0.793668959163666	6.48031940552023	0.76902	1
ENSDARG00000042671	6	1.90255835342323	2.19261556326481	0.93301855566211	0.490402070445487	4.66029717175666	0.49695	0.986808850865254
ENSDARG00000042708	10	3.53933196418654	1.94956640568726	3.50994796169591	0.991697867623619	11.192350402267	0.02491	0.264097895833333
ENSDARG00000042717	10	1.61233367106978	1.77749544176954	0.87582251758302	0.54320177845192	5.09864674876125	0.90447	1
ENSDARG00000042723	5	0.640989429751237	0.660662485487632	0.38592126870922	0.602071189939891	1.43329593778259	0.99561	1
ENSDARG00000042725	1	1.46635448287741	1.46635448287741	NA	NA	1.46635448287741	0.5899	1
ENSDARG00000042728	8	1.78840640399783	1.44654755871714	1.4894981569518	0.83286335456088	5.05837718313727	0.66418	1
ENSDARG00000042732	8	3.52560317137377	0.608243272354949	6.83705302711839	1.9392576801133	9.97191164100477	0.03155	0.30324536950421
ENSDARG00000042747	20	2.40031401020784	2.293574996826	2.01964207812123	0.841407444831085	10.7345305883397	0.27901	0.826170581733566
ENSDARG00000042751	6	1.66899664525085	1.66557656000977	1.34853936665105	0.807994054684492	4.08819016328149	0.74592	1
ENSDARG00000042791	21	2.77408832974693	2.02733262988918	2.50973196539315	0.904705138073994	12.7124697555589	0.05927	0.418342621359223
ENSDARG00000042807	8	1.4096970745632	1.20306747603391	1.47957202311889	1.04956735018929	3.98722544336991	0.74011	1
ENSDARG00000042816	3	2.01478517065825	2.40692615306148	0.768758654720206	0.38155862268385	3.48971028191641	0.3541	0.893192019826518
ENSDARG00000042821	11	1.89672724723326	1.96770110303155	1.00464751024026	0.52967421209651	6.29073260871639	0.49177	0.984333695181907
ENSDARG00000042823	8	4.10409842932394	2.73454490372911	3.05150918300029	0.743527289988255	11.6081433201281	0.12891	0.602782470156107
ENSDARG00000042824	18	2.43351340259082	1.46000522091462	2.32804823222108	0.956661356268898	10.3245229744819	0.19815	0.724935549964055
ENSDARG00000042825	31	1.7212990991979	1.42049606959635	1.34735948489437	0.782757328765364	9.58378778228546	0.78345	1
ENSDARG00000042826	5	1.20077322931205	1.10098295612561	0.699694673706688	0.582703425281691	2.68501056630368	0.89602	1
ENSDARG00000042827	7	1.86459885683406	1.21289121083549	1.42805801621766	0.765879487152739	4.93326487007826	0.58129	1
ENSDARG00000042833	3	2.99778162334707	4.09886970767191	1.99793300097727	0.666470494520727	5.19231008163343	0.15103	0.642353391812866
ENSDARG00000042839	5	1.58064140463303	1.81776120317886	0.768535506994078	0.486217496733553	3.53442162881021	0.60671	1
ENSDARG00000042840	1	8.88580892460708	8.88580892460708	NA	NA	8.88580892460708	0.01126	0.160285706293706
ENSDARG00000042845	1	6.00700333621984	6.00700333621984	NA	NA	6.00700333621984	0.37614	0.911033869203329
ENSDARG00000042874	2	1.04837608964631	1.04837608964631	1.06420451670708	1.01509804278931	1.48262768444548	0.81302	1
ENSDARG00000042894	3	0.762113048144874	0.623677269447383	0.839931233049292	1.10210845371804	1.32001852049811	0.92333	1
ENSDARG00000042899	1	1.35165069132102	1.35165069132102	NA	NA	1.35165069132102	0.63903	1
ENSDARG00000042900	2	1.37918593330106	1.37918593330106	1.24620591006684	0.903580786300556	1.95046345190856	0.63277	1
ENSDARG00000042905	1	4.40786905843485	4.40786905843485	NA	NA	4.40786905843485	0.10167	0.545813357933579
ENSDARG00000042922	3	1.57301832802916	1.36406063011191	0.417027416503374	0.265112878262435	2.72454766538355	0.82498	1
ENSDARG00000042925	10	1.72564474790595	1.17515838073852	1.30502136194571	0.756251461101328	5.45696783568988	0.60486	1
ENSDARG00000042927	6	2.0972464398805	1.86921289140632	1.28707841792029	0.613699178811636	5.13718364257582	0.35824	0.89942488899852
ENSDARG00000042929	6	1.02469431736204	1.31153327410434	0.825366481010124	0.80547580583343	2.50997821986652	0.93589	1
ENSDARG00000042933	5	3.90186618180509	2.63355736232804	2.82879788230448	0.724985878679164	8.72483802162374	0.50554	0.991594935440355
ENSDARG00000042934	1	1.74070192985344	1.74070192985344	NA	NA	1.74070192985344	0.53631	1
ENSDARG00000042940	8	1.39935694833011	1.0971941364059	0.980864901123779	0.700939743997607	3.95797914985893	0.94045	1
ENSDARG00000042946	31	1.72958936411792	1.72626484117427	1.24143095341933	0.717760515399823	9.62994602386559	0.95917	1
ENSDARG00000042947	1	0.344589168808229	0.344589168808229	NA	NA	0.344589168808229	1	1
ENSDARG00000042948	5	2.8147767826125	3.27140940362362	1.7012546209905	0.604401255367576	6.2940322274097	0.92596	1
ENSDARG00000042956	1	1.13998094391514	1.13998094391514	NA	NA	1.13998094391514	0.71395	1
ENSDARG00000042962	31	2.4533846549192	2.52101740302931	1.11582193627958	0.45480920981644	13.6598676499731	0.14932	0.64053203539823
ENSDARG00000042969	26	2.47083283241985	1.98326942252282	2.83353947954954	1.14679530009907	12.5988248273345	0.33039	0.873657942322681
ENSDARG00000042970	4	2.22693284585052	2.20628721517276	0.28860710725069	0.129598477919285	4.45386569170104	0.41719	0.93900040247678
ENSDARG00000042975	7	1.57759356636406	1.53091620249959	0.966878381535602	0.61288179804384	4.17392024653478	0.8027	1
ENSDARG00000042977	4	1.7019690278893	1.39906908526068	1.67398739746749	0.983559259914085	3.4039380557786	0.66698	1
ENSDARG00000042978	13	1.52931970778833	1.22250893833694	1.57236135958713	1.02814431251987	5.51404062300844	0.81878	1
ENSDARG00000042980	7	1.52396962009045	1.6016534780358	1.01352993582233	0.665059147151618	4.03204462037692	0.68797	1
ENSDARG00000042989	20	2.1887625287734	1.81916455176198	1.75535187518884	0.801983701800923	9.78844360188331	0.33701	0.881004544287548
ENSDARG00000042990	1	0.69154966776939	0.69154966776939	NA	NA	0.69154966776939	0.78169	1
ENSDARG00000042993	2	1.76194950457187	1.76194950457187	0.707938760627677	0.401792877032363	2.49177288558209	0.48766	0.981103672662581
ENSDARG00000042995	10	2.30580664554748	2.28478321968488	1.83800023207427	0.797118108590523	7.29160084388259	0.27108	0.819926371471025
ENSDARG00000043003	22	2.50765290798654	2.44069131452114	1.38696481169711	0.553092817303307	11.7619347197871	0.58664	1
ENSDARG00000043006	4	0.90430169336722	0.712027236735411	1.09038249311755	1.20577291971825	1.80860338673444	0.90186	1
ENSDARG00000043009	15	2.48209181364817	2.09967151460726	1.86765662489121	0.752452675046754	9.61310025801712	0.47469	0.976039357575758
ENSDARG00000043010	23	3.55116090746971	2.31612379526056	3.46170246591974	0.974808676970453	17.030769424399	0.00695	0.117895166666667
ENSDARG00000043011	1	1.6244208892013	1.6244208892013	NA	NA	1.6244208892013	0.56049	1
ENSDARG00000043012	3	2.61654276659522	1.57340265384457	2.32502952649704	0.888588390826301	4.53198501191976	0.85079	1
ENSDARG00000043019	8	1.61158255228282	1.27354260258757	1.34918080667066	0.837177595872789	4.55824380464442	0.89145	1
ENSDARG00000043021	4	2.55440349654185	2.58531227497908	0.807662363471536	0.316184332101388	5.10880699308371	0.21206	0.74246309540151
ENSDARG00000043026	13	4.54534453229225	1.79640061872342	6.88675094103724	1.51512187736497	16.3884727758296	0.00438	0.0841458003766478
ENSDARG00000043031	15	1.57247797611229	1.43956230368816	1.1471682965695	0.72952900708072	6.09018101376086	0.79914	1
ENSDARG00000043046	16	3.44335107436379	2.48268937129574	4.67794187578514	1.35854339994927	13.7734042974551	0.02964	0.292137173281704
ENSDARG00000043055	13	3.19497022164579	2.4676614156054	2.44774704861282	0.766125152600622	11.5196289577244	0.13112	0.6066088
ENSDARG00000043066	4	1.07180875985878	1.16790916905407	0.488599743937559	0.455864667500885	2.14361751971756	0.95033	1
ENSDARG00000043077	26	2.46275527906175	1.60242895804575	2.61981277733278	1.06377308358907	12.5576372251395	0.25604	0.799133738117142
ENSDARG00000043081	8	1.21100325188864	1.1733832983346	0.762565319401708	0.629697169031079	3.42523444579767	0.92118	1
ENSDARG00000043084	3	2.11455025752195	2.43426426187164	0.883421099594405	0.417782030222204	3.66250848118587	0.42376	0.942620580786026
ENSDARG00000043094	5	1.28891226253264	0.69154966776939	1.15779479634409	0.898272776200521	2.88209543605604	0.9644	1
ENSDARG00000043095	7	2.88444253302455	3.00590195365905	2.13327732138217	0.739580455134003	7.63151761344017	0.19621	0.722512800289436
ENSDARG00000043102	6	2.44610970608652	2.23547149488983	1.49425694265271	0.610870779399075	5.9917206347813	0.30277	0.84841880539499
ENSDARG00000043130	15	1.68113744418372	1.42405447347082	0.817945756366215	0.486543059995532	6.51101732400925	0.66762	1
ENSDARG00000043148	6	1.49318205039233	1.32949878686854	1.22544663352197	0.820694725870825	3.65753411654396	0.98054	1
ENSDARG00000043154	4	4.57017347603282	2.06640794898757	5.65360619061048	1.23706599328438	9.14034695206565	0.03394	0.316328142726441
ENSDARG00000043180	14	2.79931587296277	1.94494105370508	2.71896332747089	0.971295648959104	10.4740809139847	0.49905	0.987256108843537
ENSDARG00000043185	25	1.6637550901717	1.35502522725343	1.67073955548103	1.00419801288699	8.31877545085851	0.80642	1
ENSDARG00000043209	10	1.78746882255546	1.5431165099832	1.01650454953537	0.56868379280715	5.65247272581461	0.57474	1
ENSDARG00000043210	7	2.73644059991478	3.29350064346113	1.3190251216156	0.48202220127003	7.23994130487489	0.12005	0.586872670509126
ENSDARG00000043211	1	3.74101285347809	3.74101285347809	NA	NA	3.74101285347809	0.13574	0.614892523364486
ENSDARG00000043213	30	2.14096305082412	1.46657639072705	1.95890486359046	0.914964348794542	11.7265375772145	0.67981	1
ENSDARG00000043220	4	1.16406959003017	0.611421027326193	1.54151066223229	1.3242427045898	2.32813918006034	0.78528	1
ENSDARG00000043232	1	0.57210937755394	0.57210937755394	NA	NA	0.57210937755394	0.81358	1
ENSDARG00000043236	1	2.40692615306148	2.40692615306148	NA	NA	2.40692615306148	0.2869	0.834543641040297
ENSDARG00000043238	2	0.252725846280525	0.252725846280525	0.357408319372137	1.4142135623731	0.357408319372137	1	1
ENSDARG00000043241	4	2.77956132728808	2.29186970673471	2.58845144548342	0.931244588875064	5.55912265457617	0.27689	0.824996024590164
ENSDARG00000043247	14	1.57730725893053	1.29630519829135	1.36827600371064	0.867475880785832	5.90174335658956	0.78096	1
ENSDARG00000043249	7	3.04168753188327	1.46635448287741	3.07021527358013	1.00937891923409	8.04754877532898	0.08092	0.487004066193853
ENSDARG00000043250	20	2.30466876382366	1.46418772605163	2.49854876215533	1.08412488656721	10.3067920430602	0.41719	0.93900040247678
ENSDARG00000043257	3	5.83817552269881	3.78144282995698	3.90863492553754	0.66949595988349	10.1120166288193	0.8969	1
ENSDARG00000043260	1	1.94572537774222	1.94572537774222	NA	NA	1.94572537774222	0.38258	0.915709330828833
ENSDARG00000043283	18	4.25141706566277	3.75854923814919	3.55819298917842	0.836942820293197	18.0372350206941	0.00071	0.0220316463414634
ENSDARG00000043285	2	0.403865007345038	0.403865007345038	0.133106171086456	0.329580846732627	0.571151370755262	0.96848	1
ENSDARG00000043287	6	3.96235073227265	3.20870438536081	3.41442106549078	0.861716010569414	9.70573747601127	0.0516	0.388191173431734
ENSDARG00000043313	39	3.31304260677018	2.30150738568303	2.73383963762615	0.82517491083259	20.6899444478884	0.65918	1
ENSDARG00000043342	10	5.82160503994024	5.91717406635037	3.77388543656635	0.648255147966049	18.4095315641267	0	0
ENSDARG00000043357	6	2.4260465510111	2.14912876493128	1.49053403273744	0.614388059502088	5.94257614221619	0.25336	0.797344582691715
ENSDARG00000043359	13	2.45930231820464	1.94147451289755	2.03714751810518	0.828343674149158	8.8671406101543	0.56076	1
ENSDARG00000043360	3	2.32030640427987	2.2593719040677	0.166220490151343	0.071637301799773	4.01888858134018	0.26106	0.804928409572857
ENSDARG00000043361	13	2.77245973897516	2.48416663422125	2.66708742610222	0.96199320358322	9.99624574803446	0.07848	0.479315622009569
ENSDARG00000043371	9	3.13528886205323	1.92683275590359	3.56658961373541	1.13756332212392	9.4058665861597	0.87575	1
ENSDARG00000043388	12	2.08831377869141	1.34047263195989	1.69623533368395	0.812251181308034	7.23413113367936	0.52613	1
ENSDARG00000043394	7	2.53682751988084	2.39413149272844	2.14936530224207	0.847265052668234	6.71181473666947	0.22319	0.75645282051282
ENSDARG00000043396	4	3.11909424919483	2.54438213071327	1.88930193121918	0.605721334553095	6.23818849838967	0.19838	0.725255617816092
ENSDARG00000043402	2	1.30575738958087	1.30575738958087	1.84661980951416	1.4142135623731	1.84661980951416	0.68731	1
ENSDARG00000043404	4	0.876320466964871	1.13643200562558	0.586679932845079	0.669481034577499	1.75264093392974	0.93638	1
ENSDARG00000043410	12	3.86592123543162	2.58499623098936	2.94403183403492	0.761534354878346	13.391943995654	0.00569	0.102682304964539
ENSDARG00000043416	18	3.63922126841855	2.79214711540545	3.14465683264253	0.864101575777246	15.4399082228224	0.04775	0.372699003067485
ENSDARG00000043417	5	1.28041307522308	1.13844137811763	0.705269535369117	0.550814068535064	2.86309067547835	0.94533	1
ENSDARG00000043443	2	3.29296204088676	3.29296204088676	1.55795457019801	0.473116468047249	4.65695157860184	0.11752	0.582151883211679
ENSDARG00000043448	15	6.4737723243857	6.78544993253303	2.06114041846425	0.318383210774999	25.0728123994843	0.51313	0.996686477099237
ENSDARG00000043451	6	1.70304582121061	1.2064970024405	1.54787107418815	0.908883985921088	4.17159327054514	0.85274	1
ENSDARG00000043465	7	2.32024097131358	2.1714103896994	1.17622928384513	0.506942726375191	6.13878059183868	0.92439	1
ENSDARG00000043466	1	2.19315229999806	2.19315229999806	NA	NA	2.19315229999806	0.34098	0.883197761953204
ENSDARG00000043470	1	0.881028429036563	0.881028429036563	NA	NA	0.881028429036563	0.83559	1
ENSDARG00000043475	7	1.28300722422535	1.83056614575414	1.06010250746065	0.826263864648712	3.39451804559956	0.81943	1
ENSDARG00000043480	4	2.80034182140447	0.76171427028149	4.59942924345513	1.64245279211962	5.60068364280894	0.14399	0.631694060344828
ENSDARG00000043484	3	0.307624076879019	0.2339505492875	0.350320014071718	1.13879257314924	0.532820530785935	0.99968	1
ENSDARG00000043485	11	3.39198052173818	3.22763575001786	1.24905267662313	0.368236983855988	11.2499266867995	0.02137	0.241402730299667
ENSDARG00000043493	23	2.82502308373281	2.08452825362018	1.80029634723734	0.637267836005976	13.5483347590519	0.93777	1
ENSDARG00000043509	2	3.50280310731008	3.50280310731008	2.40209906017026	0.685764796530316	4.95371166068054	0.76413	1
ENSDARG00000043510	2	1.4902054360649	1.4902054360649	0.0337303414732831	0.0226346922759541	2.1074687384051	0.69464	1
ENSDARG00000043511	7	6.68618503136474	6.7787183974693	4.60789508792854	0.689166552572656	17.6899828127537	0.00256	0.057139649122807
ENSDARG00000043514	27	6.73339732103095	4.51678588235554	5.12252747023137	0.760764176834148	34.9877588027213	0	0
ENSDARG00000043527	10	1.80523212603699	1.80203168981086	0.895342050790181	0.495970594516128	5.70864522358505	0.59669	1
ENSDARG00000043531	9	2.09392573708498	0.817739130706376	2.39349813913517	1.14306734796967	6.28177721125494	0.9487	1
ENSDARG00000043536	6	1.91214502836709	0.683907803937808	2.3550884864251	1.23164741768372	4.68377963369904	0.46585	0.968863311555737
ENSDARG00000043542	4	0.967820424455434	0.811634752172069	0.616491537990933	0.636989592710668	1.93564084891087	0.95693	1
ENSDARG00000043553	10	3.28840608622478	2.36622570177196	2.66688561265773	0.810996434968716	10.3988531040304	0.03705	0.331075417032485
ENSDARG00000043555	9	2.23743833663468	1.27184796170656	1.93340508747685	0.86411547340557	6.71231500990405	0.65223	1
ENSDARG00000043561	4	1.08712032988194	0.20107338074901	1.90852289926258	1.75557649581426	2.17424065976389	0.97115	1
ENSDARG00000043566	5	1.61487282599137	2.19315229999806	1.58061156202507	0.978783924396481	3.6109654139339	0.58071	1
ENSDARG00000043571	1	4.7876061994979	4.7876061994979	NA	NA	4.7876061994979	0.07011	0.4530664
ENSDARG00000043589	10	1.59233339476141	1.36077579888641	0.92639022026569	0.581781568679903	5.03540032179409	0.81841	1
ENSDARG00000043627	23	1.21446754762958	1.17511482998594	0.798445074810464	0.657444553680237	5.82438174896225	0.99694	1
ENSDARG00000043635	8	1.81679346833832	1.75160457094691	0.64711026623908	0.356182624781748	5.13866792590982	0.53352	1
ENSDARG00000043644	2	2.62622097221363	2.62622097221363	0.786916423785442	0.299638313801962	3.71403731669317	0.20522	0.73211677532422
ENSDARG00000043646	7	1.66811757897681	0.841000624206828	1.56573112026379	0.938621557614768	4.41342427158778	0.79399	1
ENSDARG00000043658	11	1.40252325527239	1.08612743914641	1.04857936512304	0.747637774404956	4.65164339748635	0.83301	1
ENSDARG00000043662	3	2.16983782624155	1.68509000016464	1.28999784194788	0.594513482227529	3.75826935923518	0.85812	1
ENSDARG00000043663	5	3.04954522774578	3.22493415029967	1.41760572705352	0.464858075937248	6.81899042969965	0.25749	0.800223883969466
ENSDARG00000043665	7	1.20666046651145	0.76018369388935	0.86464454513365	0.716559934737406	3.19252351128247	0.98527	1
ENSDARG00000043666	7	2.67255353693165	2.04719534281684	1.66661452930305	0.623603795498327	7.07091202422722	0.13481	0.613364407688869
ENSDARG00000043667	1	1.42405447347082	1.42405447347082	NA	NA	1.42405447347082	0.59774	1
ENSDARG00000043673	15	2.55147010060714	2.52889273496569	1.78667621244681	0.70025363496192	9.88180120799762	0.90127	1
ENSDARG00000043697	10	3.21961737696673	3.54730267864823	1.7797267829493	0.552775865753966	10.1813241054718	0.52059	1
ENSDARG00000043710	4	2.36238534753197	1.13450764702728	2.75897765035198	1.16787790494652	4.72477069506393	0.25499	0.797787547633682
ENSDARG00000043727	4	1.3776059944726	1.22147359169788	1.359436614923	0.986810902665567	2.7552119889452	0.73443	1
ENSDARG00000043732	5	5.37784584344119	6.2739836405125	1.87274785541584	0.34823383003807	12.0252288784492	0.00772	0.125718656
ENSDARG00000043757	5	2.7795771120102	2.30490145713949	1.81782709455192	0.653994122594162	6.21532337115735	0.22654	0.761719233564585
ENSDARG00000043781	5	3.84402504002474	2.79667671495548	3.6046833135645	0.937736689025652	8.59550129670667	0.0388	0.337815568862275
ENSDARG00000043795	13	3.82002645633194	3.45602191226359	2.77242928455005	0.725761801977724	13.7733012619338	0.24337	0.785307287116176
ENSDARG00000043797	9	2.72220714524275	2.00042503665865	2.84829231999397	1.04631725949715	8.16662143572826	0.45141	0.959297704166667
ENSDARG00000043799	4	0.89091599041027	0.776637233887136	0.860262496943725	0.965593283994792	1.78183198082054	0.9062	1
ENSDARG00000043821	22	1.98818060648069	1.7873042072875	1.4315158195006	0.720012968054522	9.32539365001234	0.97536	1
ENSDARG00000043835	3	5.1918113874968	4.79813798519408	2.5263988288289	0.486612213015502	8.99248110645912	0.2467	0.788172052730697
ENSDARG00000043842	34	3.2551936904907	2.64749316874827	2.78778122134172	0.856410243570322	18.9808778176552	0.14601	0.635039462457338
ENSDARG00000043843	2	1.32400768422812	1.32400768422812	1.05483143082353	0.79669585259128	1.8724296237216	0.85201	1
ENSDARG00000043848	4	3.41913079808491	2.97262192429731	3.25869115159655	0.953075896781071	6.83826159616982	0.64252	1
ENSDARG00000043856	2	3.98793648981079	3.98793648981079	0.137322833005714	0.0344345586637538	5.63979386977297	0.59052	1
ENSDARG00000043857	5	0.801497913728856	1.0060911900006	0.450308886078589	0.561834133770343	1.79220381892198	0.9928	1
ENSDARG00000043865	4	3.69483329389629	3.57313395624376	3.02628587578034	0.819058841106482	7.38966658779259	0.13391	0.612233195691203
ENSDARG00000043873	16	2.15267672149493	2.30650529960882	1.10893788547855	0.515143715916827	8.61070688597972	0.73076	1
ENSDARG00000043898	6	3.14891096611791	3.46677275440298	1.70974851938188	0.54296502434609	7.71322511244329	0.08116	0.487343056047198
ENSDARG00000043902	7	2.72618740741874	2.19315229999806	3.16702934958111	1.16170639661922	7.2128139073859	0.13595	0.615386589595376
ENSDARG00000043904	2	1.09153375500861	1.09153375500861	0.0824038012590824	0.0754935895302958	1.54366184012121	0.85552	1
ENSDARG00000043905	15	1.92595928073108	1.50703813634281	1.56706875448874	0.813656223247822	7.45920821974507	0.60863	1
ENSDARG00000043907	29	2.10917329044756	1.96683242694907	1.43442500179362	0.680088738222759	11.3582457758663	0.49861	0.986808850865254
ENSDARG00000043923	13	2.21637934637009	2.22855262169372	1.3035264749416	0.588133289130525	7.99126937921672	0.58533	1
ENSDARG00000043932	8	5.00029096066565	2.19470297990473	5.93859038514842	1.18764896520299	14.1429585847699	0.00887	0.136522947368421
ENSDARG00000043938	9	1.60434364794274	1.13321794395813	1.29224216503203	0.805464693732592	4.81303094382822	0.77196	1
ENSDARG00000043960	9	1.66337761853439	1.51049194547627	1.49360790010103	0.897936754383565	4.99013285560317	0.81761	1
ENSDARG00000043962	3	0.831854183765298	0.982080478597003	0.767843050915602	0.923050056008666	1.44081371077023	0.89377	1
ENSDARG00000043963	14	2.06138652403302	1.76903232469133	1.76285004774681	0.855176856545015	7.71300211464441	0.36807	0.90795357731459
ENSDARG00000043972	1	0.990122463133154	0.990122463133154	NA	NA	0.990122463133154	0.73715	1
ENSDARG00000043973	39	1.92029717723492	1.39500177878508	1.57340353846205	0.819354190129901	11.9922520281622	0.93216	1
ENSDARG00000043976	10	1.44828465553021	0.992547396869049	1.67857292080975	1.15900759867903	4.57987821174784	0.99376	1
ENSDARG00000043986	10	1.59930130541248	1.25652555914319	1.30369742982334	0.815166864061994	5.057434789984	0.67077	1
ENSDARG00000044001	8	1.69948341642645	2.10395272337641	1.23871209364987	0.728875658142368	4.80686499307691	0.57116	1
ENSDARG00000044011	13	1.82384290421624	1.62007730573395	1.07142544679453	0.587454897742386	6.57595910954281	0.59588	1
ENSDARG00000044015	2	2.14232764873935	2.14232764873935	0.0221734844043893	0.0103501835573271	3.02970881589405	0.51195	0.995344240687679
ENSDARG00000044016	24	2.49831739097926	1.95362555435031	2.25701044882426	0.9034122153469	12.2392056468411	0.417	0.93900040247678
ENSDARG00000044044	1	0.392222504175104	0.392222504175104	NA	NA	0.392222504175104	0.87365	1
ENSDARG00000044056	18	2.48313068379606	1.80322306901715	2.20249063581555	0.886981361950918	10.5350312705075	0.12755	0.599355447830102
ENSDARG00000044062	6	2.58721622527969	2.32978082829277	2.25112617082416	0.870095877116265	6.33735960618481	0.87433	1
ENSDARG00000044072	2	3.81895346878192	3.81895346878192	0.0736736833750154	0.0192915896926375	5.40081578962316	0.07557	0.471005180649112
ENSDARG00000044073	1	52.2082541228502	52.2082541228502	NA	NA	52.2082541228502	0	0
ENSDARG00000044091	2	0.614697809032691	0.614697809032691	0.490888378385343	0.798584883778619	0.869313978295058	0.95596	1
ENSDARG00000044093	1	10.8955850681103	10.8955850681103	NA	NA	10.8955850681103	0.00439	0.0841458003766478
ENSDARG00000044098	4	0.905444368133338	0.643918831375022	0.952527876118023	1.05200044270169	1.81088873626668	0.9906	1
ENSDARG00000044114	2	4.90632828160493	4.90632828160493	3.63908505164606	0.741712507352987	6.93859599730037	0.05127	0.386975255744996
ENSDARG00000044135	5	1.18900465956837	0.908646593915662	1.05442203113854	0.886810680389861	2.65869524435887	0.85623	1
ENSDARG00000044143	25	1.74089395563274	1.13998094391514	1.96255428509884	1.12732557818867	8.70446977816372	0.66335	1
ENSDARG00000044155	12	1.84429347168341	1.48382111063771	1.41498463494477	0.767223143534319	6.38881999404652	0.5578	1
ENSDARG00000044167	18	3.37425370143366	3.52937581786133	2.01553135461515	0.597326559576357	14.3157460423653	0.00525	0.096626582278481
ENSDARG00000044169	5	2.0836446774307	1.78911880818085	1.34983402903421	0.647823519842479	4.65917113969068	0.52959	1
ENSDARG00000044179	13	1.45350144769773	1.42405447347082	0.902192991215268	0.620703194100215	5.24067399863531	0.82001	1
ENSDARG00000044183	10	4.98959123435825	3.42579563608479	4.62778509943953	0.927487820559863	15.7784728937831	0.34853	0.888143786893447
ENSDARG00000044191	12	2.29290809518706	1.44519563481988	2.35938311887076	1.02899157791071	7.94286663589993	0.2343	0.772697142857143
ENSDARG00000044194	7	4.18550544856593	3.08277183441355	3.01887364958729	0.721268598663905	11.0738065280113	0.18021	0.695290894617134
ENSDARG00000044199	8	1.34143842586229	1.26022489006321	0.60264387412338	0.449251983918677	3.79416082988572	0.85601	1
ENSDARG00000044265	18	2.00774045863359	1.98628752228142	1.06409519830709	0.529996391581051	8.51812135897441	0.40619	0.932452393605044
ENSDARG00000044281	18	1.90416482899305	0.959826643584329	3.24975349106172	1.7066555592145	8.07868717846746	0.72989	1
ENSDARG00000044282	12	2.34931482083802	1.93455689581877	1.47075900247988	0.626037425650449	8.13826526533207	0.21149	0.742141447776629
ENSDARG00000044295	10	1.56879963844692	1.64665328379125	0.853130744521121	0.543811155748164	4.96098004994092	0.83134	1
ENSDARG00000044298	10	2.06114622136608	1.98593229707084	1.1936410111026	0.579115153854285	6.51791665016643	0.60753	1
ENSDARG00000044299	15	2.07174585538275	1.78214493080104	1.65420142645099	0.798457697961885	8.02383719547164	0.60086	1
ENSDARG00000044304	11	1.14098109085365	0.797001267566626	0.793676006165498	0.695608378199932	3.78420617125197	0.98683	1
ENSDARG00000044319	14	1.48723560173724	0.868698311108067	1.14401329201104	0.769221292628228	5.56472607511331	0.84548	1
ENSDARG00000044325	1	4.09886970767191	4.09886970767191	NA	NA	4.09886970767191	0.16101	0.664781504854369
ENSDARG00000044326	6	1.40776615364566	1.35165069132102	0.229005278058471	0.162672811436346	3.44830875359237	0.73234	1
ENSDARG00000044328	1	6.00917184639755	6.00917184639755	NA	NA	6.00917184639755	0.073	0.464081199250468
ENSDARG00000044339	1	0	0	NA	NA	0	1	1
ENSDARG00000044345	8	1.75666425063855	1.72388191250473	1.11829852924629	0.636603453869909	4.96859681557801	0.7686	1
ENSDARG00000044357	1	3.84957265904678	3.84957265904678	NA	NA	3.84957265904678	0.12048	0.588409520153551
ENSDARG00000044365	7	0.904513682513887	0.623677269447383	0.749617342369113	0.828751799846438	2.39311826138698	0.97305	1
ENSDARG00000044373	16	1.70943112822085	1.49558053761638	1.46171254401927	0.855087122194033	6.8377245128834	0.78022	1
ENSDARG00000044375	6	1.44568719024608	1.4451775003955	1.18424058162227	0.819154094753165	3.5411959437808	0.84432	1
ENSDARG00000044380	3	1.71015837146822	1.56030140154889	1.0457514560262	0.61149392563473	2.96208118837221	0.57019	1
ENSDARG00000044387	1	1.12903435013942	1.12903435013942	NA	NA	1.12903435013942	0.76994	1
ENSDARG00000044402	5	6.33902808865085	6.48851419800406	2.09548104770285	0.330568190958882	14.1744977175039	0.00055	0.0182342019543974
ENSDARG00000044417	15	2.17139542444681	1.74446101063095	2.06915193143647	0.952913462071797	8.40977831691347	0.28836	0.835348853485064
ENSDARG00000044422	1	0	0	NA	NA	0	1	1
ENSDARG00000044484	7	2.13150508938182	1.48812427962682	2.07799981119814	0.974897888609218	5.63943238477279	0.33431	0.877865629514964
ENSDARG00000044485	7	2.16106065265221	1.96770110303155	1.2478789588007	0.577438193263671	5.71762905504468	0.31392	0.855442506024096
ENSDARG00000044488	5	1.45739782210574	1.48728884198193	0.943220286159305	0.647194795993645	3.25884060048857	0.7849	1
ENSDARG00000044491	4	3.07269518161783	3.25529660221683	2.37362111028485	0.772488310745842	6.14539036323567	0.11498	0.577687860304968
ENSDARG00000044492	2	8.89849576097887	8.89849576097887	6.99060206164356	0.785593683406393	12.5843733898958	0.00168	0.0415025242718447
ENSDARG00000044501	4	9.13586640948897	9.07010871609462	2.77063651598813	0.303270252847656	18.2717328189779	2e-05	0.00120449704142012
ENSDARG00000044511	10	1.68749255235632	1.61657911405011	1.22857811333142	0.72804950256871	5.3363200000169	0.97919	1
ENSDARG00000044513	13	3.6093344511047	2.91127676972924	3.06297351890725	0.848625573606728	13.0136404337567	0.02669	0.274117880928355
ENSDARG00000044514	9	1.84969237767993	1.17093315734099	1.47890724043489	0.799542268909541	5.54907713303978	0.96081	1
ENSDARG00000044521	15	2.02877172671024	1.8624374809763	1.77418470701658	0.874511747013309	7.85739911080523	0.78458	1
ENSDARG00000044540	2	2.36479228890435	2.36479228890435	1.80808406274152	0.764584725358369	3.34432132716384	0.58686	1
ENSDARG00000044541	1	1.77620000055837	1.77620000055837	NA	NA	1.77620000055837	0.76329	1
ENSDARG00000044544	3	1.17988620490368	1.42405447347082	0.422911846754416	0.358434436301373	2.04362285404279	0.74884	1
ENSDARG00000044545	8	3.48945547497088	3.64023816597357	1.23255484504007	0.353222688720612	9.86967051600173	0.26697	0.814270500449505
ENSDARG00000044550	6	1.71435517641557	1.65772415410054	0.761734555505653	0.444327153430548	4.19929542011717	0.5283	1
ENSDARG00000044556	19	4.76630893750364	5.15675933517662	3.39884916945772	0.713098796998641	20.7758589922731	3e-05	0.00169633333333333
ENSDARG00000044562	6	4.96212390135931	3.36645128183814	4.46257073814161	0.899326745331601	12.1546715987989	0.29571	0.844037621985418
ENSDARG00000044565	10	1.73578615932798	1.52423768133606	1.19822703649411	0.690307979502503	5.48903779447235	0.97508	1
ENSDARG00000044567	10	2.12099270158348	2.18401932771159	1.67188983928455	0.788258176483282	6.70716783759763	0.40976	0.935517559443697
ENSDARG00000044569	4	4.25808422495639	4.25806255956901	1.60181589910076	0.376182295717077	8.51616844991277	0.32715	0.871753946680606
ENSDARG00000044574	3	1.44294593112358	1.06562983502618	1.30775369530935	0.906308176281448	2.49925566528082	0.71222	1
ENSDARG00000044584	6	3.21968410886786	3.02909515409739	0.983098890987334	0.305340169328917	7.88658319967382	0.08318	0.492212813953488
ENSDARG00000044596	11	1.84094612254417	1.70528814162177	1.28143329743805	0.696073221125623	6.10572754773864	0.54476	1
ENSDARG00000044597	11	1.96895599236238	1.7183575909529	1.41063160792094	0.716436331432906	6.5302882553879	0.77936	1
ENSDARG00000044600	3	2.86128291359017	1.87934452211455	1.71243746670909	0.598485895461635	4.95588738116689	0.42905	0.945452484848485
ENSDARG00000044601	14	3.24956705257085	2.86481295836893	1.78985229524108	0.550797157370568	12.1587665660689	0.33514	0.878458645377286
ENSDARG00000044605	21	6.60445007602493	4.83052986821398	6.90980644616503	1.04623494259554	30.2653923969411	1e-05	0.000656645161290323
ENSDARG00000044625	13	1.86465624861173	1.64669703397626	1.33348992609451	0.71513981576353	6.72311371548392	0.89978	1
ENSDARG00000044626	5	1.54920261275049	1.66266187498724	0.511260301376412	0.330015129827795	3.46412235303038	0.6322	1
ENSDARG00000044627	4	0.52156642803856	0.311838634723692	0.692823241944968	1.32835091505112	1.04313285607712	0.98394	1
ENSDARG00000044628	10	2.14518996267755	1.62611084059644	1.94071056081585	0.90468004912419	6.78368629579267	0.43059	0.946110332326284
ENSDARG00000044760	7	2.02766671703582	2.41172043961231	0.897749373388192	0.442749967657695	5.36470187499955	0.40727	0.932971879360792
ENSDARG00000044766	3	0.519185969330166	0.69154966776939	0.458011464307883	0.882172268443216	0.899256477456744	0.96404	1
ENSDARG00000044769	10	1.27423685121581	1.15106829926837	0.703394628234498	0.552012467355152	4.02949072836305	0.98601	1
ENSDARG00000044802	2	2.06640794898757	2.06640794898757	0.625064094343153	0.302488235514871	2.92234214685379	0.34082	0.883197761953204
ENSDARG00000044803	4	1.47912061734124	1.86541061945486	1.0201189414052	0.689679346934461	2.95824123468247	0.68663	1
ENSDARG00000044812	21	1.93921839984747	1.74489282558	1.60964939665526	0.830050600170602	8.88661510635215	0.62015	1
ENSDARG00000044813	14	2.6158501160185	2.59856715470734	1.39565169075312	0.533536567025254	9.78761490929411	0.1113	0.567715282924387
ENSDARG00000044815	2	2.1941067224521	2.1941067224521	1.08655053716741	0.495213166273471	3.10293548418574	0.29021	0.837707708451503
ENSDARG00000044820	12	2.9077789226947	2.73337930101262	1.37540848414606	0.473009991719535	10.0728416625702	0.09079	0.513760122154359
ENSDARG00000044827	15	1.19901124847125	1.20356383019558	0.726464926849162	0.605886665179672	4.64375059724452	0.99642	1
ENSDARG00000044847	10	2.19815378048062	2.08124389854522	1.23534820969072	0.561993533237067	6.95117259362852	0.29355	0.842718937007874
ENSDARG00000044874	7	2.34505976399401	1.82138854147814	2.08424273728077	0.888780221844315	6.20444494511196	0.66037	1
ENSDARG00000044899	15	1.64966763723983	1.20637105785855	1.49327634553366	0.905198302872786	6.38913528580721	0.94181	1
ENSDARG00000044900	7	3.39156582914543	3.3996289497378	2.49801371875826	0.736536999309162	8.97323973902337	0.05168	0.388191173431734
ENSDARG00000044902	46	4.21031723573073	3.51950168339799	3.11012544060757	0.738691472987732	28.5557608263656	0.3586	0.899763298003451
ENSDARG00000044923	3	2.15094747209281	2.97791995547888	1.44562007378676	0.672085251984423	3.72555030607659	0.45598	0.960265764535485
ENSDARG00000044935	2	1.67725430002	1.67725430002	0.355610831618552	0.212019627324438	2.37199577863688	0.44861	0.957957030824072
ENSDARG00000044949	6	1.96769762200806	1.70602235391306	1.70956740372423	0.868816115140494	4.81985514200759	0.61026	1
ENSDARG00000044954	21	1.74797311356391	1.90968754712783	1.23230686476985	0.704991887579623	8.01021910565426	0.92422	1
ENSDARG00000044972	6	1.77753147701523	1.96683736696145	1.43353607696426	0.80647577581659	4.35404512042303	0.91426	1
ENSDARG00000044980	7	3.56878867418239	2.19132179951918	3.92371516469124	1.09945293008703	9.44212731363052	0.04467	0.36168683081811
ENSDARG00000045003	2	1.65772415410054	1.65772415410054	0.74768029105018	0.451028169675107	2.34437598140245	0.47717	0.977300937437135
ENSDARG00000045011	1	41.5532269974338	41.5532269974338	NA	NA	41.5532269974338	0	0
ENSDARG00000045014	22	6.3376287200976	6.62965884870526	3.90532599764022	0.616212493681719	29.7261136286554	0.39576	0.926408579310345
ENSDARG00000045017	10	1.79004662776866	1.99974669518455	0.723404122673652	0.404125854294307	5.66062446165256	0.56606	1
ENSDARG00000045019	1	3.89901854632469	3.89901854632469	NA	NA	3.89901854632469	0.19962	0.726355496453901
ENSDARG00000045027	10	6.98514680544426	5.71028007171344	6.22713871005901	0.891482868363703	22.0889736958529	3e-05	0.00169633333333333
ENSDARG00000045036	18	2.08409194920897	1.77840971334912	1.80589568508883	0.866514400084059	8.84205329941171	0.49518	0.985711331899081
ENSDARG00000045064	35	2.20367614444048	1.30688374407735	2.77746942124359	1.2603800373529	13.0371238866232	0.40962	0.935517559443697
ENSDARG00000045065	1	1.71149636075288	1.71149636075288	NA	NA	1.71149636075288	0.5842	1
ENSDARG00000045071	1	2.50839500877384	2.50839500877384	NA	NA	2.50839500877384	0.30533	0.849307986977754
ENSDARG00000045074	3	2.56910960469294	1.80088849262936	1.52761238173188	0.59460771114686	4.44982836554137	0.43506	0.949204861736334
ENSDARG00000045075	1	2.62504894701019	2.62504894701019	NA	NA	2.62504894701019	0.29946	0.844931973392461
ENSDARG00000045087	10	4.90301136007098	3.89337636718527	3.25965997172509	0.664828149955153	15.5046832915042	0.2527	0.796772180916976
ENSDARG00000045091	3	2.09435181775868	2.18745012741693	0.65345227087406	0.31200692516569	3.62752375728227	0.50777	0.992716406909789
ENSDARG00000045092	10	1.76066698901839	1.65928487485373	1.03136417733352	0.585780379689249	5.56771788636879	0.69825	1
ENSDARG00000045094	1	4.16210928118046	4.16210928118046	NA	NA	4.16210928118046	0.18433	0.701874575383464
ENSDARG00000045095	12	4.88336961369401	5.19760814245768	3.81733363694281	0.781700739226905	16.9164885661121	0.00024	0.00943135135135135
ENSDARG00000045127	10	2.09580084487819	1.96504291682642	1.31382244008092	0.626883247657664	6.62750419192032	0.8517	1
ENSDARG00000045131	6	6.82109232319581	6.09140301692965	5.91461829982241	0.867107205059982	16.7081956802452	0.00807	0.128942637362637
ENSDARG00000045132	11	5.22713482839514	4.20419359941016	3.02435060680304	0.578586683927492	17.3364449543854	0.42148	0.941827146923582
ENSDARG00000045150	6	2.17733394817793	2.04810114668996	0.793670392325912	0.364514774130117	5.33335717267543	0.92856	1
ENSDARG00000045155	2	0.511613219533693	0.511613219533693	0.723530353753912	1.41421356237309	0.723530353753912	0.94263	1
ENSDARG00000045156	7	1.787275556352	1.83091073828532	0.432284795371552	0.241868017405154	4.728686646452	0.67562	1
ENSDARG00000045159	2	1.43230916124996	1.43230916124996	1.21650620045332	0.849332136779525	2.02559104135093	0.59976	1
ENSDARG00000045160	9	2.8685335110475	2.74239380432961	0.316745956000368	0.110420866544	8.60560053314249	0.23335	0.771280909090909
ENSDARG00000045164	2	1.81051737533402	1.81051737533402	0.739052718544805	0.40819973815963	2.5604582271095	0.39485	0.925986935483871
ENSDARG00000045167	3	2.26942944272398	0.927420832205978	2.59192995928999	1.1421064301426	3.93076709899066	0.27808	0.825739895165987
ENSDARG00000045200	6	4.03816616296471	5.1100773848038	2.05216557767456	0.508192455401072	9.89144659583616	0.01545	0.199056460176991
ENSDARG00000045219	4	2.0109320602487	1.96770110303155	0.323533590101425	0.160887379786174	4.0218641204974	0.36381	0.906030849609375
ENSDARG00000045228	8	2.23760866104774	1.46689315833665	1.93712017656589	0.865709992228423	6.32891303147443	0.70214	1
ENSDARG00000045230	2	9.63053525263502	9.63053525263502	4.56270337921789	0.473774640715789	13.6196335671886	0.00191	0.0457411294117647
ENSDARG00000045248	2	4.16054708141881	4.16054708141881	0.757077563501428	0.181965868595159	5.88390210943428	0.675	1
ENSDARG00000045254	4	1.64390975911831	1.55751513343941	1.15254357205669	0.701099051005595	3.28781951823662	0.56781	1
ENSDARG00000045257	2	2.28364837153419	2.28364837153419	0.446816912111169	0.195659243200822	3.22956649871489	0.27101	0.819926371471025
ENSDARG00000045273	3	2.18134302216281	1.96770110303155	0.538783288631927	0.246996131813199	3.77819694312183	0.31195	0.854017034649476
ENSDARG00000045275	3	1.67607760223463	1.42405447347082	1.57446807886543	0.939376599726807	2.9030515644986	0.59902	1
ENSDARG00000045289	1	1.40403782613278	1.40403782613278	NA	NA	1.40403782613278	0.6392	1
ENSDARG00000045294	5	2.7794259481656	3.06621813316671	1.04657933427076	0.376545140539362	6.21498535852508	0.1362	0.615558934753662
ENSDARG00000045296	3	2.42500460426506	2.37735167605219	1.65228782928011	0.681354512224054	4.20023118317554	0.6357	1
ENSDARG00000045301	7	1.91010540291858	1.83091073828532	0.84966454470009	0.444825999341099	5.05366387404339	0.47651	0.97721514809591
ENSDARG00000045302	18	1.27817499363556	1.17828991419994	1.00750889002569	0.788240182324327	5.42283723325665	0.9827	1
ENSDARG00000045304	6	1.91341064533789	1.13450764702728	1.68802291254957	0.8822062930728	4.6868797494873	0.43237	0.947412755058115
ENSDARG00000045305	7	1.35980456183494	0.995094672573149	1.03731076480774	0.762838126831974	3.59770470226641	0.88433	1
ENSDARG00000045306	5	1.14599448918017	0.541345360368685	1.37015730436266	1.19560549138666	2.562521579647	0.8525	1
ENSDARG00000045331	27	2.25395720160606	2.41319213507338	1.51565089823375	0.67243996343576	11.7119051738024	0.75269	1
ENSDARG00000045343	3	2.14408274260491	2.51389309785646	0.970176562029424	0.45249026203659	3.71366024582332	0.35403	0.893192019826518
ENSDARG00000045355	4	2.10479314387375	1.76234120973055	1.53166724905611	0.727704408157263	4.2095862877475	0.39594	0.926408579310345
ENSDARG00000045359	4	0.712082800778614	0.381330124733668	0.955643197054554	1.34203943138301	1.42416560155723	0.98981	1
ENSDARG00000045360	6	2.06083082761231	1.41743921901644	2.04265485951123	0.991180271637269	5.04798397384772	0.41186	0.937158748043818
ENSDARG00000045367	2	1.89290509995667	1.89290509995667	0.781719359359324	0.412973349470725	2.67697206464392	0.435	0.949204861736334
ENSDARG00000045383	20	2.47865132944615	2.30815226162994	1.6605340422741	0.669934501293953	11.0848657303237	0.27219	0.820750062185372
ENSDARG00000045411	5	1.62360487048832	1.78493868961357	0.418079258722382	0.257500618729136	3.63049085901163	0.5754	1
ENSDARG00000045414	1	9.42755776138278	9.42755776138278	NA	NA	9.42755776138278	0.00891	0.136522947368421
ENSDARG00000045417	2	0.716625663456623	0.716625663456623	1.01346173240497	1.41421356237309	1.01346173240497	0.91297	1
ENSDARG00000045420	10	4.66427106107779	4.80868580366177	1.76959046020845	0.379392714753491	14.7497201774161	0.01617	0.204699328358209
ENSDARG00000045421	2	2.5848870531262	2.5848870531262	1.17043257770375	0.452798344240305	3.6555823277337	0.48597	0.980303166864843
ENSDARG00000045428	8	1.89580139089953	1.95104806643206	0.916634516615545	0.483507671750686	5.36213607715179	0.52658	1
ENSDARG00000045447	9	3.17727837119568	2.99737423786039	1.79661812842876	0.565458206217121	9.53183511358704	0.57856	1
ENSDARG00000045463	10	2.91684214005148	1.19688028362976	6.12876350864285	2.10116393495833	9.22386473772252	0.12685	0.598169149722736
ENSDARG00000045465	19	5.00069497804141	5.15859739286981	2.53081804637082	0.506093264533012	21.7975240567539	0.00058	0.018920641025641
ENSDARG00000045482	8	1.82051723902846	1.41094649317775	1.15179469894769	0.632674425847433	5.14920033993615	0.81511	1
ENSDARG00000045483	3	1.92823587796213	2.07965261724826	0.900816244469193	0.467171187282972	3.33980250960759	0.55236	1
ENSDARG00000045484	11	1.61661079126965	1.35502522725343	0.814332630608842	0.503728315440284	5.36169142668096	0.68855	1
ENSDARG00000045485	8	3.94103870925244	2.64283653302032	5.1059332370561	1.2955805851561	11.1469407849243	0.06727	0.445981454545455
ENSDARG00000045486	4	1.49970002452247	1.46202018510411	0.351406001832652	0.234317527563252	2.99940004904493	0.66396	1
ENSDARG00000045487	4	7.80484006153847	7.83182700108106	1.23539001701869	0.158285116322444	15.6096801230769	0.17617	0.687335857852503
ENSDARG00000045506	63	2.41967810491841	1.54184275175628	2.40594274952945	0.994323478250664	19.2055995553265	0.12711	0.598169149722736
ENSDARG00000045513	6	1.62765209229998	1.70849435947209	0.467729063162351	0.287364274819576	3.98691710490839	0.87483	1
ENSDARG00000045514	3	2.65435461627132	2.29724546108394	1.43543601664847	0.540785322296116	4.59747705668692	0.6608	1
ENSDARG00000045515	8	5.93865381759973	3.53846164330715	4.71904285795431	0.794631747007883	16.7970495421766	0.00038	0.0132908591065292
ENSDARG00000045518	3	2.61757677759965	2.59959564003683	0.796153504282005	0.304156696030933	4.533775971515	0.19872	0.72537865184654
ENSDARG00000045519	7	2.56649484702677	2.68357392122609	0.905842023172418	0.352949090944725	6.79030710636159	0.17318	0.683453291973633
ENSDARG00000045522	4	1.2235093529279	1.19282120146888	1.1251132448624	0.91957878554011	2.4470187058558	0.78102	1
ENSDARG00000045524	18	1.31409440992554	1.09411179954034	0.889682321857645	0.677030748428538	5.57523041026609	0.94221	1
ENSDARG00000045525	19	3.00357975211532	2.59122460032227	1.90721693153478	0.634981285311834	13.0923006083356	0.02604	0.270307780040733
ENSDARG00000045527	9	2.72891935011134	2.01038949386681	2.32051195466613	0.850340980055512	8.18675805033401	0.13963	0.621538906864889
ENSDARG00000045528	29	4.18117734974761	4.4299503592936	2.53927153441634	0.607310171755718	22.5163291162487	2e-05	0.00120449704142012
ENSDARG00000045540	29	1.96269243190013	1.57275094726751	1.64845445846948	0.839894438719352	10.5694222114978	0.6484	1
ENSDARG00000045541	13	1.95712294936737	1.83173699732205	0.951561877277227	0.486204444940372	7.05650714633137	0.65453	1
ENSDARG00000045542	4	1.35418879380288	1.38627601573626	0.31961263292384	0.236017780080938	2.70837758760577	0.92928	1
ENSDARG00000045543	6	5.41490742905536	3.66576581587645	3.22940972713826	0.596392416573894	13.2637602055915	0.08616	0.501393070325901
ENSDARG00000045556	11	1.89604070035017	1.646135007956	1.43431165353312	0.756477249284903	6.28845559030419	0.70403	1
ENSDARG00000045594	2	3.49907356386193	3.49907356386193	0.977328328237712	0.27931059761974	4.94843728975471	0.18867	0.710427411242604
ENSDARG00000045595	3	1.78359135052194	1.46635448287741	0.864616781297136	0.484761703427255	3.0892708390444	0.54267	1
ENSDARG00000045598	8	3.03721398698725	2.35067579189572	3.23092806777773	1.06378018856111	8.59053842445327	0.09086	0.513760122154359
ENSDARG00000045608	2	0.896409882923582	0.896409882923582	0.371836697392533	0.414806557218905	1.26771501387581	0.89112	1
ENSDARG00000045636	1	4.14902651612434	4.14902651612434	NA	NA	4.14902651612434	0.06145	0.425178857919782
ENSDARG00000045638	1	0	0	NA	NA	0	1	1
ENSDARG00000045641	4	1.69625833866057	1.61993964884411	0.725854401051927	0.427915008291184	3.39251667732114	0.65673	1
ENSDARG00000045658	1	7.01379170942786	7.01379170942786	NA	NA	7.01379170942786	0.02615	0.270482418699187
ENSDARG00000045660	9	3.29965146867444	1.94572537774222	3.12058895704595	0.945732901390212	9.89895440602332	0.03473	0.31902702166065
ENSDARG00000045661	4	4.84830896207765	4.52587535003064	2.66546659142167	0.549772428339517	9.6966179241553	0.01672	0.210470987654321
ENSDARG00000045666	10	2.01827132828703	1.74219625020904	1.77873909941762	0.881318123330468	6.38233433360043	0.49934	0.987618056743101
ENSDARG00000045675	7	2.74721131610658	1.66266187498724	2.28243602152966	0.830819241369603	7.26843794136047	0.13196	0.607732524886878
ENSDARG00000045676	17	2.45642869592653	2.51389309785646	1.4391579167208	0.585874085865933	10.1281149751033	0.19364	0.718617244897959
ENSDARG00000045680	16	2.2702330849968	1.90044133936628	1.51871129427069	0.668967122498273	9.08093233998719	0.47593	0.977009991932231
ENSDARG00000045681	1	2.18641395806165	2.18641395806165	NA	NA	2.18641395806165	0.40772	0.933558813749719
ENSDARG00000045685	27	4.86666079144151	2.73992452634752	8.13435042856639	1.67144388671416	25.2879112619402	0.00063	0.0199134782608696
ENSDARG00000045687	8	1.34247880647299	0.907552252059417	1.03731738882138	0.772688092966371	3.79710347062508	0.89553	1
ENSDARG00000045691	4	2.48536867985947	2.63912525596753	1.65060386231612	0.664128374873321	4.97073735971894	0.23267	0.770435530253741
ENSDARG00000045692	10	2.82343900990167	1.92728254707133	2.6726430192855	0.946591376655443	8.92849810585996	0.13402	0.612233195691203
ENSDARG00000045694	16	1.24603863422175	0.976067839683761	1.24306765117447	0.997615657359505	4.98415453688701	0.96486	1
ENSDARG00000045695	7	2.26908942711225	1.71077433334494	2.48870200612514	1.09678445300077	6.00344632670504	0.51576	0.998446510743487
ENSDARG00000045733	8	3.11930222979295	3.36460394122591	0.927962598855951	0.297490441930517	8.82271903702765	0.13754	0.617776751985878
ENSDARG00000045748	14	1.79402978810682	1.48382111063771	1.19668052377251	0.667034924227948	6.71264480876237	0.56832	1
ENSDARG00000045749	4	1.31434266332441	0.972862688871111	1.61687508589457	1.23017773904178	2.62868532664881	0.71451	1
ENSDARG00000045750	29	2.00105809462469	1.57968384757476	1.66718963480526	0.833154039497264	10.7760276282045	0.59477	1
ENSDARG00000045753	15	1.16050277319526	0.716364977917006	0.996372502045152	0.85856968639704	4.49460791381278	0.9899	1
ENSDARG00000045754	3	1.1579285205587	1.28063326167805	1.10171302654846	0.951451671660079	2.00559102914074	0.74405	1
ENSDARG00000045755	7	2.59552932855161	2.5187447340458	1.07011166843067	0.412290339646375	6.86712512392202	0.25298	0.797161126934984
ENSDARG00000045758	9	2.96785045916225	3.36229550414659	1.29769534108295	0.437250919121195	8.90355137748675	0.3264	0.870624412997903
ENSDARG00000045760	19	2.46282385299605	2.25149615179381	1.69891577334056	0.689824313368501	10.7352002909512	0.60555	1
ENSDARG00000045765	5	3.75886349867634	3.33399376795941	2.53969697217092	0.675655546700554	8.405074301183	0.04556	0.364631650943396
ENSDARG00000045768	16	4.846232539308	2.60174721246033	10.7067383207829	2.20929108001733	19.384930157232	0.01215	0.168707639836289
ENSDARG00000045773	2	1.16315585413474	1.16315585413474	1.32837061574656	1.14204008948975	1.64495078407101	0.78704	1
ENSDARG00000045785	9	3.8634124773094	3.99760552945807	1.15286938007366	0.298407013707361	11.5902374319282	0.01333	0.178751963109354
ENSDARG00000045797	2	1.42561043773804	1.42561043773804	1.07740402149799	0.755749251673173	2.01611761570978	0.72851	1
ENSDARG00000045799	23	2.20765366085586	2.23752825687873	1.3971534150677	0.632868026285452	10.5875350192893	0.29435	0.842718937007874
ENSDARG00000045801	1	20.882285075204	20.882285075204	NA	NA	20.882285075204	4e-05	0.00216553191489362
ENSDARG00000045802	12	1.76991091181806	1.61144910599651	1.36888833864087	0.773422170291468	6.13115124827887	0.56948	1
ENSDARG00000045803	34	3.59897154417026	1.97136671664098	3.80986304208182	1.0585977119639	20.9854299449739	1e-04	0.00475607476635514
ENSDARG00000045804	1	0.803895425226111	0.803895425226111	NA	NA	0.803895425226111	0.82772	1
ENSDARG00000045808	7	3.62169265389393	3.74101285347809	2.99640516603988	0.827349378423438	9.58209808731287	0.03472	0.31902702166065
ENSDARG00000045814	10	2.02423684250946	1.85667207429735	1.0449974262592	0.516242667020974	6.40119894595744	0.75473	1
ENSDARG00000045824	8	2.02356487891045	2.04609579328843	1.61733592681891	0.799250838791854	5.72350579219405	0.47436	0.97572243281471
ENSDARG00000045827	3	3.46020135189514	3.18265491169938	0.68042884492272	0.196644291971637	5.99324454590089	0.08347	0.493355203252033
ENSDARG00000045832	2	4.76987231886892	4.76987231886892	2.46033631274385	0.515807583152932	6.74561812413243	0.11907	0.58591074843071
ENSDARG00000045870	17	1.41955714194217	1.31995317344508	0.993940024729862	0.700176129134188	5.8529840378275	0.99834	1
ENSDARG00000045874	4	1.75673674551799	1.7012969221572	0.88443522756942	0.503453479769182	3.51347349103598	0.69495	1
ENSDARG00000045888	9	4.35803435135005	4.01104185816399	2.88058015451085	0.660981516499174	13.0741030540502	0.01808	0.217979834710744
ENSDARG00000045893	9	2.6912642335786	2.18745012741693	2.03866176988024	0.757510817571937	8.07379270073579	0.245	0.787285006313131
ENSDARG00000045900	23	1.96415899571605	1.57745646770573	2.00492072644859	1.02075276534203	9.41977562845327	0.93189	1
ENSDARG00000045909	1	2.4182734887575	2.4182734887575	NA	NA	2.4182734887575	0.57	1
ENSDARG00000045926	5	3.55399440125431	4.06541216133283	0.882639788598124	0.248351485384056	7.94697307285829	0.55329	1
ENSDARG00000045927	7	1.88186328930912	2.01922574346728	1.34943408003486	0.717073385564723	4.97894226493393	0.45268	0.959670285357217
ENSDARG00000045928	4	3.92614837390559	4.31119689958088	1.91537288653212	0.487850357175058	7.85229674781118	0.19975	0.726355496453901
ENSDARG00000045929	6	1.5050913730105	1.14128784824563	0.964567003202087	0.640869398694876	3.68670588014068	0.90771	1
ENSDARG00000045930	12	2.51326701326777	2.17632576540185	1.74687993133383	0.695063406359884	8.70621231993334	0.15138	0.643049098497496
ENSDARG00000045932	9	1.88280319101912	1.66266187498724	1.53611751936234	0.815867280600304	5.64840957305735	0.47003	0.971560792038993
ENSDARG00000045936	30	2.06708594533379	1.21668922563029	2.29157749240854	1.10860290912505	11.3218960056121	0.46189	0.968575948116121
ENSDARG00000045946	13	1.28204506661491	1.06562983502618	0.694771366578393	0.541924293201996	4.62247922513572	0.91384	1
ENSDARG00000045958	4	1.1342662210058	1.30377935899567	0.434275855755414	0.382869424931232	2.26853244201161	0.80984	1
ENSDARG00000045968	35	2.81231050680919	2.6823674146269	3.16897882168395	1.12682394565294	16.6378533331325	0.02115	0.23971570155902
ENSDARG00000045979	1	1.87636397003357	1.87636397003357	NA	NA	1.87636397003357	0.49507	0.985711331899081
ENSDARG00000045983	1	3.42256854700796	3.42256854700796	NA	NA	3.42256854700796	0.15832	0.660069557739558
ENSDARG00000045989	11	2.56860052159388	2.3331065642714	2.8759661103481	1.11966266695433	8.51908416643809	0.12831	0.601538083832335
ENSDARG00000046010	26	1.87564055568142	1.92667557277492	1.13116617643127	0.603082596505444	9.56392779390558	0.91734	1
ENSDARG00000046013	2	0.838693940477238	0.838693940477238	0.471275706558769	0.561916193517032	1.18609234530304	0.8443	1
ENSDARG00000046022	9	4.16746095583389	4.13178323799822	3.25203977587892	0.780340790314184	12.5023828675017	0.11457	0.576133132411067
ENSDARG00000046024	4	0.765753911829359	0.236259119234563	1.22376795733996	1.5981217182638	1.53150782365872	0.97769	1
ENSDARG00000046030	1	2.59959564003683	2.59959564003683	NA	NA	2.59959564003683	0.19779	0.724660410367171
ENSDARG00000046053	5	1.25055476486779	1.12903435013942	1.24585726999788	0.996243671207466	2.79632546383065	0.7801	1
ENSDARG00000046054	12	2.15049547394279	1.50938459830383	1.84405316523678	0.857501532823892	7.44953484463164	0.30773	0.849342252301029
ENSDARG00000046072	1	0.239558005636781	0.239558005636781	NA	NA	0.239558005636781	1	1
ENSDARG00000046074	6	1.0778368917616	0.808475069926826	1.16915175534111	1.08472048440489	2.64015041076335	0.98635	1
ENSDARG00000046081	2	1.59466987636107	1.59466987636107	1.72053455098806	1.07892835783304	2.25520376665766	0.65613	1
ENSDARG00000046087	26	1.78458015763698	1.55470089526535	1.23038496884918	0.68945346253226	9.09960904736144	0.90148	1
ENSDARG00000046090	8	2.07878514571542	1.26348070782343	2.36908378262731	1.13964821593526	5.87969229266097	0.35865	0.899763298003451
ENSDARG00000046098	7	2.03048168133961	2.00612033379739	1.32244068693055	0.651294074250433	5.37214957049691	0.41108	0.936476230975828
ENSDARG00000046107	79	2.98924010224065	2.57100034511849	2.6914883207649	0.900392149411967	26.5689471887512	0.07494	0.468801057160418
ENSDARG00000046127	5	1.38815212369563	0.698866761185597	2.1571086354909	1.55394253891144	3.10400251169413	0.84339	1
ENSDARG00000046132	1	1.28063326167805	1.28063326167805	NA	NA	1.28063326167805	0.6285	1
ENSDARG00000046141	9	2.49498976531999	1.90968754712783	3.04492790761251	1.22041699326249	7.48496929595998	0.17186	0.67982552662262
ENSDARG00000046143	6	4.93164855066274	4.27001330056251	1.9722524334416	0.399917474487626	12.0800225398599	0.01213	0.168707639836289
ENSDARG00000046150	21	2.27757333559889	2.01038949386681	1.82045997228409	0.799298070376029	10.437152211195	0.35408	0.893192019826518
ENSDARG00000046157	1	2.60494654533517	2.60494654533517	NA	NA	2.60494654533517	0.68637	1
ENSDARG00000051729	5	1.40706605981929	1.42579946951914	0.841573859807281	0.598105436439396	3.14629535858873	0.70227	1
ENSDARG00000051730	1	0.505232430844124	0.505232430844124	NA	NA	0.505232430844124	0.92325	1
ENSDARG00000051746	18	2.49210124517628	2.1316373905429	1.71804610171338	0.689396590543356	10.5730901392055	0.22171	0.754083361176078
ENSDARG00000051748	1	3.33737648929865	3.33737648929865	NA	NA	3.33737648929865	0.27302	0.821909592198582
ENSDARG00000051749	11	1.31869446858261	0.927420832205978	0.931467253899782	0.7063556237564	4.37361476540562	0.87622	1
ENSDARG00000051756	8	1.64002206708377	1.08588888170895	2.47903535773812	1.51158658623799	4.63868289972205	0.95423	1
ENSDARG00000051761	21	2.12718051498291	1.79434871282275	2.01518309744927	0.947349359048387	9.74796572674431	0.40009	0.929494640493038
ENSDARG00000051762	4	3.21755579789434	2.13883193437135	3.50067777391193	1.08799287216802	6.43511159578867	0.09471	0.525891096563011
ENSDARG00000051763	4	1.28929716848504	1.20606319639925	0.445326663798403	0.34540265400697	2.57859433697007	0.78926	1
ENSDARG00000051768	1	2.59959564003683	2.59959564003683	NA	NA	2.59959564003683	0.20033	0.726355496453901
ENSDARG00000051785	1	1.6016534780358	1.6016534780358	NA	NA	1.6016534780358	0.52667	1
ENSDARG00000051793	8	1.35393601185625	1.49070252772222	0.837444706648485	0.618526059810127	3.82950934110491	0.82246	1
ENSDARG00000051798	18	2.2473201992423	1.73346402860283	1.3335853489282	0.593411365847123	9.53457211429039	0.3731	0.909903005008347
ENSDARG00000051800	20	2.80658391788207	2.59293294203844	1.91396881979611	0.681956740221202	12.551424849884	0.70809	1
ENSDARG00000051814	36	1.81684290144534	1.50876504090954	1.36468614735365	0.751130516715569	10.901057408672	0.76478	1
ENSDARG00000051816	12	2.54640907558956	2.34332021883721	1.38669302728012	0.544568050975495	8.82101979155124	0.14714	0.636944415254237
ENSDARG00000051823	6	1.3867752334018	0.616447514069038	2.01104171742451	1.45015693169784	3.39689170976346	0.72929	1
ENSDARG00000051824	5	3.23255091865034	2.29771516715633	2.34726704253065	0.726134592030086	7.22820359483156	0.40308	0.930962514181983
ENSDARG00000051851	1	4.39585456034362	4.39585456034362	NA	NA	4.39585456034362	0.12693	0.598169149722736
ENSDARG00000051852	28	2.78026807215335	3.21928201254257	1.88841265407965	0.679219631010995	14.7117957940215	0.7216	1
ENSDARG00000051853	2	1.65520819020266	1.65520819020266	0.68344981927382	0.412908674159073	2.34081787113563	0.51992	1
ENSDARG00000051857	5	1.7390571664111	1.6244208892013	0.830124818556509	0.477341880755791	3.88865004085338	0.50153	0.98906652586708
ENSDARG00000051874	7	1.83369183998972	1.83056614575414	1.44411334900645	0.787544186821786	4.85149258974123	0.5047	0.991594935440355
ENSDARG00000051875	20	2.48780056697361	2.1043173890744	1.54154359184419	0.619641144997193	11.125782364431	0.99985	1
ENSDARG00000051879	28	3.52667179543296	2.3373325748502	5.45472365430144	1.54670578117456	18.6613930529225	0.00109	0.0299030188679245
ENSDARG00000051880	9	4.25877682788344	3.25200367803084	2.62338805593488	0.615995663064287	12.7763304836503	0.00248	0.0558438938053097
ENSDARG00000051886	6	1.25353229266001	0.905523759382582	1.12369845917439	0.896425617237107	3.07051449311817	0.94577	1
ENSDARG00000051888	6	3.84200965599705	2.73053437985761	2.46389045277527	0.641302514409183	9.41096324403869	0.04545	0.364244173228346
ENSDARG00000051889	4	1.66117282360765	1.61106137371132	1.4005700894884	0.84312123915362	3.3223456472153	0.5516	1
ENSDARG00000051891	3	2.36997762191686	1.28063326167805	2.52537106020519	1.06556747070154	4.10492165396126	0.25853	0.802079756171899
ENSDARG00000051899	1	0	0	NA	NA	0	1	1
ENSDARG00000051902	3	1.46620689041601	1.26136120626724	1.13609451397846	0.774852799700126	2.53954482860811	0.63766	1
ENSDARG00000051915	4	0.813766038194071	0.728982705151198	0.768472893730264	0.9443413188337	1.62753207638814	0.93627	1
ENSDARG00000051916	3	2.98262721786492	2.50839500877384	1.38774989698628	0.465277688299137	5.16606188137986	0.16437	0.666616439665472
ENSDARG00000051920	27	2.04633842528196	2.01922574346728	1.4380899681997	0.702762529615086	10.6330863662065	0.39541	0.926020013805798
ENSDARG00000051921	5	5.03969758588276	3.37325427786532	4.61725285339118	0.916176571055585	11.2691063880754	0.00627	0.109838313253012
ENSDARG00000051923	3	2.25560377171509	2.3803428662894	0.776728633802612	0.344355087335224	3.90682033435453	0.28251	0.829823961937716
ENSDARG00000051925	10	3.47329753277424	2.54934719057435	3.05633611670238	0.879952289679363	10.9835311950099	0.01969	0.229558785796105
ENSDARG00000051931	39	2.48958267140713	1.57275094726751	2.6345122371586	1.05821440172121	15.5474387997848	0.06082	0.423990383561644
ENSDARG00000051934	5	1.36989079897015	1.21359006692959	0.820112807256608	0.598670206320934	3.06316894824875	0.85773	1
ENSDARG00000051936	6	4.65598212615913	3.74056516581574	3.74492704199861	0.804325906011998	11.4047804606086	0.0125	0.172243076923077
ENSDARG00000051953	10	6.02109451957718	3.85709420089752	5.04115278224553	0.837248570979007	19.0403726890212	0.001	0.0284301675977654
ENSDARG00000051955	15	2.00524731677942	1.40509268223156	1.83211214918129	0.913658945632606	7.76628946291379	0.73202	1
ENSDARG00000051956	8	5.97721566032446	3.05073300489307	9.12589272308176	1.52677989915231	16.9061189041194	0.00158	0.0395116461916462
ENSDARG00000051957	2	0.189034114045831	0.189034114045831	0.267334607834796	1.4142135623731	0.267334607834796	0.99599	1
ENSDARG00000051962	14	2.19715948397028	1.97396743699407	1.49124207849682	0.678713625194898	8.22101801311781	0.30756	0.849307986977754
ENSDARG00000051970	27	2.48401116852356	2.35212100656979	1.72485112305502	0.694381388019377	12.907300651354	0.23436	0.772697142857143
ENSDARG00000051975	11	2.6273318918716	1.76196513349038	3.83281262596415	1.45882316498424	8.7138740850727	0.14305	0.629961851211073
ENSDARG00000051986	8	5.70727857940028	3.33756831076411	4.60659099247433	0.807143181883787	16.1426215424587	0.03094	0.300771079274117
ENSDARG00000051989	4	3.11504879421231	2.05129959085273	2.16931489204046	0.696398366558815	6.23009758842462	0.10066	0.543024332627119
ENSDARG00000052000	10	1.92994272092048	1.92756562280823	1.6220091758473	0.840444205035104	6.1030147517714	0.43997	0.952834042553191
ENSDARG00000052010	9	1.29821863542631	1.03229836791511	0.915037344656946	0.704840709944411	3.89465590627893	0.973	1
ENSDARG00000052011	11	3.45958684219397	2.81127152463048	2.91198898921028	0.841715823894041	11.4741514852079	0.06278	0.430286087542088
ENSDARG00000052012	18	3.84015331512396	4.22040891622275	3.0692354898472	0.799248164847848	16.2923906995209	0.81786	1
ENSDARG00000052020	12	1.93577806794164	1.91780752656822	1.17941594822743	0.609272296116845	6.70573193170489	0.62528	1
ENSDARG00000052025	13	3.7205186369056	1.91786463541748	5.53047838734269	1.4864804956178	13.4145207166825	0.00662	0.114007377326565
ENSDARG00000052030	3	4.29361478149629	5.2055230500904	2.8260852038088	0.658206510744294	7.43675894968032	0.04266	0.354776
ENSDARG00000052045	4	0.640069781407157	0.523398526464868	0.632562749668374	0.988271541702408	1.28013956281431	0.98463	1
ENSDARG00000052059	34	3.61602623688839	2.31985738517855	3.47801094755758	0.961832331877778	21.0848750377947	0.00015	0.00655236051502146
ENSDARG00000052061	4	1.88884611124577	2.06640794898757	1.45760141744466	0.771688815074148	3.77769222249155	0.41657	0.93900040247678
ENSDARG00000052063	3	4.63407910482728	5.25719022651858	2.20321691295722	0.475437916168102	8.02646045585415	0.05015	0.382589191616766
ENSDARG00000052074	4	1.49965966379247	1.20848126826803	0.743850501652244	0.496012875195382	2.99931932758495	0.61304	1
ENSDARG00000052082	5	6.75748503279116	4.69424117017487	5.02874690760232	0.744174331604136	15.1101958902584	0.28988	0.837230034052214
ENSDARG00000052091	1	0.881028429036563	0.881028429036563	NA	NA	0.881028429036563	0.83234	1
ENSDARG00000052113	11	3.47404921521746	3.18265491169938	1.72322213698558	0.496026978960836	11.5221177501049	0.0234	0.253367234042553
ENSDARG00000052114	3	1.01109526531121	0.881028429036563	0.297658215485413	0.29439185969662	1.75126837081134	0.85937	1
ENSDARG00000052118	1	5.25719022651858	5.25719022651858	NA	NA	5.25719022651858	0.10956	0.564037268588771
ENSDARG00000052121	3	1.14879983708268	1.28063326167805	0.553442128112252	0.481756795437656	1.98977968555405	0.75402	1
ENSDARG00000052124	21	1.75635243235828	1.50703813634281	1.32274824920941	0.753122337430501	8.04861796830162	0.75508	1
ENSDARG00000052131	22	1.45131171117112	1.04355801399767	1.61398830871854	1.11208935771361	6.80725532249334	0.90036	1
ENSDARG00000052139	42	1.63882524971065	1.17828991419994	1.42149119037983	0.86738423796607	10.6208014933783	0.99501	1
ENSDARG00000052157	2	4.389831676442	4.389831676442	0.824544740288775	0.187830605149097	6.2081594933593	0.06137	0.425121904761905
ENSDARG00000052164	7	1.22053161539646	1.42405447347082	0.804578424780442	0.659203264078575	3.22922312163097	0.88674	1
ENSDARG00000052178	11	2.82830227039355	2.70400633515448	1.40944790346648	0.4983370830694	9.38041742460569	0.65245	1
ENSDARG00000052182	12	2.0490071704083	1.88741682785615	1.90382377023095	0.929144513365259	7.09796904844025	0.95234	1
ENSDARG00000052190	3	0.637173011078841	0.773698128308557	0.353305413172727	0.554488980276364	1.1036160284002	0.97098	1
ENSDARG00000052222	5	2.76617022824433	2.99320992401922	1.92246302281044	0.694990858906979	6.18534466769044	0.24912	0.790396211838006
ENSDARG00000052242	50	1.99189132192286	1.87963763813751	1.45428902748919	0.730104605348297	14.0847986111829	0.55385	1
ENSDARG00000052244	25	2.61272862987802	2.46346358609185	2.41039304036287	0.922557747788528	13.0636431493901	0.4396	0.952828050234142
ENSDARG00000052271	10	6.1889903545105	4.15486216487532	7.49977463298528	1.21179291021507	19.5713059370661	1e-05	0.000656645161290323
ENSDARG00000052279	6	1.90162007094175	1.65107760340317	1.59239841018525	0.837390409639838	4.65799885844245	0.5203	1
ENSDARG00000052288	2	4.82501971360831	4.82501971360831	0.426931978423584	0.0884829500736506	6.82360831770242	0.03165	0.30324536950421
ENSDARG00000052290	56	2.44197183211804	1.87878825269252	2.06888889812657	0.847220623479559	18.2740438878768	0.05742	0.410985063291139
ENSDARG00000052300	4	2.25386666935873	2.08042670151481	1.14770659169613	0.509216719559846	4.50773333871747	0.28275	0.829823961937716
ENSDARG00000052322	3	3.19732612633914	2.09967151460726	1.9011935566819	0.594619842192552	5.53793129918677	0.12688	0.598169149722736
ENSDARG00000052331	18	2.69896805118566	2.10070968508132	1.34718177094381	0.49914698706863	11.4507516671953	0.13739	0.617648153710247
ENSDARG00000052334	12	2.23502799173314	2.01993559215632	1.69215002919592	0.757104624843533	7.74236407604088	0.48206	0.97795628463225
ENSDARG00000052341	5	4.52465468277557	3.83886285416237	1.98644228821247	0.439026274375026	10.1174354453989	0.11153	0.567860100050025
ENSDARG00000052360	2	3.76874525033432	3.76874525033432	0.273652772610432	0.0726111091181226	5.32981064615198	0.14463	0.633682367628067
ENSDARG00000052368	2	0.785461922965285	0.785461922965285	1.11081090418516	1.41421356237309	1.11081090418516	0.90743	1
ENSDARG00000052371	6	7.53392759930671	8.00392414847946	2.93361781169605	0.389387576802041	18.4542783773729	0.00019	0.00792549180327869
ENSDARG00000052374	1	0.882318605824622	0.882318605824622	NA	NA	0.882318605824622	0.74834	1
ENSDARG00000052379	13	1.80019329902289	1.28063326167805	1.33194337278346	0.739889084970159	6.4906892453737	0.68665	1
ENSDARG00000052390	21	3.81546663844177	3.67426315228452	3.00739537181733	0.788211680720013	17.4846646822381	0.00561	0.101598896797153
ENSDARG00000052402	11	1.16881548970716	0.982080478597003	0.995544122390752	0.851754730458083	3.87652242851414	0.93022	1
ENSDARG00000052411	1	2.75147014947022	2.75147014947022	NA	NA	2.75147014947022	0.28164	0.829461365345675
ENSDARG00000052419	24	2.34535919711868	2.13748806818013	1.64146221508227	0.699876682897375	11.4898665929688	0.80178	1
ENSDARG00000052426	11	1.23543611516265	1.3369455356059	0.813127270559716	0.658170228780031	4.09747804644882	0.97272	1
ENSDARG00000052429	7	1.65957130154008	1.35165069132102	2.03439291363654	1.22585447925535	4.39081294685484	0.60243	1
ENSDARG00000052455	7	1.2845247104022	1.17193618839342	0.705139713720832	0.548949901866848	3.39853293664149	0.8484	1
ENSDARG00000052462	7	2.2490617922416	1.76196513349038	1.61815216425331	0.71947874879886	5.95045818548848	0.82562	1
ENSDARG00000052470	1	3.69856666436031	3.69856666436031	NA	NA	3.69856666436031	0.09424	0.524297629710541
ENSDARG00000052471	2	2.34470009650342	2.34470009650342	3.31590667617264	1.41421356237309	3.31590667617264	0.23657	0.77546198389694
ENSDARG00000052482	14	1.72881822360568	1.33945062592181	1.69944979045346	0.983012422734083	6.46864547674361	0.82807	1
ENSDARG00000052494	15	2.01136806992114	2.15822779793525	1.49865790579295	0.745093813611007	7.78999503789791	0.82387	1
ENSDARG00000052527	7	1.83213302586431	0.828758104235495	2.0673777094207	1.12839934668249	4.84736835522522	0.49791	0.986808850865254
ENSDARG00000052528	2	2.4255682188452	2.4255682188452	1.923718606734	0.793100186499751	3.43027147155204	0.6069	1
ENSDARG00000052535	1	1.6244208892013	1.6244208892013	NA	NA	1.6244208892013	0.55935	1
ENSDARG00000052536	13	3.52140585418544	3.73758641650908	1.29350897888108	0.367327434678867	12.6966093689847	0.13256	0.609117688487585
ENSDARG00000052537	12	3.09892071783791	3.39977754627393	1.92682254725004	0.621772133813857	10.7349762638461	0.12329	0.594343153409091
ENSDARG00000052556	4	2.43955307629716	2.1381151528493	1.41771869314695	0.581138695821617	4.87910615259432	0.23134	0.768691127770535
ENSDARG00000052558	9	1.40230429133381	1.22250893833694	0.77990114863393	0.556156858004136	4.20691287400144	0.85183	1
ENSDARG00000052565	5	0.855725330084875	0.69154966776939	0.376866148274843	0.440405507497907	1.91346000813823	0.95372	1
ENSDARG00000052567	21	8.2224253055321	4.43875562629719	10.5736565249315	1.28595349085355	37.6798863587213	0	0
ENSDARG00000052594	11	2.90091168501256	2.4812673719932	1.45436412611468	0.501347260459046	9.62123560914432	0.14505	0.633855463121784
ENSDARG00000052623	10	4.83396429018073	4.78002005265473	3.15260922217483	0.652178839752446	15.2863372848902	0.06023	0.422481695382495
ENSDARG00000052624	12	2.3529673311987	2.37472359111044	1.18611283653597	0.504092352158461	8.15091793237178	0.67962	1
ENSDARG00000052641	13	2.4082150946543	2.4382310108902	1.68310922747358	0.698903196483449	8.68294300612244	0.69963	1
ENSDARG00000052642	4	1.54454353551248	1.74589488033801	0.889190244148183	0.575697753869495	3.08908707102496	0.60264	1
ENSDARG00000052648	6	2.05351220702405	0.641916473687234	3.5055575486875	1.70710334065545	5.03005708778546	0.40825	0.933558813749719
ENSDARG00000052649	6	2.05439511050617	0.668816907429284	2.80463858434697	1.36518947596987	5.03221975080877	0.9064	1
ENSDARG00000052674	7	2.78703860103212	3.43047961909863	1.5100702598466	0.541818925395356	7.37381103266836	0.79625	1
ENSDARG00000052680	7	8.43822833208166	2.10823393214556	9.3373887701446	1.10655796485672	22.3254536726674	7e-05	0.00347541463414634
ENSDARG00000052690	17	3.08301873191857	1.51348207269889	5.3995980569846	1.7513996918288	12.7116118774581	0.20733	0.736272545327755
ENSDARG00000052693	12	1.29313534163883	0.849856921659141	1.23495013633928	0.9550045510118	4.47955222556278	0.93931	1
ENSDARG00000052695	2	1.27262549478559	1.27262549478559	0.100207696137072	0.0787409151770567	1.79976423454755	0.88358	1
ENSDARG00000052696	1	3.29120420928619	3.29120420928619	NA	NA	3.29120420928619	0.1887	0.710427411242604
ENSDARG00000052697	13	1.2822427817661	0.679490609258273	1.42176152519706	1.10880836719455	4.62319209725124	0.95695	1
ENSDARG00000052700	4	3.02233526790055	2.94539992466151	0.868184715803286	0.287256256783969	6.0446705358011	0.13658	0.61591105006646
ENSDARG00000052701	16	2.1629265716239	1.31914533563542	2.1027052529877	0.972157483556648	8.6517062864956	0.28313	0.830275040322581
ENSDARG00000052703	2	1.70004008214352	1.70004008214352	1.30813738834026	0.769474438914921	2.40421974074524	0.51389	0.997021048417842
ENSDARG00000052712	3	1.74649543515653	0.841060380418886	2.05234464828258	1.1751216790891	3.02501882887822	0.86633	1
ENSDARG00000052713	11	3.97036241569583	3.48406151645937	2.72510605523581	0.686362042029912	13.1682024145922	0.25426	0.797344582691715
ENSDARG00000052721	4	2.28117664960926	1.86603562431707	2.27986734101723	0.999426038052665	4.56235329921852	0.26687	0.814209490407674
ENSDARG00000052728	31	2.05529074856064	2.16653437017561	1.61552760142433	0.786033607437643	11.4433745850902	0.87861	1
ENSDARG00000052734	9	1.99202435859816	1.28370317467633	1.21449760403251	0.609680096927721	5.97607307579449	0.48922	0.982020477129337
ENSDARG00000052746	12	1.64137200070045	0.728335835685773	1.98939041680008	1.21202897085555	5.68587939866832	0.90395	1
ENSDARG00000052747	14	2.23843206925754	1.40016893393791	3.08482315984239	1.37811783623418	8.37544588672916	0.38696	0.919536209150327
ENSDARG00000052748	10	1.95782424090215	1.12336210565085	1.83689901284013	0.938234890785549	6.191183859541	0.66392	1
ENSDARG00000052765	1	15.0730374582675	15.0730374582675	NA	NA	15.0730374582675	0.02781	0.281922490039841
ENSDARG00000052766	9	2.68650792167365	2.90362247727005	1.16725666069047	0.434488449214508	8.05952376502094	0.12252	0.59329702188392
ENSDARG00000052789	16	2.10607486262423	1.19365727737544	2.35099175843266	1.11629068850063	8.42429945049692	0.69604	1
ENSDARG00000052842	9	2.04269310001638	1.1567692800102	2.8077220081198	1.37451974949017	6.12807930004913	0.71023	1
ENSDARG00000052856	8	11.6861974291299	10.2011007622292	6.77538598166286	0.579776785626948	33.0535577936903	0.00956	0.142671085043988
ENSDARG00000052859	5	3.29964845257638	3.06395693875557	1.84158465094205	0.55811541059901	7.37823824181277	0.13481	0.613364407688869
ENSDARG00000052866	38	2.36922526660581	1.92821598098787	2.31245843244933	0.976039916948125	14.6048854096528	0.20423	0.730376999297259
ENSDARG00000052898	5	1.0861728091119	1.16491723718223	0.896969504587431	0.825807364226718	2.42875623648612	0.90931	1
ENSDARG00000052912	1	1.27082850909354	1.27082850909354	NA	NA	1.27082850909354	0.67224	1
ENSDARG00000052928	8	2.38428873581769	2.02159649865877	1.75967388618736	0.738028855210727	6.74378693361354	0.52436	1
ENSDARG00000052942	10	2.17351917834317	2.11555853278756	1.67199293648763	0.769256123041049	6.87327114162214	0.46218	0.968575948116121
ENSDARG00000052978	9	1.66953731744813	1.0214865004595	1.57210626390851	0.941641883340145	5.00861195234438	0.90537	1
ENSDARG00000052982	7	2.76573216244363	2.3803428662894	2.73227379434022	0.987902527743737	7.31743949483875	0.12405	0.595749066037736
ENSDARG00000053003	2	8.50445974035586	8.50445974035586	0.82497895140695	0.0970054508568265	12.0271223054672	0.00398	0.078963820662768
ENSDARG00000053026	23	2.02487941976267	1.48812427962682	1.85297961696142	0.915106153421518	9.710980552205	0.41718	0.93900040247678
ENSDARG00000053082	19	2.47111057195087	1.6244208892013	2.02390852643642	0.819027909721825	10.7713212614488	0.13036	0.605293832116788
ENSDARG00000053091	23	2.78044082943264	2.15432332282336	2.1524142989396	0.774126993156984	13.3345257784988	0.06738	0.445981454545455
ENSDARG00000053101	9	1.5929562703045	1.73796543292223	1.31722504652023	0.826905967901073	4.7788688109135	0.98351	1
ENSDARG00000053104	9	2.54398057070913	2.52101740302931	1.40881753925345	0.553784708686176	7.63194171212739	0.18286	0.700134629559985
ENSDARG00000053106	5	1.08940915228859	1.28792818639663	0.817715060159557	0.750604176990554	2.43599291982772	0.8574	1
ENSDARG00000053113	1	0	0	NA	NA	0	1	1
ENSDARG00000053129	1	0.475884931705394	0.475884931705394	NA	NA	0.475884931705394	1	1
ENSDARG00000053130	6	3.21740004382613	2.83070322850904	2.44453774668867	0.759786695278845	7.88098840578226	0.76614	1
ENSDARG00000053133	4	1.93190891332086	2.2891129356863	1.07041457307132	0.554070932480623	3.86381782664172	0.40433	0.93118802804161
ENSDARG00000053138	9	2.95807274753188	2.57248096104687	2.38020782172073	0.804648169557933	8.87421824259563	0.09432	0.524297629710541
ENSDARG00000053152	11	2.76320178972835	3.05343153416346	1.35109670298931	0.488960563072786	9.16450355656746	0.41544	0.93900040247678
ENSDARG00000053155	10	3.70611603884715	2.92923850775742	3.05618841848392	0.824633763878209	11.7197679556381	0.01215	0.168707639836289
ENSDARG00000053165	6	2.09935400589247	2.11200826461907	1.38191217990769	0.658255909212516	5.14234610390439	0.35405	0.893192019826518
ENSDARG00000053166	9	2.12228647827565	1.89091666671176	0.990662996726463	0.466790420080975	6.36685943482694	0.41554	0.93900040247678
ENSDARG00000053179	1	5.25719022651858	5.25719022651858	NA	NA	5.25719022651858	0.10856	0.563175774504825
ENSDARG00000053190	16	2.75558455222168	2.43276124487807	1.56658864520538	0.568514090392298	11.0223382088867	0.36703	0.906513619602135
ENSDARG00000053196	1	3.95946663780949	3.95946663780949	NA	NA	3.95946663780949	0.06104	0.424430942622951
ENSDARG00000053204	2	10.3580178455791	10.3580178455791	0	0	14.6484493165205	0.00144	0.0371046075949367
ENSDARG00000053205	26	2.39463498893704	2.55448415307283	1.31192865753552	0.547861642211231	12.210290536522	0.49025	0.983011130811663
ENSDARG00000053217	6	5.47527209710068	5.45976338231502	3.92591867810954	0.717027137370658	13.4116228407951	0.37349	0.909903005008347
ENSDARG00000053222	10	3.03007295284807	2.19558947820335	2.28538222590973	0.754233400143591	9.58193200747188	0.11669	0.580484271749756
ENSDARG00000053241	2	0.214809937805605	0.214809937805605	0.303787127377208	1.4142135623731	0.303787127377208	1	1
ENSDARG00000053248	6	3.59385546331175	2.93124373327967	2.05764711440489	0.572545873202359	8.80311209442741	0.15046	0.641636129032258
ENSDARG00000053260	7	3.14509402685673	1.74446101063095	4.52530160535724	1.4388446153643	8.32113664497761	0.06283	0.430338990578735
ENSDARG00000053263	9	1.80822267341893	1.38716476084012	1.50661362621271	0.833201379653122	5.4246680202568	0.60143	1
ENSDARG00000053272	8	1.54922202369243	1.83412761506957	1.06104474949431	0.684888759175658	4.38186159406584	0.81886	1
ENSDARG00000053301	3	2.19114893659085	1.29968110172871	2.55977497815406	1.16823413297352	3.79518128512587	0.46375	0.968863311555737
ENSDARG00000053311	11	1.89528387503832	1.46314412437316	1.32496967676338	0.699087716734035	6.28594548471295	0.66866	1
ENSDARG00000053318	2	2.25007337010983	2.25007337010983	0.378158712180111	0.168065058323699	3.18208427634386	0.30807	0.849342252301029
ENSDARG00000053358	10	10.4281253493812	8.17944241484473	7.14793541041152	0.685447783846949	32.9766278297837	0.22757	0.763802430029634
ENSDARG00000053365	5	3.23671847294928	1.88452469564685	3.62434473974133	1.11975903064527	7.23752252954389	0.72212	1
ENSDARG00000053370	9	2.19859402808602	2.07965261724826	1.35405374663478	0.615872566438991	6.59578208425806	0.40142	0.93067261047836
ENSDARG00000053375	3	3.43141462809169	3.21913046129717	0.711468870074847	0.207339813804581	5.94338447768988	0.37767	0.911338795637743
ENSDARG00000053380	15	2.46367960061142	1.83173699732205	2.36633091772609	0.96048646793959	9.54179006355898	0.19314	0.717324348777818
ENSDARG00000053383	8	2.08707208788501	1.99998073286125	0.888620924408306	0.425773948857135	5.90313130467462	0.53842	1
ENSDARG00000053389	9	4.5866835963924	1.95688998744813	5.55820462439887	1.21181339579879	13.7600507891772	0.00117	0.0316709042553191
ENSDARG00000053395	4	1.20011353260292	0.653082818630764	1.5602768117237	1.30010767259629	2.40022706520584	0.93709	1
ENSDARG00000053404	1	1.93419829082384	1.93419829082384	NA	NA	1.93419829082384	0.74067	1
ENSDARG00000053405	2	2.75618196548835	2.75618196548835	0.204590296933439	0.0742296043930425	3.89782991596176	0.1805	0.695355412566238
ENSDARG00000053425	5	3.15106299152628	2.92464778916901	0.801401763658549	0.254327433571988	7.04599105043661	0.08396	0.494150127020785
ENSDARG00000053446	1	74.7743275563044	74.7743275563044	NA	NA	74.7743275563044	0	0
ENSDARG00000053447	8	1.52078631912237	1.38396105182999	1.01356293764977	0.666472945544831	4.30143327594864	0.85923	1
ENSDARG00000053449	4	1.60863276412635	1.71246112655448	1.01385092223125	0.630256292698276	3.21726552825269	0.85214	1
ENSDARG00000053453	9	2.0576471876463	1.69131713831902	1.85644635032829	0.902218009712266	6.1729415629389	0.6325	1
ENSDARG00000053454	28	2.66959259814989	1.91316336581344	2.48647140638721	0.931404817390641	14.1261562331268	0.04568	0.365050933333333
ENSDARG00000053455	1	2.40692615306148	2.40692615306148	NA	NA	2.40692615306148	0.28644	0.83392057208238
ENSDARG00000053457	3	3.24571520945754	2.52397195602065	2.70518676195225	0.833463994028106	5.62174364967952	0.82175	1
ENSDARG00000053459	18	1.86851413337473	1.6386401092712	1.27639553478625	0.68310724119648	7.92743408671308	0.964	1
ENSDARG00000053460	3	2.30540457270512	2.64984668746494	1.75070645013865	0.75939228665813	3.99307785192689	0.33909	0.882050015321757
ENSDARG00000053467	14	1.79784392963401	1.33290927095383	1.17904662731322	0.655811446076547	6.72691601958179	0.9569	1
ENSDARG00000053468	18	1.43740309387272	0.946914956368406	1.11209368569023	0.773682546274463	6.09838484985552	0.98837	1
ENSDARG00000053475	12	2.78606036872957	2.72437610219256	1.41078066732966	0.506371176721116	9.6511962231874	0.22565	0.759479398148148
ENSDARG00000053485	12	3.84229569932473	3.03818765972091	2.82501279693991	0.735240860675142	13.3101027378676	0.13799	0.618657472479084
ENSDARG00000053493	4	2.15644926891254	2.04653225626836	1.48847199761691	0.690242065544867	4.31289853782508	0.4459	0.957058245466048
ENSDARG00000053505	13	2.25825607470037	2.01038949386681	2.18683286156354	0.968372402963066	8.14225807046021	0.32913	0.873503295958279
ENSDARG00000053509	4	2.60418728233654	2.5797794514138	2.75211475381277	1.05680369936509	5.20837456467309	0.20274	0.728632669491525
ENSDARG00000053517	23	1.93213453551439	1.43325132691325	1.90436957371696	0.985629902428078	9.26619171270108	0.51498	0.997614472782642
ENSDARG00000053520	1	3.82830826485372	3.82830826485372	NA	NA	3.82830826485372	0.14357	0.630394935289042
ENSDARG00000053528	4	2.62605623538276	2.35781345875558	1.179979753337	0.449335295047483	5.25211247076552	0.18205	0.69853382585752
ENSDARG00000053542	10	2.45411050087404	2.94761432916545	1.58210992566898	0.644677542068913	7.7605788124986	0.74526	1
ENSDARG00000053544	11	3.1631467603764	2.26488190546378	2.98123915992341	0.942491571136794	10.4909709609967	0.48217	0.977984507772021
ENSDARG00000053558	5	3.29418422785882	2.89017384886327	1.38123020326361	0.419293551217503	7.36601986389998	0.09215	0.517372315325248
ENSDARG00000053559	26	7.51042003799105	4.03805736240681	10.8474951055245	1.44432602313226	38.2957783289947	0	0
ENSDARG00000053569	4	2.89498683342805	2.55516537004969	1.49009267707619	0.514714837342361	5.7899736668561	0.34289	0.884076896988104
ENSDARG00000053571	8	2.0551213775123	1.79980090337724	1.42313876528189	0.692484045397155	5.81276104880153	0.65458	1
ENSDARG00000053574	4	1.12040693010794	1.15626929732998	0.475157878025877	0.424094019107952	2.24081386021588	0.83384	1
ENSDARG00000053580	5	1.42824471679828	0.69154966776939	1.57552468450585	1.10311956065746	3.19365227526589	0.71154	1
ENSDARG00000053583	40	2.28752408288585	2.34278797429638	1.6296574008808	0.712411035614058	14.4675726088141	0.19529	0.721507931785196
ENSDARG00000053586	5	3.71735894930578	3.77307887433117	1.71541341529998	0.461460256782663	8.31226730741493	0.05698	0.409274834156669
ENSDARG00000053609	11	3.42711326462496	3.02268644520527	2.21444072902141	0.646153353575766	11.366448812811	0.07169	0.459162226415094
ENSDARG00000053617	3	2.79278131106565	3.31009883132426	1.17926503040834	0.422254698474178	4.83723912519452	0.69813	1
ENSDARG00000053619	5	0.98006093814643	0.586213345141312	1.01254151780397	1.03314138783959	2.19148287978763	0.91477	1
ENSDARG00000053624	7	0.771323206396885	0.586213345141312	0.665310528766833	0.862557386124459	2.0407293845791	0.98651	1
ENSDARG00000053646	2	0.541345360368685	0.541345360368685	0	0	0.765577950561145	1	1
ENSDARG00000053650	2	0.712899734759569	0.712899734759569	1.00819247350916	1.41421356237309	1.00819247350916	0.90966	1
ENSDARG00000053652	3	1.40478957155673	1.24133723250111	1.06687310472454	0.75945403235182	2.43316691187917	0.75034	1
ENSDARG00000053656	18	2.45897824489956	2.71931088356384	1.47955434899685	0.601694769795446	10.432561150552	0.65441	1
ENSDARG00000053665	2	2.10394431105667	2.10394431105667	0.872082527677044	0.414498864392021	2.97542657917407	0.56604	1
ENSDARG00000053684	4	4.17317721726711	3.96358898626282	0.761916014421806	0.182574564834983	8.34635443453421	0.04633	0.366677091757387
ENSDARG00000053691	6	1.42094074778187	1.1311691164831	1.51235452880562	1.06433328143094	3.48057978679436	0.94006	1
ENSDARG00000053695	7	2.47326874326312	2.51747195985716	1.79415080976625	0.725416845481632	6.54365402010348	0.19289	0.717032293644996
ENSDARG00000053708	1	0.881028429036563	0.881028429036563	NA	NA	0.881028429036563	0.83387	1
ENSDARG00000053713	44	1.40628197410112	1.10514470546898	1.26828000851875	0.901867500171452	9.32821931506743	0.9848	1
ENSDARG00000053724	10	2.99096235233769	1.59466178246585	3.26452112019017	1.09146178909228	9.45825342920215	0.21553	0.745383737682637
ENSDARG00000053744	5	4.78288100366947	3.43343630546829	4.05268723086165	0.847331812719653	10.6948470524974	0.0178	0.216968143712575
ENSDARG00000053771	3	1.76460501961703	2.18566123045522	0.860147339243489	0.48744468574059	3.05638554926777	0.4722	0.974306742347456
ENSDARG00000053773	1	1.35165069132102	1.35165069132102	NA	NA	1.35165069132102	0.63666	1
ENSDARG00000053792	8	1.35712953166418	1.47739841409643	0.947499423583649	0.69816432512656	3.83854197915307	0.85221	1
ENSDARG00000053800	36	1.63477997300768	1.45079734708188	0.971035285407312	0.593985307772517	9.80867983804607	0.93431	1
ENSDARG00000053805	2	1.57671704160742	1.57671704160742	1.64851588718488	1.04553692494137	2.229814624266	0.53251	1
ENSDARG00000053810	9	3.25504068634663	3.183826122005	2.10892875764921	0.647896281756226	9.76512205903988	0.1457	0.634274850299401
ENSDARG00000053820	3	2.68600325013439	2.24048922687706	1.34104052235626	0.499269880737918	4.6522940985279	0.33794	0.881337089418396
ENSDARG00000053833	1	1.12903435013942	1.12903435013942	NA	NA	1.12903435013942	0.77044	1
ENSDARG00000053835	20	1.4585082481049	0.857623847640368	1.38412900746184	0.949003208765047	6.52264717701337	0.87153	1
ENSDARG00000053840	12	1.69278905519117	1.73586588609819	1.06458016134022	0.628891212449382	5.86399330017525	0.7475	1
ENSDARG00000053857	6	1.88460407359417	1.88598553785661	1.44871914082836	0.768712729175778	4.61631834747631	0.47354	0.975250934844193
ENSDARG00000053858	3	0.704650709770074	0.57210937755394	0.779419765816255	1.10610796953654	1.22049083091124	0.93775	1
ENSDARG00000053864	63	2.38108864136923	1.93539896743302	1.95251178718565	0.820008022071312	18.8993051839909	0.35087	0.890784449987528
ENSDARG00000053876	8	2.13504822637144	1.64954207399034	1.88827761182739	0.884419184777179	6.03882831611024	0.33502	0.878458645377286
ENSDARG00000053878	23	2.36344988096379	2.02226317810312	1.4419854438761	0.61011890097203	11.3347074428958	0.30139	0.847024228539884
ENSDARG00000053884	21	1.576823258976	1.64669703397626	1.16853396235449	0.74106844613222	7.22591194182447	0.97862	1
ENSDARG00000053890	17	1.83910380792232	1.52586854885828	1.32599714813265	0.721001795777181	7.58281925653939	0.67858	1
ENSDARG00000053896	10	1.6934590696397	1.06367487209301	1.6615734803286	0.981171325671372	5.35518778433116	0.61031	1
ENSDARG00000053918	14	3.22344862853747	3.15003775190305	1.54203888921314	0.478381716885865	12.0610403718536	0.01547	0.199056460176991
ENSDARG00000053929	1	1.12903435013942	1.12903435013942	NA	NA	1.12903435013942	0.76763	1
ENSDARG00000053979	4	2.06467056769635	2.15792225211156	0.558679775179795	0.270590274264983	4.12934113539271	0.72528	1
ENSDARG00000053987	4	2.59401044992587	2.4447895706973	1.80191543200849	0.694644631080797	5.18802089985173	0.2534	0.797344582691715
ENSDARG00000054007	5	5.08206953103447	3.39909498828541	4.90926765093122	0.965997733984551	11.3638529377735	0.01972	0.229645491990847
ENSDARG00000054023	2	2.28642772780572	2.28642772780572	1.7516519223788	0.766108589865577	3.23349710204875	0.26169	0.805986735249622
ENSDARG00000054030	3	2.39084078590398	2.51389309785646	0.414537295985129	0.173385571481454	4.14105771399359	0.31352	0.855235479378682
ENSDARG00000054031	3	3.0632116584819	3.22763575001786	0.464270403263018	0.151563279010601	5.30563822682797	0.12383	0.595062200188857
ENSDARG00000054033	1	1.04782277521322	1.04782277521322	NA	NA	1.04782277521322	0.79024	1
ENSDARG00000054036	6	2.15423871003936	1.09709709895245	2.79387820239447	1.29692136223076	5.27678562374788	0.38193	0.915420871203202
ENSDARG00000054060	3	0.764685659985164	0.623677269447383	0.318209226494109	0.416130762149094	1.32447441491364	0.92758	1
ENSDARG00000054096	8	3.68972368952532	2.4262077420541	3.36526795580094	0.912065032228438	10.436114566272	0.01585	0.201654007490637
ENSDARG00000054103	3	6.45099341314664	3.43755123666546	6.91558267666178	1.07201825110662	11.1734483508621	0.00526	0.0966358844765343
ENSDARG00000054124	8	2.75403969544016	1.62768840302434	2.88599991799744	1.04791514907202	7.7896005772107	0.13177	0.607732524886878
ENSDARG00000054128	3	1.6874364856489	1.96770110303155	0.991265241405528	0.587438549442256	2.92272572768937	0.50479	0.991594935440355
ENSDARG00000054154	21	2.23763102945977	1.74477457455977	1.98994594879342	0.889309239367247	10.2541135698814	0.24369	0.785307287116176
ENSDARG00000054155	7	4.10263171144708	3.97220487982196	1.35727257680279	0.330829738632341	10.8545432293763	0.10719	0.561492444673186
ENSDARG00000054162	1	2.19315229999806	2.19315229999806	NA	NA	2.19315229999806	0.34183	0.883704785369571
ENSDARG00000054164	7	2.33108839235341	2.05834714386872	1.33423639815477	0.572366282862301	6.16748017027647	0.43372	0.9481322895189
ENSDARG00000054172	6	1.1503158463696	0.855118549730153	1.14255434976362	0.99325272564881	2.81768686664328	0.97277	1
ENSDARG00000054177	23	1.5255985463322	0.913058546118125	1.24088596970835	0.813376476197918	7.31651360042005	0.9654	1
ENSDARG00000054186	19	1.9350465778011	1.68289588439128	1.27583690742036	0.659331368069789	8.4346724836792	0.66253	1
ENSDARG00000054191	17	3.50963137289452	3.44029081972955	2.35878867518516	0.672090149809601	14.4705808574256	0.95934	1
ENSDARG00000054199	2	0.564517175069712	0.564517175069712	0.798347845176133	1.4142135623731	0.798347845176133	0.91424	1
ENSDARG00000054201	9	2.55232964886205	3.16075974157119	1.82635499700554	0.715563915429114	7.65698894658615	0.4922	0.984706012173572
ENSDARG00000054203	3	0.376344783379808	0	0.65184828597733	1.73205080756888	0.651848285977331	0.98796	1
ENSDARG00000054208	12	1.69691988348884	1.51066759576575	1.27281912184517	0.750076143387672	5.87830290915308	0.67035	1
ENSDARG00000054213	20	2.22476738373099	2.25628915526728	1.53601859356375	0.690417616149966	9.94946220829372	0.73111	1
ENSDARG00000054220	1	0.586213345141312	0.586213345141312	NA	NA	0.586213345141312	1	1
ENSDARG00000054224	13	1.11640230323677	0.425997798309814	1.01494807455794	0.909123952553046	4.02524574836629	0.97974	1
ENSDARG00000054251	6	3.42765277806188	3.25895561297066	2.50760543281304	0.731580937504099	8.39600032168485	0.04396	0.359377413654618
ENSDARG00000054253	10	2.52128731908905	2.150504493443	1.46764531272157	0.58210157232371	7.97301056402113	0.19767	0.724518199495859
ENSDARG00000054255	3	1.32855193934813	1.1692680663301	0.617792907455857	0.465012235621729	2.30111945944512	0.70711	1
ENSDARG00000054259	9	1.32883074240878	0.803895425226111	1.28458246648292	0.966701345390574	3.98649222722634	0.92137	1
ENSDARG00000054272	15	2.38656258877989	2.26327857870847	1.47534671899589	0.618188991117196	9.24311716102619	0.80067	1
ENSDARG00000054290	37	3.30908153152533	2.62458175154799	3.01563967089841	0.911322263343673	20.1283571496641	0.74908	1
ENSDARG00000054292	4	6.95717582531425	3.90816559099252	6.59068709788492	0.947322198456474	13.9143516506285	0.00158	0.0395116461916462
ENSDARG00000054302	4	1.03118494722628	0.691172992287757	1.19271274071479	1.15664289313279	2.06236989445256	0.86364	1
ENSDARG00000054307	9	1.85367400834679	1.57968384757476	1.69609368596305	0.914990272467446	5.56102202504037	0.50641	0.992345202156334
ENSDARG00000054320	16	2.20563747329831	2.03316106535784	1.52296350196552	0.690486773281051	8.82254989319322	0.99784	1
ENSDARG00000054324	10	12.4222501383652	11.4638206859831	8.02162697449601	0.645746695256265	39.2826041015758	0	0
ENSDARG00000054332	16	2.03896655890899	2.25562140253444	1.20330540439803	0.590154556061916	8.15586623563595	0.68766	1
ENSDARG00000054337	10	1.55010790808026	1.1819180163476	0.876913285397509	0.565711122965323	4.90187160857254	0.86151	1
ENSDARG00000054344	2	7.11737468588628	7.11737468588628	2.63069809095347	0.369616355335364	10.0654878092713	0.01803	0.217979834710744
ENSDARG00000054355	9	5.01836250951137	0.958085882858806	8.46475007075448	1.68675540172937	15.0550875285341	0.02866	0.285801429970617
ENSDARG00000054362	7	3.60799707694243	2.22575529786924	4.31372405693936	1.19560076267994	9.54586299663765	0.15588	0.655597785123967
ENSDARG00000054363	10	2.45171126320731	1.96896343727891	1.94552541934965	0.793537741799389	7.75299175682366	0.19694	0.723630079422383
ENSDARG00000054378	10	2.18005225153208	2.11210987116542	1.36879676220663	0.627873373789401	6.89393053301967	0.96402	1
ENSDARG00000054423	21	1.86541046288093	1.81776120317886	1.12287500883616	0.601945272196016	8.54838464831447	0.55119	1
ENSDARG00000054438	11	1.96829586123076	1.04782277521322	1.81699585447464	0.923131471372647	6.52809884811186	0.4305	0.946110332326284
ENSDARG00000054442	5	1.9550099091267	1.18222964175358	1.20351081858741	0.615603436570314	4.37153505349298	0.94413	1
ENSDARG00000054446	11	1.10116021048878	0.353793718710198	1.32159345074753	1.20018271470316	3.65213525226005	0.97881	1
ENSDARG00000054454	17	3.14836833118373	2.73533727820055	1.82068530156517	0.578294884855683	12.9810551778201	0.51759	0.999057655983311
ENSDARG00000054458	27	3.98555055761076	2.01979649104565	8.41404490133281	2.11113741494646	20.7095281857489	0.00041	0.0141938095238095
ENSDARG00000054501	15	3.01346693787144	1.76095743885143	4.02322485308935	1.33508179649422	11.6711072647227	0.05219	0.390293769287289
ENSDARG00000054530	11	1.04406988846035	1.00415155442692	0.784141552720485	0.751043164243375	3.46278807493118	0.98394	1
ENSDARG00000054533	31	1.54381557532799	1.04338676606664	1.3928925151571	0.902240227017515	8.5956013430931	0.94808	1
ENSDARG00000054540	3	0.981854121076777	0.881028429036563	0.734903925128701	0.748485858900045	1.70062122332586	0.86645	1
ENSDARG00000054562	2	4.16285617735935	4.16285617735935	3.46944483296626	0.833428945212096	5.88716766423022	0.06135	0.425121904761905
ENSDARG00000054570	20	1.08624667120435	0.498874452793366	1.66530195498472	1.53307899497483	4.8578427942916	0.99949	1
ENSDARG00000054575	2	3.09230552936228	3.09230552936228	3.06160929969241	0.990073351621177	4.37318041862545	0.16328	0.665544189026832
ENSDARG00000054578	3	1.6312818372949	1.68672003226782	0.324027197917869	0.198633485955555	2.82546302365908	0.92534	1
ENSDARG00000054583	14	1.6084845355365	1.47665208467841	1.12697079535219	0.700641361762484	6.01839804390179	0.75354	1
ENSDARG00000054584	1	0.541345360368685	0.541345360368685	NA	NA	0.541345360368685	1	1
ENSDARG00000054610	4	1.85528663167687	1.80349206739344	1.36471761701095	0.735583167425444	3.71057326335374	0.53052	1
ENSDARG00000054616	2	2.96397053320338	2.96397053320338	0.647666472344707	0.218513127944199	4.19168732653044	0.19612	0.722479601882012
ENSDARG00000054632	18	1.88020865774544	1.40900258709921	2.45763637760763	1.30710831879404	7.97704975162473	0.52222	1
ENSDARG00000054666	15	1.56983028137159	1.35165069132102	1.16453791365899	0.741824086003436	6.07992653612426	0.74129	1
ENSDARG00000054690	2	2.37001635866644	2.37001635866644	0.0521983318178653	0.0220244605599416	3.35170927747217	0.23752	0.776137743589744
ENSDARG00000054696	3	2.82456387422491	1.6463731910251	3.38358589559209	1.19791445556195	4.89228813938112	0.67255	1
ENSDARG00000054707	13	2.3508564430603	1.82212547913543	1.66426937461594	0.707941728866023	8.47613344670881	0.28169	0.829461365345675
ENSDARG00000054746	22	1.06293086999357	0.982080478597003	0.92359265100526	0.868911306537598	4.98558770422068	0.99747	1
ENSDARG00000054755	1	2.23752825687873	2.23752825687873	NA	NA	2.23752825687873	0.38182	0.915420871203202
ENSDARG00000054777	3	1.51380846368726	1.31793152440493	0.485279821742577	0.320568839046227	2.62199317203412	0.74008	1
ENSDARG00000054778	7	1.70914866085077	1.70528814162177	0.891511915480031	0.521611686508452	4.52198231025021	0.55446	1
ENSDARG00000054789	16	1.90561021846032	1.6839750083045	1.50277217385067	0.788604174816437	7.62244087384129	0.48557	0.980303166864843
ENSDARG00000054794	8	2.93803018523704	2.39482896555677	2.35950612369566	0.803091178420037	8.31000426924752	0.6756	1
ENSDARG00000054814	6	1.86726887084851	1.33372440746785	2.13038788044617	1.14091115302431	4.57385594616175	0.46467	0.968863311555737
ENSDARG00000054823	3	1.62138387141333	1.88038134683448	1.07097149130116	0.660529261566921	2.8083192438606	0.72876	1
ENSDARG00000054833	14	2.66661554366572	1.86848638873095	2.22118069371572	0.832958728899604	9.97756174664305	0.60357	1
ENSDARG00000054835	7	1.59605805500854	0.57210937755394	2.73394189768225	1.71293386797739	4.22277269157404	0.61828	1
ENSDARG00000054842	1	2.53910534262441	2.53910534262441	NA	NA	2.53910534262441	0.2378	0.776137743589744
ENSDARG00000054848	8	1.48891500235174	1.29886782895628	0.686409530283192	0.461013240647725	4.21128757909321	0.71503	1
ENSDARG00000054849	20	4.06602084554504	3.97507852938277	2.81933190571482	0.693388453432018	18.1837980171398	0.00774	0.125843003194888
ENSDARG00000054858	15	2.72384505417033	2.21199217785494	2.04655423651857	0.751347523745964	10.5494065324511	0.27178	0.820725684647303
ENSDARG00000054864	18	4.65235607262307	3.33253790551428	4.29240182951191	0.922629687519121	19.7382751646771	0.36959	0.909903005008347
ENSDARG00000054874	7	2.1466570984041	0.87717919439448	1.93733469163009	0.902489127429977	5.67952083250877	0.55294	1
ENSDARG00000054879	6	1.64278501110494	1.45478983818466	1.46540444359794	0.892024478974462	4.02398503429951	0.81935	1
ENSDARG00000054906	8	1.00072119643403	0.744829058309986	0.990435909320189	0.989722125252779	2.83046697630246	0.99776	1
ENSDARG00000054911	1	0.166836896591924	0.166836896591924	NA	NA	0.166836896591924	1	1
ENSDARG00000054914	1	0.775047264124461	0.775047264124461	NA	NA	0.775047264124461	0.85986	1
ENSDARG00000054941	1	0.31745712601133	0.31745712601133	NA	NA	0.31745712601133	1	1
ENSDARG00000054942	1	3.25200367803084	3.25200367803084	NA	NA	3.25200367803084	0.20898	0.738541125
ENSDARG00000054957	17	2.09868662573827	2.30143614299337	0.901521543479875	0.429564629813533	8.65310663299002	0.32466	0.869805075019742
ENSDARG00000054973	3	1.51649288432544	1.69833531600043	1.43424355827858	0.945763460615613	2.62664272496833	0.70751	1
ENSDARG00000054978	13	3.16362972238242	2.01419555653268	3.23334886319109	1.0220377057136	11.4066291806317	0.27773	0.825739895165987
ENSDARG00000054980	4	1.63779006578852	1.09314380841075	2.02820158296731	1.23837702116652	3.27558013157704	0.72932	1
ENSDARG00000054984	7	2.4043548854219	2.19315229999806	1.70174652676035	0.707776766682151	6.36132509036956	0.24928	0.790396211838006
ENSDARG00000055009	11	1.51948323760738	1.51348207269889	0.61952889342686	0.407723414180196	5.03955577437813	0.75473	1
ENSDARG00000055011	4	2.00768132501889	1.83967768109101	0.7570945400393	0.377098960180931	4.01536265003779	0.38426	0.916783469292077
ENSDARG00000055026	7	1.93414119449184	1.79709874247389	1.27658607520342	0.660027343835577	5.11725660111083	0.42787	0.944460151745068
ENSDARG00000055053	13	2.08336704466593	1.66871728755481	1.10497972862381	0.530381687400163	7.51168670515488	0.36694	0.906513619602135
ENSDARG00000055054	14	1.79474097247559	1.73200897413033	0.915450078064256	0.510073649681894	6.71530581700914	0.96237	1
ENSDARG00000055064	7	3.88990127573186	3.98901486467223	2.91478452452674	0.749320951334	10.2917114001794	0.71665	1
ENSDARG00000055070	3	2.96859004002431	3.43303103519502	1.48499452060063	0.500235633947106	5.14174877616503	0.15224	0.644620773388773
ENSDARG00000055076	33	2.83233854869664	2.41522968320735	1.96927146929436	0.695281102677699	16.2705462291925	0.08205	0.490085035211268
ENSDARG00000055080	1	0.623677269447383	0.623677269447383	NA	NA	0.623677269447383	0.80015	1
ENSDARG00000055086	6	1.13279760608464	1.00237170770112	0.810218900563201	0.715237122863998	2.77477611675366	0.95672	1
ENSDARG00000055092	10	1.15152655681597	0.82374351671857	0.853125164064921	0.740864515034598	3.64144670570974	0.98463	1
ENSDARG00000055100	25	2.59075379447027	2.33035341889989	2.06621129776623	0.797532865599336	12.9537689723513	0.42339	0.942232689112374
ENSDARG00000055108	12	2.37532814195856	1.31793152440493	3.18949590767182	1.34276012283589	8.22837805304082	0.27854	0.825739895165987
ENSDARG00000055113	15	1.91020075107946	2.11544911295604	1.09602970689437	0.573777235861207	7.39817569684363	0.69676	1
ENSDARG00000055115	15	3.4661383810262	3.15863330351279	2.43369038885012	0.702133071827787	13.4242962253648	0.13088	0.606049426751592
ENSDARG00000055118	4	0.646959556660347	0.802878874022193	0.463217298716764	0.71599112177572	1.29391911332069	0.96613	1
ENSDARG00000055124	12	2.02936491872009	1.55633004080783	1.33493380196183	0.657808652178619	7.02992629264216	0.97291	1
ENSDARG00000055129	6	2.67687378384062	2.72390151527108	1.21289017760615	0.453099501712766	6.55697487624279	0.29764	0.844931973392461
ENSDARG00000055132	16	3.5678757595587	2.43242478246453	2.93403613462757	0.822348179239984	14.2715030382348	0.04954	0.379111368421053
ENSDARG00000055154	31	3.472124395761	3.34188495543872	2.28164392715751	0.657131965071035	19.3319704740308	0.02764	0.281038881118881
ENSDARG00000055159	1	14.41053189276	14.41053189276	NA	NA	14.41053189276	0.00516	0.0954881454545454
ENSDARG00000055190	6	1.47971184683231	1.46591928057153	0.867794825447512	0.586462038068588	3.6245389910905	0.75914	1
ENSDARG00000055206	3	3.50730719652063	2.63411354615904	2.08530733017188	0.594560787900351	6.07483426212569	0.20334	0.729769767605634
ENSDARG00000055216	1	32.8336426985973	32.8336426985973	NA	NA	32.8336426985973	0.00389	0.0779378346456693
ENSDARG00000055225	20	2.23370987516707	1.13464087352715	2.25723767583449	1.01053306023713	9.98945424577227	0.39781	0.927282350251486
ENSDARG00000055229	13	4.94088693833285	5.05851921294379	2.98418033729045	0.603976649240506	17.8146212024294	3e-04	0.0112671586715867
ENSDARG00000055232	1	1.42405447347082	1.42405447347082	NA	NA	1.42405447347082	0.59782	1
ENSDARG00000055250	2	2.27944556820904	2.27944556820904	0.863700217426016	0.378908024596799	3.22362283725247	0.27608	0.824507542521994
ENSDARG00000055270	10	2.44107738148378	2.34970585454095	1.56708152779767	0.641963069128574	7.71936447020847	0.1916	0.71548427732942
ENSDARG00000055279	21	1.64747035653135	1.62007730573395	1.0094187251169	0.612708277945692	7.5496576140008	0.81963	1
ENSDARG00000055283	5	2.7699306287296	2.69771189488715	0.548583375666965	0.198049499860063	6.19375317879811	0.27468	0.822988825434207
ENSDARG00000055288	8	2.26624259141615	2.06793722766604	1.14780870733003	0.506480952956045	6.40990201681654	0.55645	1
ENSDARG00000055290	12	1.13289819671226	1.22955165279142	0.74431667498401	0.657002259465205	3.92447447301758	0.98546	1
ENSDARG00000055292	28	2.19279019806935	1.54210501327889	2.40278326788564	1.09576523554382	11.6031550828631	0.28527	0.832180584694755
ENSDARG00000055302	15	2.11706144332417	2.46556228994829	1.55941278010378	0.736593066309505	8.19934371289234	0.93725	1
ENSDARG00000055307	1	18.7304692670128	18.7304692670128	NA	NA	18.7304692670128	0.00014	0.00622235807860262
ENSDARG00000055338	6	2.03534328615154	1.59654189463413	1.64459471043897	0.808018343455269	4.98555250247081	0.37006	0.909903005008347
ENSDARG00000055339	9	3.92112099842491	3.42256854700796	2.74229062490919	0.699363938529504	11.7633629952747	0.00905	0.137890568862275
ENSDARG00000055344	15	1.77850937534067	1.32260088550779	1.25711622449214	0.706836996150974	6.88813719176818	0.75941	1
ENSDARG00000055349	12	1.73148422269387	1.04512593234832	2.49481489714082	1.44085338141825	5.99803729241938	0.90436	1
ENSDARG00000055350	15	7.82978345368842	6.36935001090275	8.4376370335985	1.0776335110039	30.3246209205456	0	0
ENSDARG00000055357	10	6.40242545138535	6.25131032081943	3.27071550354814	0.510855694983598	20.2462469758094	0.00378	0.0761838415841584
ENSDARG00000055359	4	0.345774833884695	0.345774833884695	0.399266386844654	1.15470053837925	0.69154966776939	0.99464	1
ENSDARG00000055377	3	2.221064032859	1.28063326167805	2.27110319210596	1.02252936363233	3.84699575177561	0.32409	0.868964178082192
ENSDARG00000055395	2	2.36127348855965	2.36127348855965	2.45733213899678	1.04068086602528	3.33934499199309	0.24049	0.780778526785714
ENSDARG00000055398	3	1.26300942348396	1.28063326167805	1.2542903689995	0.993096603776388	2.1875964919125	0.70318	1
ENSDARG00000055400	8	2.50249291428152	1.6952194168717	2.18113731388477	0.871585810068515	7.07811883823898	0.51058	0.994770911179173
ENSDARG00000055412	1	2.89017384886327	2.89017384886327	NA	NA	2.89017384886327	0.20794	0.736912715877437
ENSDARG00000055416	3	1.70706957609666	1.79709874247389	0.277818946807042	0.162746118082835	2.95673123785448	0.49178	0.984333695181907
ENSDARG00000055426	6	0.863200159245349	0.645024187853428	0.850034941871045	0.984748360813772	2.11439993604029	0.98082	1
ENSDARG00000055433	4	1.47876295047952	1.51865487887197	0.726091637852171	0.491012868300982	2.95752590095903	0.83306	1
ENSDARG00000055443	1	1.82191844882069	1.82191844882069	NA	NA	1.82191844882069	0.45835	0.964008008264463
ENSDARG00000055474	1	2.82048305963092	2.82048305963092	NA	NA	2.82048305963092	0.26246	0.807288570565125
ENSDARG00000055502	29	2.57527188100421	1.99633999041207	1.77862074515561	0.690653580414215	13.868263502387	0.71328	1
ENSDARG00000055524	5	3.48770522771284	4.02661683323653	2.34492001371875	0.672338933659397	7.79874597464729	0.53615	1
ENSDARG00000055534	1	0.50545169256105	0.50545169256105	NA	NA	0.50545169256105	1	1
ENSDARG00000055543	1	9.4665201705111	9.4665201705111	NA	NA	9.4665201705111	0.01826	0.21890492343934
ENSDARG00000055552	8	2.1258867501915	1.70800919970974	1.59819167743069	0.751776489169392	6.01291574838016	0.5594	1
ENSDARG00000055554	5	3.87573324153787	2.18641395806165	3.96106292010646	1.022016396189	8.66640299073429	0.04366	0.358653333333333
ENSDARG00000055561	8	1.9900037268243	1.54996721689942	1.85298735482513	0.931147680704181	5.62858051929587	0.39048	0.922300092785897
ENSDARG00000055565	10	3.06750586405601	3.60140812874994	1.45689740202143	0.474945270388187	9.70030526633982	0.10068	0.543024332627119
ENSDARG00000055570	8	1.51658582946069	1.43291668740239	1.3876823530355	0.915004166647773	4.2895524970523	0.87838	1
ENSDARG00000055585	16	2.31869617546181	2.03817271557312	1.82388477669879	0.786599294897068	9.27478470184724	0.26307	0.808158998189499
ENSDARG00000055610	3	2.33176251453095	1.42579946951914	1.68998061229208	0.72476532312384	4.03873114635217	0.26168	0.805986735249622
ENSDARG00000055620	6	2.51772301425633	1.90468237113427	2.2701017960754	0.901648745005386	6.16713669859003	0.21234	0.74246309540151
ENSDARG00000055672	19	1.62369415323351	1.44343139942018	0.846948000615992	0.521617940749084	7.07751872916272	0.87342	1
ENSDARG00000055676	2	2.28317931703368	2.28317931703368	1.38069044015966	0.604722734591629	3.22890315547877	0.44117	0.953040721102863
ENSDARG00000055678	18	2.15439427779078	1.92632764227981	2.09850315054015	0.974057150157331	9.14032081905212	0.79832	1
ENSDARG00000055698	33	1.64701342406041	1.62015164526201	1.18858461076696	0.721660548361969	9.46137179420415	0.99641	1
ENSDARG00000055719	9	1.80260869241249	1.99671672964183	1.23227311744763	0.683605445061089	5.40782607723747	0.77818	1
ENSDARG00000055723	8	4.78659410026845	3.3149615113721	5.21226327326089	1.08892944838765	13.5385325883494	0.00135	0.0353221079691517
ENSDARG00000055737	7	1.31501747771229	1.45393686957526	0.707901035599133	0.538320628886738	3.47920921573015	0.96655	1
ENSDARG00000055739	5	1.67426571744909	1.00415155442692	1.09089888068956	0.651568546927931	3.74377195661363	0.56709	1
ENSDARG00000055740	4	0.799263422786062	0.726441612540885	0.758493322757197	0.9489904093362	1.59852684557212	0.99356	1
ENSDARG00000055750	1	1.12903435013942	1.12903435013942	NA	NA	1.12903435013942	0.76916	1
ENSDARG00000055751	7	2.28273492449027	2.76944929898392	1.15769585759693	0.507152996686833	6.03954891928307	0.32956	0.873554268610099
ENSDARG00000055753	3	2.74812309325614	2.21594303954923	1.89905134219857	0.69103576432177	4.75988882297299	0.25888	0.802583198294243
ENSDARG00000055754	9	1.45983422269579	0.908646593915662	1.17415678538125	0.804308302358472	4.37950266808737	0.98163	1
ENSDARG00000055757	2	1.29628321899156	1.29628321899156	1.29107026538353	0.995978538075889	1.83322130897452	0.76931	1
ENSDARG00000055759	13	2.99005068981762	3.03777869326592	1.28457703727972	0.429617143834464	10.7807810783739	0.30712	0.849307986977754
ENSDARG00000055760	18	1.6043149978767	1.0781341773012	1.46392777846112	0.912493980545354	6.80653208494738	0.82982	1
ENSDARG00000055763	14	1.89866784993637	1.08696437402322	1.86448426537587	0.981996016543048	7.10416458574463	0.77467	1
ENSDARG00000055770	6	1.08121364072451	0.994683502202142	1.0600789627664	0.980452819718451	2.64842172271196	0.90216	1
ENSDARG00000055784	1	0.982080478597003	0.982080478597003	NA	NA	0.982080478597003	0.80596	1
ENSDARG00000055787	5	1.75534835234083	1.38555567604735	1.65446814624031	0.942529808418941	3.92507824002635	0.51821	1
ENSDARG00000055791	1	2.03524787935627	2.03524787935627	NA	NA	2.03524787935627	0.47927	0.97776206662677
ENSDARG00000055825	24	1.64272904108803	1.05120742491684	1.77167883952917	1.07849730248619	8.04769587263437	0.86923	1
ENSDARG00000055839	2	1.21043954394138	1.21043954394138	1.02925059041442	0.850311438986051	1.71182001947461	0.79359	1
ENSDARG00000055843	4	4.61871413560057	5.20071911514521	2.20836869838564	0.478134959980261	9.23742827120115	0.02844	0.285766923076923
ENSDARG00000055854	15	1.32473335770498	1.17193618839342	0.855417524879613	0.645728077959455	5.13067023255683	0.99468	1
ENSDARG00000055855	4	2.45502421603862	0.561853296012959	4.09965840549083	1.66990548553771	4.91004843207725	0.78267	1
ENSDARG00000055857	1	0	0	NA	NA	0	1	1
ENSDARG00000055868	1	19.8263910710332	19.8263910710332	NA	NA	19.8263910710332	0.00011	0.0051356880733945
ENSDARG00000055885	13	2.18847171393362	1.60606811856494	2.08106413093757	0.950921192029944	7.89064697949022	0.38763	0.919741346064276
ENSDARG00000055889	1	1.12903435013942	1.12903435013942	NA	NA	1.12903435013942	0.76924	1
ENSDARG00000055893	1	1.79709874247389	1.79709874247389	NA	NA	1.79709874247389	0.50883	0.992901365030675
ENSDARG00000055899	4	2.02079640286723	1.55781535349945	1.44026685106427	0.712722394507796	4.04159280573447	0.44922	0.958092478525037
ENSDARG00000055900	15	2.08385533177418	1.48728884198193	1.8699520239199	0.897352131603032	8.07073699586692	0.72825	1
ENSDARG00000055901	10	3.2505838961938	2.35498603115381	2.82856719547237	0.870172032410676	10.2792488374367	0.03438	0.317671392405063
ENSDARG00000055903	17	3.11512895444089	2.89128684389224	2.83638016238368	0.910517735819628	12.8440057165797	0.48308	0.97850301489573
ENSDARG00000055912	6	1.98394387747047	2.02985955983358	0.654428771766008	0.329862542583818	4.8596501781214	0.42479	0.943079938931298
ENSDARG00000055917	4	0.62760280448002	0.523911387606611	0.744212424923258	1.18580162422928	1.25520560896004	0.96932	1
ENSDARG00000055930	15	2.25925386625618	1.8729424654955	1.78171563729067	0.788630115412024	8.75005259886489	0.65813	1
ENSDARG00000055938	5	3.61536844176853	1.03229836791511	5.21138384333546	1.44145304338227	8.08420959950193	0.04859	0.375743629460896
ENSDARG00000055945	31	2.66023410711714	1.8624374809763	2.03685259428377	0.765666671528798	14.8115566583918	0.10438	0.553664106305367
ENSDARG00000055955	1	1.83056614575414	1.83056614575414	NA	NA	1.83056614575414	0.42319	0.942232689112374
ENSDARG00000055969	2	1.26439012088166	1.26439012088166	0.483205658288187	0.382165006122674	1.7881176570814	0.74857	1
ENSDARG00000055970	17	1.24641251346339	1.08612743914641	0.932621889748661	0.748244966794499	5.13909044610114	0.96352	1
ENSDARG00000055989	5	1.43100207913784	1.57275094726751	0.900862809746348	0.62953284476645	3.19981792489574	0.76642	1
ENSDARG00000055996	5	4.68377019451791	2.43084413127894	5.59219598889276	1.19395182868667	10.4732285459295	0.21451	0.743894095238095
ENSDARG00000055999	18	1.75797212439635	1.38498285798353	1.35220499939803	0.769184551127253	7.45844406178547	0.95622	1
ENSDARG00000056001	27	3.32998389703971	2.18916335197559	4.83707876054682	1.45258322865972	17.3031038941769	0.10121	0.545034592592593
ENSDARG00000056004	6	1.46834629763591	0.853312227758733	1.59467597476921	1.08603534284569	3.59669919491282	0.97443	1
ENSDARG00000056005	10	2.06405857845608	1.5838841006787	1.61676185844212	0.783292623241083	6.52712633193056	0.917	1
ENSDARG00000056008	1	0.588012108232607	0.588012108232607	NA	NA	0.588012108232607	0.94735	1
ENSDARG00000056024	2	1.56981864571249	1.56981864571249	0.562690767370953	0.358443167245963	2.22005881923276	0.54112	1
ENSDARG00000056030	1	0	0	NA	NA	0	1	1
ENSDARG00000056034	3	3.17005273748169	2.26283312290823	1.77766675543147	0.560768827096441	5.49069240399109	0.22976	0.766987383606557
ENSDARG00000056050	4	3.33430149121044	3.29529027002748	0.918164830479989	0.275369468807895	6.66860298242087	0.22964	0.766987383606557
ENSDARG00000056059	7	1.11861230062945	0.679490609258273	0.973023098198671	0.869848380579355	2.95956996096334	0.93348	1
ENSDARG00000056075	17	5.02848469036266	5.08827525559234	3.91450958087119	0.778467037669129	20.7329735151666	0.00053	0.0179213953488372
ENSDARG00000056079	12	3.11357654239894	3.12647873538805	1.0305398279771	0.330982654173998	10.7857455293792	0.0372	0.331496748251748
ENSDARG00000056080	5	1.47186693030971	0.879365306750311	0.984284166411421	0.668731762459196	3.29119451000646	0.81437	1
ENSDARG00000056089	7	5.12799377889997	4.81248153422567	4.26447099921202	0.831606117924506	13.5673962636557	0.00239	0.0546638651685393
ENSDARG00000056092	5	1.57229796172617	0.803895425226111	1.55037029024355	0.986053742982311	3.51576512330408	0.72071	1
ENSDARG00000056099	2	6.14527399320381	6.14527399320381	3.27668435658634	0.53320394830403	8.69072982568749	0.0228	0.249475789473684
ENSDARG00000056101	11	3.98682853303581	3.03040706815801	2.40829695925244	0.604063339894535	13.2228143475628	0.028	0.282722222222222
ENSDARG00000056105	2	2.88713951550664	2.88713951550664	0.609744376046068	0.211193249502205	4.08303185929278	0.71298	1
ENSDARG00000056108	4	3.75257017966344	3.9989762298894	1.97236776023195	0.52560449659834	7.50514035932689	0.59928	1
ENSDARG00000056119	1	0.674665346913966	0.674665346913966	NA	NA	0.674665346913966	0.93223	1
ENSDARG00000056121	6	3.43222455389368	4.06260990713308	1.42462030939467	0.415071999813797	8.40719883969114	0.04131	0.350085911740216
ENSDARG00000056122	11	1.88112974687394	2.08831244924846	1.09316894380674	0.581123628300155	6.23900155235709	0.99967	1
ENSDARG00000056125	1	0.805998257847476	0.805998257847476	NA	NA	0.805998257847476	0.849	1
ENSDARG00000056127	7	3.03535087219025	1.94493897191204	2.75978429225073	0.909214258402793	8.03078354963839	0.1345	0.613094655326768
ENSDARG00000056128	13	2.18919733035733	1.43956230368816	2.40569945475424	1.09889566435821	7.89326322671222	0.27824	0.825739895165987
ENSDARG00000056130	1	0	0	NA	NA	0	1	1
ENSDARG00000056133	3	0.778672612771732	0.50545169256105	0.945373131057719	1.21408293492256	1.34870052778305	0.90179	1
ENSDARG00000056150	5	2.56521991142256	1.46258844270686	2.73010579421398	1.06427748438144	5.73600609917683	0.18575	0.704645359672009
ENSDARG00000056152	12	2.73133703868585	2.2609548534721	3.17347922745317	1.16187756490867	9.46162904719723	0.08869	0.508555954929578
ENSDARG00000056165	11	2.72110086948177	2.39413149272844	1.8982430903486	0.697601147990563	9.02487060078087	0.31116	0.853405141471302
ENSDARG00000056175	5	2.22289518611614	1.31995317344508	2.18394597164983	0.982478159694803	4.97054474301275	0.55516	1
ENSDARG00000056186	8	1.78802579727595	1.75372354468063	0.738041104250225	0.412768711376886	5.05730066476124	0.90157	1
ENSDARG00000056191	3	1.79529011398025	1.26136120626724	1.04149413516724	0.580125812010515	3.10953369173991	0.44391	0.956279644444444
ENSDARG00000056200	14	2.32773532442636	2.43405389593512	1.99476161552991	0.856953793069876	8.70958807109452	0.28339	0.830441594703512
ENSDARG00000056204	6	1.88122067726954	1.80567194742223	0.838988258710518	0.445980776656279	4.60803075288335	0.51525	0.997947573739296
ENSDARG00000056206	12	3.01393973756154	2.42198206101367	2.01818672273142	0.669617476945392	10.4405935128148	0.86016	1
ENSDARG00000056210	2	3.34149484801886	3.34149484801886	2.70920238564976	0.810775568681791	4.72558733266809	0.13929	0.620978370565046
ENSDARG00000056211	3	2.61112816571171	2.62504894701019	1.91265610224612	0.732501807978006	4.5226066480868	0.19768	0.724518199495859
ENSDARG00000056213	2	3.15566944669664	3.15566944669664	0.0528146377194629	0.0167364290245131	4.46279052988479	0.12505	0.597169803001876
ENSDARG00000056218	15	3.13591884116222	2.85791122165621	2.06864150845236	0.6596604099887	12.1453614468793	0.05283	0.392771176040906
ENSDARG00000056228	10	1.96336253380668	1.6241671823548	1.55920505216396	0.794150354464026	6.20869747946846	0.41994	0.941827146923582
ENSDARG00000056230	1	1.12903435013942	1.12903435013942	NA	NA	1.12903435013942	0.76814	1
ENSDARG00000056233	7	3.42371647861097	3.1680428406548	1.95584676162148	0.571264231089305	9.05830236199842	0.0362	0.325085679012346
ENSDARG00000056244	3	0.74887491588722	1.01628741068726	0.467681796053738	0.62451256696141	1.29708940283054	0.95571	1
ENSDARG00000056245	2	1.32102627515853	1.32102627515853	1.49585259944266	1.13234129219962	1.8682132745804	0.7625	1
ENSDARG00000056247	8	2.77376452549742	2.45844392241363	1.18586350858636	0.427528543856369	7.84539082157564	0.19601	0.722479601882012
ENSDARG00000056252	18	3.56488170653045	3.39164995110088	2.71304571642446	0.761047894367566	15.1245121728933	0.01672	0.210470987654321
ENSDARG00000056262	20	2.09198285982778	1.81911091681462	1.12903520145031	0.539696200734289	9.35563176467867	0.935	1
ENSDARG00000056267	17	2.10440324116404	1.74648358011313	1.3663792798332	0.64929536939764	8.6766768422115	0.65792	1
ENSDARG00000056268	14	1.66239933468585	1.5363651408429	1.16682288554066	0.7018908520925	6.2201287503954	0.77325	1
ENSDARG00000056270	9	1.523217036994	1.65141280499346	0.861219170049314	0.565394916898311	4.569651110982	0.9047	1
ENSDARG00000056281	4	3.55075799133901	1.95671324038689	4.58628922814425	1.29163667006625	7.10151598267803	0.07065	0.455399430018999
ENSDARG00000056294	3	2.6237085316268	3.47965116096123	2.31748576359713	0.883286285676024	4.54439648102955	0.54465	1
ENSDARG00000056307	2	2.06502142398441	2.06502142398441	0.770899450684096	0.373313052218443	2.92038130438976	0.70284	1
ENSDARG00000056318	1	0.841000624206828	0.841000624206828	NA	NA	0.841000624206828	0.84463	1
ENSDARG00000056322	1	3.00590195365905	3.00590195365905	NA	NA	3.00590195365905	0.17434	0.684209575944487
ENSDARG00000056328	12	1.9965351592427	2.26122903003088	1.34371825053847	0.673025087646417	6.91620066981196	0.42326	0.942232689112374
ENSDARG00000056331	10	4.96861214944319	2.9030289861224	7.23383467196135	1.45590648945541	15.7121312022254	0.01556	0.19983790668348
ENSDARG00000056334	13	2.68255735190635	2.40692615306148	1.4058703671175	0.524078400828382	9.67209808167123	0.10699	0.561311453608247
ENSDARG00000056338	7	3.1294878428258	2.80172121693139	1.53898418244322	0.491768704572943	8.27984656311707	0.13869	0.619660588235294
ENSDARG00000056347	12	2.39003728715536	2.55171320067124	1.55054574873003	0.648753790186888	8.27933202667435	0.42445	0.942831099956351
ENSDARG00000056367	8	1.37395617334857	1.22243272539388	0.611400564441712	0.44499277073127	3.88613490891157	0.83738	1
ENSDARG00000056378	4	2.63867453634275	2.33570233600039	1.06801173517692	0.404753113908926	5.2773490726855	0.22107	0.753015362997658
ENSDARG00000056394	22	2.06657734707881	1.86595385953314	1.11091999092964	0.537565164207363	9.69310695763256	0.71979	1
ENSDARG00000056395	1	3.43343630546829	3.43343630546829	NA	NA	3.43343630546829	0.18428	0.701874575383464
ENSDARG00000056396	7	2.05095099519337	2.06808100488002	1.17940958748704	0.575054981933315	5.42630628446208	0.4222	0.941827146923582
ENSDARG00000056407	5	1.84406248159353	2.41172043961231	0.997220536532513	0.540773724581595	4.12344906360009	0.48807	0.981648194389569
ENSDARG00000056414	14	1.58461324016741	1.44112557809611	0.989105765485626	0.624193803518347	5.92907983525216	0.88248	1
ENSDARG00000056427	23	1.33152426450551	0.78754158215765	1.44169847483749	1.08274292348168	6.3857660417713	0.99984	1
ENSDARG00000056438	3	2.30141662199933	0.376513236539816	3.37122756372074	1.46484888111742	3.98617051868638	0.40365	0.93110022655188
ENSDARG00000056439	4	2.55825306855882	2.908477186004	1.31687723548686	0.514756437379636	5.11650613711763	0.60672	1
ENSDARG00000056450	4	2.18099815692534	2.16461636657981	1.40642232707362	0.644852597700639	4.36199631385069	0.42063	0.941827146923582
ENSDARG00000056453	3	2.56657719768687	0	4.44544210794142	1.73205080756888	4.44544210794142	0.20639	0.734488608391608
ENSDARG00000056458	2	0.815529851194802	0.815529851194802	0.0692805920187364	0.0849516322636578	1.1533333760798	0.8949	1
ENSDARG00000056475	13	2.52764330858192	2.22650793062059	1.8057219122847	0.714389528836553	9.11354755517556	0.75194	1
ENSDARG00000056477	6	3.43531814133491	3.42241688527446	0.476351421072196	0.138662971368088	8.41477655039684	0.0493	0.378094702784048
ENSDARG00000056478	17	2.44438343191633	2.07964626846941	1.9456161456936	0.795953744527012	10.0784510793008	0.24423	0.786484745333755
ENSDARG00000056479	5	3.23153777576162	2.71263946413934	1.07053768794261	0.331278097991692	7.22593813846146	0.19753	0.724490212612613
ENSDARG00000056483	14	3.05969560611859	1.82256322899596	3.29528242120562	1.07699681452492	11.4483326659134	0.1798	0.693972089495639
ENSDARG00000056490	31	8.56305323683287	3.49228005160267	23.8944430855029	2.79041160023671	47.6770626490543	0	0
ENSDARG00000056491	1	3.06336883915592	3.06336883915592	NA	NA	3.06336883915592	0.21452	0.743894095238095
ENSDARG00000056504	14	2.39971209455432	2.02668602833934	1.81623141443323	0.756853881994766	8.97890048471995	0.29164	0.839692198019802
ENSDARG00000056509	11	3.54553941498966	2.53910534262441	3.25286064536168	0.91745155380572	11.7592239189369	0.03142	0.302547549668874
ENSDARG00000056510	3	4.44130067287186	4.87480125667482	0.957573605548713	0.215606570254907	7.6925584171039	0.03407	0.316679872146119
ENSDARG00000056511	3	0.563716975903791	0.283184283476143	0.499117090324131	0.885403689544581	0.976386443354447	0.97503	1
ENSDARG00000056519	32	1.78155461259209	1.64834113910803	0.985898089658276	0.55339201093804	10.0779947809443	0.78087	1
ENSDARG00000056530	1	2.72341198360104	2.72341198360104	NA	NA	2.72341198360104	0.17072	0.677832587685113
ENSDARG00000056532	3	1.76317390660781	1.74477457455977	0.790453715307861	0.448312961271429	3.05390678882443	0.50122	0.98906652586708
ENSDARG00000056541	4	0.944827548132262	0.898317706083273	0.951355774391322	1.00690943683	1.88965509626452	0.9153	1
ENSDARG00000056549	2	1.71396093753086	1.71396093753086	2.19581567324412	1.28113519110151	2.42390680323385	0.61944	1
ENSDARG00000056550	9	1.15256408025461	1.10098295612561	1.01808252245984	0.883319669510216	3.45769224076382	0.94509	1
ENSDARG00000056557	14	2.53143142585783	2.09950769598851	1.5918270439626	0.628824872640257	9.47174909367264	0.70982	1
ENSDARG00000056559	7	1.99177215314524	1.85324033046778	1.04453881267381	0.524426858275111	5.26973378552597	0.59213	1
ENSDARG00000056566	7	2.16994651627064	2.51745241593244	1.15645788708715	0.532943037266507	5.74113884036308	0.56009	1
ENSDARG00000056582	7	3.11155082834614	2.78803009053664	3.03212815917048	0.974474892567359	8.2323896835409	0.77362	1
ENSDARG00000056590	3	0.785990922856681	0.795620448361982	0.284239949627519	0.361632610965086	1.36137621267572	0.96876	1
ENSDARG00000056601	5	3.44835551389838	0.429619875611211	6.79119576698999	1.96940128116678	7.71075733966299	0.1035	0.551819277108434
ENSDARG00000056603	9	1.9956762575307	1.85311946637375	1.30566014326274	0.654244463918342	5.98702877259211	0.55396	1
ENSDARG00000056605	14	3.01278157723919	2.00699681364378	2.48000663597841	0.823161776716319	11.2727964432135	0.91375	1
ENSDARG00000056615	7	1.89722815549769	2.00385533451091	0.804982353656491	0.424293910737016	5.01959387979667	0.78659	1
ENSDARG00000056618	8	1.72403227138806	0.918047862376849	1.95702678596022	1.1351451004943	4.87629964033177	0.94155	1
ENSDARG00000056620	5	1.34959839942793	1.55219337759296	0.632979007001556	0.469012861359249	3.01779376344576	0.81279	1
ENSDARG00000056624	2	1.76509025427186	1.76509025427186	1.05896713694089	0.599950701885063	2.49621457640384	0.4627	0.96866843685726
ENSDARG00000056627	7	4.9353520542378	2.25751411371177	5.34266957537511	1.08253059085979	13.057714168065	0.01687	0.211456724137931
ENSDARG00000056633	10	1.34838177750632	1.03303719710322	1.19428390456307	0.885716437648509	4.26395757238638	0.9943	1
ENSDARG00000056638	8	2.6044883620037	2.85310948110469	1.17933286800915	0.452807885500345	7.36660552917703	0.15248	0.645029692435578
ENSDARG00000056640	12	2.39148972713059	1.98113616033439	1.83504893209875	0.767324614143552	8.28436342633844	0.2058	0.73333612180609
ENSDARG00000056647	19	1.26083040619506	1.14802068482922	0.828760258378987	0.657313032987539	5.49583232554761	0.99574	1
ENSDARG00000056648	1	4.44875877748681	4.44875877748681	NA	NA	4.44875877748681	0.07863	0.479315622009569
ENSDARG00000056649	9	1.64116828728567	1.29177380535467	0.991207826982148	0.603964769890545	4.923504861857	0.94715	1
ENSDARG00000056651	14	2.68897049471741	1.70387978171099	2.18832633023676	0.813815672033522	10.0612063143766	0.27547	0.824382098765432
ENSDARG00000056653	4	2.81387072400103	3.01378941909639	1.5192793718657	0.539925078613931	5.62774144800206	0.19179	0.71555667888563
ENSDARG00000056656	1	4.87396904672961	4.87396904672961	NA	NA	4.87396904672961	0.05569	0.403425494661922
ENSDARG00000056664	6	1.55416787784213	1.35115316856638	0.536693404934174	0.345325246124209	3.8069182753374	0.89274	1
ENSDARG00000056672	7	0.910565698868409	0.583179468385425	0.821098247243207	0.901745198906146	2.40913039159154	0.97894	1
ENSDARG00000056677	2	0.661271040431457	0.661271040431457	0.526442423178558	0.796106877499235	0.935178473782734	0.90837	1
ENSDARG00000056678	18	1.80015211654205	1.25914555531014	1.825184503873	1.01390570669052	7.63739861264518	0.85648	1
ENSDARG00000056680	2	1.64613652238118	1.64613652238118	1.23468220150284	0.750048483048558	2.32798859546915	0.73344	1
ENSDARG00000056683	8	3.32046300144115	3.6922858551513	2.08509698338987	0.627953686725283	9.3916876199923	0.09067	0.513760122154359
ENSDARG00000056691	11	1.18310096977007	0.858133293909762	0.890637713463589	0.752799411225808	3.92390200583292	0.9985	1
ENSDARG00000056704	8	4.06169252787922	2.37996751738138	3.69093724790604	0.908719018628726	11.4882013182325	0.01302	0.175986135458167
ENSDARG00000056717	19	1.56221922154669	1.54184275175628	1.04657238398912	0.669926710383803	6.80955571437879	0.83084	1
ENSDARG00000056720	9	1.85513599552121	2.19315229999806	0.864259514808922	0.465873939644032	5.56540798656364	0.49249	0.984706012173572
ENSDARG00000056729	1	3.46873138968861	3.46873138968861	NA	NA	3.46873138968861	0.15429	0.650523454846727
ENSDARG00000056740	5	9.95023783930674	2.64882781324598	12.6093338753932	1.26723944482836	22.2494082009805	0.00214	0.0499562385321101
ENSDARG00000056742	14	2.74470886819133	2.78414023493008	1.60948667315759	0.586396135418976	10.2697602112121	0.54762	1
ENSDARG00000056745	1	2.42912861071372	2.42912861071372	NA	NA	2.42912861071372	0.65493	1
ENSDARG00000056762	3	1.2564427260056	1.43956230368816	0.731307311830945	0.582045879763952	2.17622263824204	0.72801	1
ENSDARG00000056764	8	2.01824614583634	2.13090784739614	1.11617148867544	0.553040317197243	5.70846214329796	0.38771	0.919741346064276
ENSDARG00000056774	5	4.08036293585842	3.90223725507078	3.30120332276818	0.809046492839411	9.12396889745005	0.41161	0.937008852605681
ENSDARG00000056783	1	3.43755123666546	3.43755123666546	NA	NA	3.43755123666546	0.14962	0.64092271043771
ENSDARG00000056795	8	2.22472851324168	1.79315963644771	1.79532846428755	0.806987663259441	6.29248247204903	0.34431	0.885169785299318
ENSDARG00000056797	7	2.5137132704308	2.26308615599406	1.27625441853659	0.50771678438801	6.65066018088274	0.69649	1
ENSDARG00000056803	3	2.98650626487013	2.88535885614872	1.6720852881482	0.559880053766072	5.17278058787782	0.2988	0.844931973392461
ENSDARG00000056806	3	1.61444384956224	1.81776120317886	0.363301811875769	0.225032175615324	2.79629877340888	0.55029	1
ENSDARG00000056833	6	1.51674510831233	0.969779842929409	1.392237397349	0.917911249371445	3.71525158522762	0.91257	1
ENSDARG00000056840	11	2.60168493787494	2.83676813123205	1.85907985993142	0.714567637636367	8.62881276165029	0.33283	0.876265063291139
ENSDARG00000056842	6	0.930067679019831	0.525002699911766	0.956590508501782	1.02851709620735	2.27819123985323	0.97113	1
ENSDARG00000056847	13	1.27811018978087	1.57968384757476	0.935120827677686	0.731643355286928	4.60829182494793	0.92009	1
ENSDARG00000056855	8	2.91357496510849	2.96521661999637	0.752409360854651	0.258242664034778	8.24083446129427	0.17062	0.677832587685113
ENSDARG00000056871	7	2.57421569308654	1.84970835136764	2.4241553474405	0.941706382239432	6.81073454494676	0.17573	0.686858655913979
ENSDARG00000056874	4	1.69600823940657	1.76912904802059	1.19256515824099	0.703160002723967	3.39201647881313	0.56279	1
ENSDARG00000056877	2	6.8914479629654	6.8914479629654	4.65663526745643	0.675712171445124	9.7459791736141	0.48244	0.978263944223107
ENSDARG00000056885	10	1.91952566713688	2.10254864090496	1.33787149269342	0.696980256944913	6.07007313530677	0.44834	0.957936952141058
ENSDARG00000056886	6	1.99563983162839	2.01419032256406	1.32422176836168	0.663557495382897	4.88829929786329	0.38992	0.92209606504065
ENSDARG00000056888	12	2.05147219059441	1.55756777536734	2.3659326702452	1.15328527537079	7.10650812884829	0.37525	0.910222712106768
ENSDARG00000056903	1	1.04782277521322	1.04782277521322	NA	NA	1.04782277521322	0.789	1
ENSDARG00000056910	6	4.13612368821989	3.86612193925336	2.32889317253758	0.563061781534847	10.1313925491772	0.0135	0.180010901960784
ENSDARG00000056913	7	1.03595949132353	0.982080478597003	0.829189701561247	0.800407456571379	2.74089118237904	0.93001	1
ENSDARG00000056915	4	3.88607218580605	3.59954554323686	0.904993410972019	0.232881266147738	7.7721443716121	0.07008	0.4530664
ENSDARG00000056923	7	0.827526910622703	0.513495573480458	1.25080557079843	1.51149836306497	2.18943040872125	0.99542	1
ENSDARG00000056926	1	3.07041966318704	3.07041966318704	NA	NA	3.07041966318704	0.27337	0.821967462333826
ENSDARG00000056929	13	2.29394971885186	2.26308615599406	1.65816784352755	0.722844023084116	8.27095333465658	0.36629	0.906198254739913
ENSDARG00000056932	13	2.89109039390473	2.44566415994445	1.93106719382032	0.667937328383635	10.4239746572249	0.07938	0.481770805008945
ENSDARG00000056964	8	1.62257121816912	1.50008995858555	1.18327321397432	0.729258106346483	4.58932444530201	0.74944	1
ENSDARG00000056966	15	1.51218268330988	1.21033581756191	1.14616320870911	0.757952872598946	5.85665834888243	0.88268	1
ENSDARG00000056978	9	1.21644074328666	1.08612743914641	0.956036878870084	0.785929675692219	3.64932222985997	0.95871	1
ENSDARG00000056979	6	1.63232336343734	1.45552052155636	1.04662809430476	0.641189189439018	3.9983593356451	0.95279	1
ENSDARG00000056984	6	1.87184292573978	1.79936696386394	0.832660593653273	0.44483465049515	4.58506004670084	0.45444	0.959895774006623
ENSDARG00000056985	1	1.6244208892013	1.6244208892013	NA	NA	1.6244208892013	0.55715	1
ENSDARG00000056995	1	1.12903435013942	1.12903435013942	NA	NA	1.12903435013942	0.77036	1
ENSDARG00000056998	18	1.32853506715588	0.959399045841222	1.47109667359652	1.10730737183012	5.63649693018027	0.99897	1
ENSDARG00000057004	14	1.94835363547023	2.034848185602	1.02538286084804	0.526281698650958	7.29007177220503	0.4456	0.956817890295359
ENSDARG00000057006	1	6.16987425996507	6.16987425996507	NA	NA	6.16987425996507	0.03676	0.329641656387665
ENSDARG00000057007	6	2.25025418002262	0.745534202812448	3.54048877055624	1.57337282249628	5.51197453262037	0.83632	1
ENSDARG00000057010	1	1.96770110303155	1.96770110303155	NA	NA	1.96770110303155	0.48066	0.97776206662677
ENSDARG00000057013	2	1.79375340569963	1.79375340569963	1.73820699992222	0.969033421427432	2.53675039389334	0.71225	1
ENSDARG00000057016	1	2.72341198360104	2.72341198360104	NA	NA	2.72341198360104	0.17076	0.677832587685113
ENSDARG00000057021	2	5.67814357739591	5.67814357739591	7.26452970569383	1.27938464511767	8.03010765625497	0.02994	0.29414027027027
ENSDARG00000057025	11	2.31957601818123	0.69154966776939	2.6736038916359	1.15262611385863	7.69316332501373	0.24732	0.789018201754386
ENSDARG00000057026	3	3.19153138765324	1.53479993668396	3.30426741830852	1.03532349112762	5.52789451736621	0.53197	1
ENSDARG00000057029	6	1.39145383715451	1.6879597768376	1.17983059359732	0.84791213484311	3.40835190166627	0.7722	1
ENSDARG00000057060	4	2.08263095247461	2.38543969490395	0.719584319322748	0.34551696183509	4.16526190494923	0.47887	0.97776206662677
ENSDARG00000057062	4	1.99469897081324	1.97957311632167	1.22321109934654	0.613230927194913	3.98939794162647	0.37389	0.909903005008347
ENSDARG00000057074	28	1.98837880345071	2.01233671615941	1.29877427837283	0.653182520412553	10.5215116522455	0.4259	0.943897038972349
ENSDARG00000057093	11	1.5799710858998	1.6244208892013	1.24975515490445	0.790998750583281	5.24017127154	0.96142	1
ENSDARG00000057105	6	1.57715200287937	1.25806051564233	1.29627914375023	0.821911357550595	3.86321765386297	0.67745	1
ENSDARG00000057107	3	4.5256286587929	2.84450438759328	3.34861252499371	0.739922069939975	7.8386187732191	0.03215	0.304487888372093
ENSDARG00000057108	4	1.04982185409086	0.888838553457902	0.648517224023649	0.617740258974952	2.09964370818171	0.8609	1
ENSDARG00000057110	5	2.7611530316849	1.72525383497159	1.50827968318746	0.546249941919043	6.17412587512706	0.30594	0.849307986977754
ENSDARG00000057114	16	2.2270061075616	1.66822686305082	1.99480202208203	0.895732622963566	8.90802443024638	0.26057	0.804729004854369
ENSDARG00000057125	25	1.64921518733107	1.18628940995689	1.58802796298586	0.962899186949499	8.24607593665537	0.80547	1
ENSDARG00000057128	12	2.79276833788073	1.90253655027722	2.52385175724202	0.903709671514405	9.67443330995821	0.08742	0.505545886363636
ENSDARG00000057148	2	1.56860691385692	1.56860691385692	1.24034625239458	0.790731088482069	2.21834517160866	0.51727	0.998957572078907
ENSDARG00000057151	1	0.609492957215605	0.609492957215605	NA	NA	0.609492957215605	0.8203	1
ENSDARG00000057167	9	3.14958653870796	3.30183974144971	2.17242705877982	0.689749918626147	9.44875961612387	0.48817	0.981648194389569
ENSDARG00000057184	1	1.12240324871771	1.12240324871771	NA	NA	1.12240324871771	0.71851	1
ENSDARG00000057209	5	4.3447574600844	1.96770110303155	4.68146642002319	1.07749775747718	9.71517302649805	0.03299	0.308898086476541
ENSDARG00000057210	2	0.475884931705394	0.475884931705394	0	0	0.673002924546762	1	1
ENSDARG00000057218	9	2.02953166339847	2.38116292287346	1.13636107701962	0.559912958005676	6.0885949901954	0.49259	0.984706012173572
ENSDARG00000057227	11	1.9646805524014	1.51348207269889	1.08393915129411	0.551712668998135	6.51610822522363	0.4295	0.945493057958477
ENSDARG00000057231	6	2.18868557113294	2.23016216433568	1.46555442976285	0.669604829991284	5.36116285666767	0.63809	1
ENSDARG00000057239	8	1.1389105716896	1.18230569539026	1.03904229384937	0.91231244987737	3.22132555362705	0.95245	1
ENSDARG00000057241	4	0.621784396398385	0.6735783208392	0.476480363912864	0.766311227288465	1.24356879279677	0.97503	1
ENSDARG00000057249	21	2.30999480419965	1.98730232980066	1.69579716824202	0.734112979457357	10.5857260451996	0.75608	1
ENSDARG00000057262	5	1.80746418953748	2.03524787935627	0.747949705362986	0.413811631617654	4.04161279470238	0.5321	1
ENSDARG00000057276	7	1.80510072919258	1.94572537774222	0.589933656170823	0.326814812398142	4.77584762086492	0.49719	0.986808850865254
ENSDARG00000057286	9	1.83896817409879	1.38530195876984	0.946773756275857	0.514839663682508	5.51690452229638	0.72366	1
ENSDARG00000057296	1	0.851039226007627	0.851039226007627	NA	NA	0.851039226007627	0.81381	1
ENSDARG00000057299	3	3.36043653147922	3.91713019034767	2.45374333646416	0.730185889088658	5.82044680813255	0.2674	0.815337687237867
ENSDARG00000057315	5	4.97137486433478	1.66363743321075	5.72023466409998	1.15063434566916	11.1163321382864	0.01289	0.175295327102804
ENSDARG00000057317	8	2.32896014951725	2.30658681744479	1.90271522247111	0.816980583744854	6.58729405934754	0.23106	0.76867183006536
ENSDARG00000057322	26	4.1179835813715	4.62575730742471	2.43677535387095	0.591739939152302	20.997678638068	0.01814	0.217979834710744
ENSDARG00000057353	6	4.53710175862743	3.99611549491986	3.33201872196775	0.734393650226561	11.1135842197214	0.02332	0.252769925452609
ENSDARG00000057368	9	3.65974529530195	1.92338065473571	3.13568355560901	0.856803767091201	10.9792358859058	0.37289	0.909903005008347
ENSDARG00000057394	10	1.83829750611895	1.93054629835742	1.0417535817383	0.566694769628268	5.81320713634321	0.6555	1
ENSDARG00000057395	5	1.88681481589798	1.95553720808304	0.944826286484514	0.500751996710842	4.21904618930164	0.57901	1
ENSDARG00000057403	10	2.56749226289018	2.09410706188646	2.19072309381639	0.853254019683135	8.11912342559276	0.27622	0.824507542521994
ENSDARG00000057417	8	7.75270457465127	7.90930074973867	3.5893233153138	0.462976923827289	21.9279599090875	8e-05	0.0039526213592233
ENSDARG00000057419	19	2.97424460217386	2.51747195985716	2.34561744546865	0.78864308730837	12.9644316542472	0.02161	0.242216289791438
ENSDARG00000057426	4	2.24007277084773	1.24076414722082	2.10675905253085	0.940486880581816	4.48014554169547	0.27621	0.824507542521994
ENSDARG00000057429	6	2.4383562786862	1.94887596322593	1.49722377676763	0.614029947081541	5.97272869389281	0.22984	0.766987383606557
ENSDARG00000057433	12	1.41405067317344	1.54714919543593	0.733817612971026	0.518947182652358	4.89841522082673	0.89814	1
ENSDARG00000057452	26	1.20886583325041	0.725656168440704	1.11925595245552	0.925872765752715	6.16403047305943	0.99908	1
ENSDARG00000057456	2	5.1264777322003	5.1264777322003	6.28898950096313	1.22676617933223	7.24993433608133	0.04669	0.367889009287926
ENSDARG00000057468	11	1.55377838187593	1.6739885573645	1.04408106200185	0.671962664805063	5.15329990004799	0.92402	1
ENSDARG00000057477	6	1.00351826437268	1.01800241198027	0.720875567010525	0.718348228032659	2.45810769527646	0.95498	1
ENSDARG00000057481	15	1.67891309067335	1.35335877023845	1.32976518229023	0.792039319770212	6.50240243990751	0.96056	1
ENSDARG00000057484	8	1.50333373662162	1.08539353249091	1.19563729914057	0.795323932414017	4.25206991820664	0.99358	1
ENSDARG00000057491	11	1.62603391905196	0.937795657558067	1.1859509284435	0.729351900072881	5.39294440588646	0.85441	1
ENSDARG00000057497	18	2.60378240899469	2.08757997229743	2.07543308946899	0.797083920030902	11.0469131888063	0.29946	0.844931973392461
ENSDARG00000057513	15	2.57822228563462	2.4555487970318	1.90708601721162	0.739690300497966	9.98541197508369	0.57993	1
ENSDARG00000057519	16	2.32549482122322	1.48755126649369	2.60211089054545	1.11894933792058	9.30197928489287	0.76996	1
ENSDARG00000057529	3	2.51915625703823	2.46346358609185	2.31763757278447	0.92000548449873	4.36330662939526	0.28215	0.829823961937716
ENSDARG00000057531	10	2.72308702535399	2.715110159675	1.94357767643939	0.713740566622813	8.61115726697129	0.16696	0.670342753451676
ENSDARG00000057577	12	3.06422508698137	2.6537481967695	2.1725637701232	0.709009197579358	10.6147870729578	0.03355	0.313276972477064
ENSDARG00000057583	18	1.67641414237116	1.38969124698891	1.30131128792389	0.776246904051575	7.11242284888606	0.94681	1
ENSDARG00000057586	13	1.30782026290376	1.26136120626724	0.768977687250907	0.587984227697727	4.71541301699031	0.93682	1
ENSDARG00000057598	14	8.05603027828932	7.73837011528152	4.61765025817817	0.573191770470694	30.1429051988358	0.03991	0.344532637828668
ENSDARG00000057606	7	1.92468195387685	2.31869119347104	1.71809617101713	0.892664976442678	5.09222980285204	0.66863	1
ENSDARG00000057633	13	1.98976118973862	1.38555567604735	1.73923019307057	0.874089916940755	7.17418599553082	0.41682	0.93900040247678
ENSDARG00000057635	7	1.62777468076936	0.74741962932381	1.83325218226382	1.12623215235007	4.30668699576327	0.62161	1
ENSDARG00000057644	3	0.537561999742089	0.470158709820762	0.133701645331505	0.248718557851285	0.931084695771625	0.97476	1
ENSDARG00000057648	15	1.49635209315728	1.21033581756191	1.09482297007779	0.731661334978807	5.79534673686074	0.85896	1
ENSDARG00000057649	9	1.42453727321326	1.32952020692114	0.710910413078192	0.499046551077338	4.27361181963977	0.87553	1
ENSDARG00000057665	6	5.94645678577654	5.69488372834206	2.33659985491842	0.392939852940222	14.5657849026631	0.00611	0.107921896551724
ENSDARG00000057671	1	14.4804254416449	14.4804254416449	NA	NA	14.4804254416449	0.00101	0.0286344846796657
ENSDARG00000057672	4	1.81865980024655	1.63511072570893	1.32216452126421	0.726999365733476	3.63731960049309	0.55239	1
ENSDARG00000057676	5	3.32713736897794	3.07601588952649	2.13283814590453	0.641043007659078	7.43970532751447	0.36791	0.907778904242424
ENSDARG00000057678	3	2.48930720197705	2.52484510651439	1.0848101540613	0.435787978759602	4.31160654947136	0.30249	0.84841880539499
ENSDARG00000057679	10	4.01898704144874	4.36145759049137	2.15020447295942	0.535011546636965	12.7091529376796	0.03177	0.30324536950421
ENSDARG00000057681	17	1.95645932554386	1.31378212006735	1.82152743967635	0.931032613811177	8.066688451442	0.6783	1
ENSDARG00000057683	12	1.48063232149624	1.2515711000075	1.74427199986681	1.17805884320028	5.1290608163203	0.79123	1
ENSDARG00000057688	19	2.65186628936383	2.25050639726209	2.62442002764943	0.989650209052965	11.5592171671191	0.24373	0.785307287116176
ENSDARG00000057698	4	4.9586937118718	4.46380441181458	4.03548025772935	0.813819221797841	9.9173874237436	0.11349	0.572682806147744
ENSDARG00000057699	2	1.81411880932141	1.81411880932141	2.56555142389847	1.41421356237309	2.56555142389847	0.49906	0.987256108843537
ENSDARG00000057707	10	1.19233789112597	1.34619323255028	0.799717375551587	0.67071371421098	3.77050347647994	0.96371	1
ENSDARG00000057729	6	3.27072845954013	2.21416947015348	2.53397553476689	0.774743475685283	8.01161581307257	0.06736	0.445981454545455
ENSDARG00000057736	9	1.96597061872744	1.67639096274403	1.53584742513054	0.781215858721574	5.89791185618231	0.50801	0.992716406909789
ENSDARG00000057743	5	2.13408062822406	2.31869119347104	1.62450243047956	0.761218863521308	4.77194935417446	0.34795	0.888004346954124
ENSDARG00000057751	16	2.36512197083431	2.24834960676188	1.20737448529626	0.51049142504492	9.46048788333723	0.22822	0.764589585253456
ENSDARG00000057767	6	1.20987300177944	1.07106563623134	1.09003864577213	0.900952946440607	2.96357150792903	0.95861	1
ENSDARG00000057772	22	2.53115889140444	2.06334482660793	1.89475336429631	0.748571482703316	11.8721875548606	0.50854	0.992872293824319
ENSDARG00000057782	27	2.01818858380564	1.86216111138131	1.48886509869927	0.737723476708883	10.4868154992205	0.87477	1
ENSDARG00000057805	1	0.200326011181433	0.200326011181433	NA	NA	0.200326011181433	0.98371	1
ENSDARG00000057833	5	1.36516791159984	1.12903435013942	1.05224469473795	0.770780418875235	3.05260825103866	0.75877	1
ENSDARG00000057854	1	5.78966601402337	5.78966601402337	NA	NA	5.78966601402337	0.04846	0.375308912547529
ENSDARG00000057857	5	1.34679100422391	1.70589369036834	1.17730791637066	0.874157840881254	3.01151623692986	0.90821	1
ENSDARG00000057863	13	1.6826122985245	2.09967151460726	1.12447816592282	0.668293086237925	6.06674491905639	0.64813	1
ENSDARG00000057879	2	2.62673001427878	2.62673001427878	1.12594574073897	0.428649208185989	3.71475721088553	0.18933	0.711070383763838
ENSDARG00000057881	8	7.844526777375	8.33275023859148	3.94560272031253	0.50297523767684	22.1876723179253	0.74622	1
ENSDARG00000057882	1	2.54395638775343	2.54395638775343	NA	NA	2.54395638775343	0.28443	0.830755905963303
ENSDARG00000057884	6	2.27093189144954	2.31825674492738	0.555053117227452	0.244416452698263	5.56262437466484	0.26396	0.810188443908323
ENSDARG00000057887	3	1.90691799068214	1.6244208892013	1.83763589797696	0.963668027128741	3.30287884572862	0.46528	0.968863311555737
ENSDARG00000057890	4	1.78763607570641	1.87181897292718	0.95068074099159	0.531808880963602	3.57527215141282	0.62385	1
ENSDARG00000057907	34	1.93945998139379	1.52766241222759	1.93517376089026	0.997789992810034	11.3088978534847	0.50474	0.991594935440355
ENSDARG00000057913	27	4.19165455384807	3.29407911921666	3.70508052112028	0.883918384380913	21.7804759651269	0.96298	1
ENSDARG00000057918	1	2.69078811211254	2.69078811211254	NA	NA	2.69078811211254	0.21855	0.750623217771794
ENSDARG00000057921	8	1.60798167446069	1.53134119960243	1.39144155945785	0.865334214660461	4.5480589841394	0.97469	1
ENSDARG00000057949	4	2.15732672070987	1.10402704694201	2.89346297776203	1.34122613417125	4.31465344141973	0.312	0.854017034649476
ENSDARG00000057984	1	2.18641395806165	2.18641395806165	NA	NA	2.18641395806165	0.4017	0.930844578971324
ENSDARG00000057986	2	0.605167908780954	0.605167908780954	0.855836664110988	1.41421356237309	0.855836664110988	0.91751	1
ENSDARG00000058004	1	1.96770110303155	1.96770110303155	NA	NA	1.96770110303155	0.48376	0.97850301489573
ENSDARG00000058008	2	1.02143210118018	1.02143210118018	0.933831300178946	0.914237274411073	1.44452313053226	0.88013	1
ENSDARG00000058015	10	1.70940017002069	1.54838708716732	1.26369942291548	0.739264828141551	5.40559796994446	0.82717	1
ENSDARG00000058020	13	1.38128565240583	1.31922273696803	0.805308822823583	0.583013963419478	4.98029624581195	0.92761	1
ENSDARG00000058047	10	3.98930247257926	3.45419312949732	2.63469964018619	0.660441181959999	12.6152820886919	0.03725	0.331496748251748
ENSDARG00000058050	2	1.65719663331066	1.65719663331066	1.20377628684998	0.726393152540467	2.34362995434697	0.49585	0.986466243158718
ENSDARG00000058062	1	1.51348207269889	1.51348207269889	NA	NA	1.51348207269889	0.57598	1
ENSDARG00000058076	1	1.12903435013942	1.12903435013942	NA	NA	1.12903435013942	0.7678	1
ENSDARG00000058082	5	1.21874897482287	1.25086399803702	0.677583307750451	0.555966258637412	2.72520555521211	0.88415	1
ENSDARG00000058089	11	1.55583752551741	1.04782277521322	1.43574977197967	0.92281472096657	5.16012930689624	0.90257	1
ENSDARG00000058094	15	2.82841347699115	2.3732351737868	2.0260592434349	0.716323571470961	10.9543982925753	0.05624	0.405175159235669
ENSDARG00000058102	15	2.84457236017004	1.48812427962682	3.66940247519575	1.28996629742139	11.0169813780205	0.06515	0.438556018518519
ENSDARG00000058114	5	2.31151428532981	2.07396548081308	1.2293142647344	0.531822049526721	5.16870307295931	0.66016	1
ENSDARG00000058117	5	4.0444241813739	3.61875626765512	1.73552699928482	0.429115968418341	9.04360739939598	0.93742	1
ENSDARG00000058128	8	1.4529901751406	1.14500869248604	1.0137308323254	0.697685951129918	4.1096768233574	0.88204	1
ENSDARG00000058133	3	1.03235999481945	1.00964874282909	0.632980994193907	0.613139793647861	1.78809996272884	0.86241	1
ENSDARG00000058148	18	2.96940317877901	2.31072901665682	2.57759605956757	0.868051896080833	12.5981107427492	0.71963	1
ENSDARG00000058154	3	2.64526890564668	3.25933314668901	1.07563362810982	0.406625438273493	4.58174014426216	0.43586	0.949932137044968
ENSDARG00000058162	1	3.19016430990078	3.19016430990078	NA	NA	3.19016430990078	0.28909	0.835659761431412
ENSDARG00000058165	8	1.58000476869548	1.0243137689154	1.76204798031976	1.11521687480385	4.46892834500663	0.66215	1
ENSDARG00000058178	9	2.80521021521719	2.18641395806165	1.57064184619499	0.559901656451579	8.41563064565156	0.12409	0.595749066037736
ENSDARG00000058179	12	2.84717509668317	2.16948057726399	2.76998356753117	0.972888380050132	9.86290385100017	0.07491	0.468801057160418
ENSDARG00000058202	5	1.10587084780912	1.00415155442692	0.801377640637879	0.724657533224171	2.47280239003651	0.91158	1
ENSDARG00000058203	1	3.08341576970763	3.08341576970763	NA	NA	3.08341576970763	0.28714	0.834642501427756
ENSDARG00000058207	10	4.08461694412287	3.68006253763477	3.04994029585013	0.746689429528642	12.916692912745	0.19223	0.716148221083455
ENSDARG00000058221	9	2.04250091481041	2.38141725323192	1.5510101142505	0.759368136877662	6.12750274443122	0.64789	1
ENSDARG00000058226	3	2.20156239042131	2.34935482833729	0.519266567042244	0.235862753334405	3.81321791624249	0.34887	0.888143786893447
ENSDARG00000058231	9	1.7150523095401	1.4545842962332	1.02338729878442	0.596709087583952	5.14515692862031	0.84095	1
ENSDARG00000058237	8	1.20091634395716	1.05970958699221	0.982936396110173	0.818488649152101	3.39670436179945	0.91945	1
ENSDARG00000058243	5	2.16958205285954	1.94147451289755	0.978913657795507	0.45119918673059	4.85133295295747	0.65485	1
ENSDARG00000058244	3	1.167565972056	0.660662485487632	1.17264774625481	1.00435245144209	2.02228358478953	0.7934	1
ENSDARG00000058256	1	5.38216499372336	5.38216499372336	NA	NA	5.38216499372336	0.04504	0.362385075098814
ENSDARG00000058257	11	1.72970854460763	1.6016534780358	0.974312360914539	0.563281232524381	5.73679423913523	0.64215	1
ENSDARG00000058259	43	1.25880158963968	0.927420832205978	1.43296203751019	1.13835416900003	8.25451403835582	0.99763	1
ENSDARG00000058267	8	2.04344365888229	2.25641918933967	1.57210746894342	0.769342214114835	5.77973147267328	0.41265	0.937529854943093
ENSDARG00000058284	9	2.14586706880764	1.44388549239389	1.98025005213409	0.922820467734949	6.43760120642293	0.32186	0.865950589479249
ENSDARG00000058287	3	4.29211942148661	3.55880219925261	3.77674519745784	0.879925469582981	7.43416891016794	0.05532	0.402609378127234
ENSDARG00000058297	10	1.52575277721264	1.44088854378707	0.858594840404797	0.562735230260135	4.8248539223194	0.95722	1
ENSDARG00000058302	23	2.86036346405889	1.86588411185941	2.42076698070225	0.846314467066766	13.7178212690656	0.11031	0.564858521126761
ENSDARG00000058319	7	4.36618953661782	2.99547478553409	3.59219715819476	0.822730467394547	11.5518516908631	0.02178	0.242381005464481
ENSDARG00000058322	16	1.26004539115706	0.985017487173126	1.32032587481489	1.04783993027622	5.04018156462822	0.95251	1
ENSDARG00000058323	2	4.74321119498914	4.74321119498914	1.5768107533566	0.332435282456406	6.70791360115354	0.037	0.331075417032485
ENSDARG00000058328	4	1.0936429331219	0.901534904503891	0.615993850585629	0.563249514013885	2.1872858662438	0.97818	1
ENSDARG00000058342	4	1.29716818583093	1.0238658714591	0.955209499080557	0.736380609326057	2.59433637166186	0.73545	1
ENSDARG00000058348	10	1.38456035853326	1.16636953313981	1.33264644880601	0.962505130666718	4.37836429094444	0.86209	1
ENSDARG00000058349	3	3.59840796593158	3.12129599689116	1.01561297144983	0.282239529554539	6.23262542335407	0.15477	0.652277043478261
ENSDARG00000058351	4	7.07688147141388	4.37306318573216	8.04908159126698	1.13737691153655	14.1537629428278	0.00061	0.0195238364779874
ENSDARG00000058354	7	6.55393646763478	4.69664198761992	5.43394875412113	0.829112210799651	17.3400860018787	0.00783	0.126699109697933
ENSDARG00000058358	10	2.04406231216596	1.94740014497422	1.70507395052269	0.834159477611977	6.46389258575454	0.98586	1
ENSDARG00000058366	3	3.30648620007741	3.1160196007862	1.57978827878036	0.477784627906015	5.72700209305943	0.10584	0.557866141895391
ENSDARG00000058367	12	3.24907826563294	2.94483909147755	2.31248266163756	0.711734982224896	11.2551372676881	0.10931	0.563891120121642
ENSDARG00000058369	3	2.48082705243081	2.51240843532549	2.24184078863737	0.903666697136638	4.29691849960151	0.76342	1
ENSDARG00000058371	13	2.92924581531561	2.60073717598181	2.44284952657623	0.833951699718663	10.5615459855588	0.0631	0.431028053691275
ENSDARG00000058379	6	2.02218201414028	1.49036424748237	1.58500811972549	0.783810808642442	4.95331410167723	0.56929	1
ENSDARG00000058392	10	2.03231423417284	1.66702669142088	1.82645778353728	0.898708355640023	6.42674190116697	0.71624	1
ENSDARG00000058410	3	1.43625214707942	1.42405447347082	0.750875624661044	0.522802090279153	2.48766169122145	0.62204	1
ENSDARG00000058419	31	2.7627366232873	2.29624492656607	2.87494394328893	1.04061455553013	15.3822665150244	0.04502	0.362385075098814
ENSDARG00000058425	2	3.41434043608225	3.41434043608225	3.36698565430509	0.986130620931434	4.82860655126638	0.11017	0.564858521126761
ENSDARG00000058444	8	0.867941399173225	0.606745761794729	0.629433103627826	0.725202305394587	2.45490899611171	0.98559	1
ENSDARG00000058452	8	1.65949051999803	1.47800509140513	1.411846421048	0.850771007146023	4.69374800002158	0.86613	1
ENSDARG00000058461	14	1.75993586893616	1.23206875309929	1.25377737314604	0.712399465955492	6.58507704425341	0.64246	1
ENSDARG00000058463	1	5.82129463989138	5.82129463989138	NA	NA	5.82129463989138	0.17468	0.684594932614555
ENSDARG00000058464	3	0.929020026261637	0.775047264124461	0.440462170534608	0.474114828618949	1.60910988673413	0.88409	1
ENSDARG00000058467	4	2.50934007058444	2.53269399282584	0.981269367246215	0.391046785068741	5.01868014116888	0.42007	0.941827146923582
ENSDARG00000058471	3	0.541473629733766	0	0.93785983765762	1.73205080756888	0.93785983765762	0.95482	1
ENSDARG00000058473	7	3.46812473237032	3.86771680544998	1.39578803482131	0.402461890079528	9.1757955576043	0.05198	0.389869152542373
ENSDARG00000058475	2	1.98011766983672	1.98011766983672	0.989220336686511	0.499576541210342	2.8003092637777	0.37737	0.91123887544484
ENSDARG00000058522	9	1.11660197998851	1.18350424452053	0.98085888464549	0.878431976858558	3.34980593996554	0.94724	1
ENSDARG00000058528	7	3.08389950853851	2.39587044179794	2.70860245038429	0.878304381477048	8.15923116790722	0.07514	0.469311950920245
ENSDARG00000058543	15	1.61751075478603	1.42579946951914	1.12419042265536	0.695012641695899	6.26459221559766	0.7175	1
ENSDARG00000058560	12	4.83385565913513	3.98475263143867	2.73498278682874	0.565797363365641	16.7449671961528	0.00322	0.0672960164271047
ENSDARG00000058562	12	2.32514760996166	1.75321307206066	2.00819588814421	0.863685333154966	8.05454759110188	0.21351	0.743450147109134
ENSDARG00000058566	6	1.55022117907584	1.71075981583759	0.531577687320889	0.34290441550914	3.7972508771915	0.63191	1
ENSDARG00000058574	12	4.38435204677283	3.4011326423631	3.29278401946073	0.751030935548262	15.1878410065583	0.00252	0.0564946255506608
ENSDARG00000058585	1	0.450977621636113	0.450977621636113	NA	NA	0.450977621636113	1	1
ENSDARG00000058593	7	5.0109171767114	4.93004819666277	2.29248947486919	0.457498975541583	13.2576406899203	0.01673	0.210470987654321
ENSDARG00000058597	5	5.21910273262228	3.53687054605709	5.48358975726318	1.05067672322058	11.6702684916983	0.00439	0.0841458003766478
ENSDARG00000058598	3	3.12016712916949	3.25124218596974	1.05039178583529	0.336646000791271	5.40428799582788	0.12863	0.602206136154554
ENSDARG00000058606	19	1.74834156943895	1.25477697714398	1.48108893716075	0.847139347968509	7.62084421997567	0.97693	1
ENSDARG00000058608	1	5.26339305080812	5.26339305080812	NA	NA	5.26339305080812	0.03515	0.320543273703041
ENSDARG00000058638	4	2.22087056012901	2.04545435625403	0.531983238744787	0.239538156025574	4.44174112025802	0.28774	0.835077764471058
ENSDARG00000058647	1	1.12903435013942	1.12903435013942	NA	NA	1.12903435013942	0.76815	1
ENSDARG00000058649	11	1.90481272210848	1.74477457455977	1.15053720537758	0.604015918217947	6.31754909512933	0.73063	1
ENSDARG00000058650	8	3.96989726800209	4.3184632114639	1.74707902598624	0.440081671651288	11.2285651152729	0.01842	0.220304065804935
ENSDARG00000058656	1	2.19315229999806	2.19315229999806	NA	NA	2.19315229999806	0.34111	0.883197761953204
ENSDARG00000058660	12	1.45676044301631	1.48870183469085	1.09269766061338	0.750087405140462	5.0463662035216	0.94901	1
ENSDARG00000058690	4	0.45465780043741	0.293106672570656	0.587549997110741	1.29229058985787	0.909315600874819	0.99467	1
ENSDARG00000058692	16	2.0958606316122	1.40606333168202	2.19444794589932	1.04703906013602	8.38344252644881	0.52469	1
ENSDARG00000058696	8	2.12391840297082	1.61830203257578	2.02966031502323	0.955620664232792	6.00734842171029	0.63909	1
ENSDARG00000058699	9	1.42240377501752	0.945681713134021	1.10597382822717	0.777538591820417	4.26721132505257	0.98352	1
ENSDARG00000058701	10	3.33533399340414	3.09898326670022	2.255350642075	0.676199339117197	10.5472521765421	0.05581	0.403433366477273
ENSDARG00000058719	11	1.87177646637356	0.982080478597003	2.0054220296124	1.07140038655244	6.20798023037838	0.48688	0.981103672662581
ENSDARG00000058730	5	1.89038718542347	1.64500960838496	1.30424996283493	0.689938004707098	4.22703425040137	0.6706	1
ENSDARG00000058732	4	3.26959801142418	3.38838903905536	0.543094584512887	0.166104390391504	6.53919602284835	0.08866	0.508555954929578
ENSDARG00000058733	4	1.37049226080267	0.69154966776939	1.84790138795105	1.34834864873207	2.74098452160535	0.67482	1
ENSDARG00000058734	7	1.18258219081778	0.87717919439448	0.844401766906424	0.714032202973141	3.12881838179778	0.98086	1
ENSDARG00000058736	13	2.53080024372053	2.99320992401922	1.52609668640629	0.603009538264773	9.12493004669113	0.25719	0.800223883969466
ENSDARG00000058740	1	5.48805085567727	5.48805085567727	NA	NA	5.48805085567727	0.04618	0.366138489096573
ENSDARG00000058771	37	1.35858906622977	1.04376676339696	1.22776549082777	0.903706294527273	8.26397466613529	0.99959	1
ENSDARG00000058794	4	30.4286139864978	27.193321507019	9.44379944604834	0.310359172134455	60.8572279729956	0	0
ENSDARG00000058801	1	5.4613218276749	5.4613218276749	NA	NA	5.4613218276749	0.04329	0.357054797406807
ENSDARG00000058806	10	3.24649687672838	2.18995732326362	3.10252923110474	0.955654463537104	10.2663245470846	0.06216	0.427765030425963
ENSDARG00000058828	13	2.1484187524366	2.37021986489086	1.17565175719499	0.547217229351418	7.74623397307853	0.47672	0.977300937437135
ENSDARG00000058830	1	4.03391989613876	4.03391989613876	NA	NA	4.03391989613876	0.0921	0.517372315325248
ENSDARG00000058861	16	1.78897917147436	1.62236306221132	1.28271532135438	0.717009645393047	7.15591668589744	0.74096	1
ENSDARG00000058868	1	4.16746256694823	4.16746256694823	NA	NA	4.16746256694823	0.06847	0.448944707395498
ENSDARG00000058871	4	1.74004464455359	1.92756562280823	0.906895956333834	0.521191199991596	3.48008928910717	0.48369	0.97850301489573
ENSDARG00000058874	7	2.40733855758452	2.2593719040677	2.39890428343751	0.996496432078306	6.36921914490559	0.21188	0.74246309540151
ENSDARG00000058892	31	1.27075948430154	0.969133266458554	1.03210526992878	0.812195606390512	7.07528937042238	0.9992	1
ENSDARG00000058893	5	2.97998277843691	2.72552311957667	2.03558605940442	0.683086517859726	6.66344406436363	0.10883	0.563175774504825
ENSDARG00000058903	7	1.99483682782932	2.09967151460726	1.08769687393945	0.545256062433451	5.27784215258935	0.38902	0.921444161042588
ENSDARG00000058946	3	3.56850335091014	4.82464255676447	2.55944815520845	0.717232941523135	6.18082911075616	0.09044	0.51281243454039
ENSDARG00000058953	8	1.18317865244913	1.41843496527422	0.940059772405126	0.794520565815854	3.34653459400778	0.89417	1
ENSDARG00000058978	10	2.20794139591873	1.84827472793569	0.90999635295693	0.412146968501525	6.98212375127479	0.27065	0.819112607790663
ENSDARG00000058984	21	3.70664858185596	3.15292806037966	3.74265004553962	1.0097126724826	16.9859977009556	0.00418	0.0813461567877629
ENSDARG00000058985	3	1.58560158588881	1.43960019923431	1.3975221301599	0.881382903875263	2.7463425073212	0.93332	1
ENSDARG00000058990	2	1.47330022001548	1.47330022001548	0.0477126188363113	0.0323848582848986	2.08356115259316	0.58947	1
ENSDARG00000058992	9	2.01373828561427	1.87878825269252	0.97995113719938	0.486632818276312	6.0412148568428	0.38981	0.92209606504065
ENSDARG00000059006	4	1.61675352686857	1.14374182231913	1.58941530519752	0.983090668294999	3.23350705373715	0.8619	1
ENSDARG00000059020	3	2.23658795528911	2.44911321067763	0.968527553668276	0.433037990470211	3.87388397415733	0.46616	0.968863311555737
ENSDARG00000059028	4	0.625548318631777	0.540848602465379	0.605313336393465	0.967652407279152	1.25109663726355	0.97942	1
ENSDARG00000059035	23	2.94226948990532	2.30490145713949	2.7149784817767	0.922749765475786	14.1106287697692	0.17337	0.6834924516628
ENSDARG00000059048	2	0.847505283284097	0.847505283284097	0.918091107038838	1.08328658846965	1.19855346580322	0.92263	1
ENSDARG00000059054	10	2.39537861156371	1.76792714368796	2.06048701749538	0.86019262572871	7.57485227099306	0.2084	0.737772243478261
ENSDARG00000059057	10	4.23683649858793	4.08356414099271	3.0606057456893	0.722379951812951	13.3980534092706	0.24102	0.781989658909786
ENSDARG00000059067	6	2.09702220879793	2.2700877455946	1.17467925084882	0.560165384000478	5.13663439083905	0.70091	1
ENSDARG00000059075	5	4.17938012413068	1.79140974367594	5.06157313231024	1.21108226147844	9.34537806136771	0.02282	0.249475789473684
ENSDARG00000059079	15	2.52348859347131	2.44844751583087	1.90843842807289	0.756269884876971	9.77342929685875	0.174	0.684019737553068
ENSDARG00000059083	1	1.1155397578043	1.1155397578043	NA	NA	1.1155397578043	0.72166	1
ENSDARG00000059093	22	2.37168226133815	2.01572116099706	1.66715583422566	0.702942321323016	11.1241758558741	0.38209	0.91546893126177
ENSDARG00000059109	10	1.43292014557181	1.22284106595951	0.983868276950705	0.686617659742714	4.53129136514695	0.96928	1
ENSDARG00000059116	28	2.02896570213758	1.9003809781106	1.37193330285767	0.67617372802916	10.7362773330712	0.72596	1
ENSDARG00000059125	11	4.14139756259926	2.55942347463971	3.31066491416366	0.79940765505396	13.7354618228342	0.00533	0.0975696762589928
ENSDARG00000059150	5	3.29915574542595	3.15794234799528	1.1684146303909	0.354155644822413	7.37713651513142	0.08056	0.486034190871369
ENSDARG00000059177	8	1.58225469856361	1.46455154969369	0.631330516525708	0.399006883720326	4.47529210767441	0.69555	1
ENSDARG00000059202	5	2.30082594722463	2.99547478553409	2.30726911965679	1.00280037368317	5.14480322238963	0.25878	0.802517623400366
ENSDARG00000059209	6	2.30972379281609	1.58496517819643	1.86041870593246	0.805472373674679	5.65764473916528	0.26823	0.816367381307853
ENSDARG00000059235	3	23.9503145191938	31.369882051851	14.3107764309874	0.597519352805105	41.4831616044983	0	0
ENSDARG00000059244	8	1.41336318242959	0.780844418796269	1.25662227124233	0.889100754048352	3.99759476230146	0.95502	1
ENSDARG00000059246	8	2.07268149605167	1.36518206228996	1.9662576336862	0.948654020133724	5.86242856439205	0.99342	1
ENSDARG00000059279	1	4.34484754772591	4.34484754772591	NA	NA	4.34484754772591	0.0753	0.469672291666667
ENSDARG00000059294	3	1.36424072727981	1.06562983502618	0.640639730524845	0.469594344835484	2.36293425340334	0.67369	1
ENSDARG00000059298	2	2.47922715987554	2.47922715987554	0.318697939271075	0.128547292651906	3.50615667369971	0.33715	0.881004544287548
ENSDARG00000059303	12	3.47568892588861	3.19578345089312	2.5549753403271	0.735098967372026	12.0401396218872	0.18545	0.704645359672009
ENSDARG00000059304	7	7.11573094728487	8.31091648729636	4.17116766008882	0.586189625632262	18.8264544829618	0.00371	0.0752198804780877
ENSDARG00000059305	29	2.58564229789159	2.54395638775343	0.894375085311727	0.345900547048224	13.9241099064442	0.04461	0.36168683081811
ENSDARG00000059308	5	1.77622779372102	1.08612743914641	1.60211871658574	0.901978182218097	3.97176609028467	0.53923	1
ENSDARG00000059323	16	3.93387718674857	2.54687831402223	3.7937357991231	0.964375759340545	15.7355087469943	0.18081	0.696286106696935
ENSDARG00000059327	5	2.51781683603285	1.55334121308274	2.638865332907	1.0480767683899	5.6300096002629	0.3427	0.884076896988104
ENSDARG00000059337	4	1.99997624493008	1.93609808532809	0.618030235713476	0.309018788238198	3.99995248986017	0.59086	1
ENSDARG00000059348	2	1.09567135082627	1.09567135082627	0.586941555162581	0.535691249679892	1.54951328424216	0.85758	1
ENSDARG00000059349	1	5.7105530396454	5.7105530396454	NA	NA	5.7105530396454	0.04279	0.354986758957655
ENSDARG00000059351	13	6.44614741916183	5.61613186409922	4.79906125185829	0.744485184684514	23.2419150489878	1e-05	0.000656645161290323
ENSDARG00000059357	3	1.41626813731352	0.970600351278834	0.857587214405214	0.605526024211736	2.45304837096794	0.86583	1
ENSDARG00000059368	1	34.535067741406	34.535067741406	NA	NA	34.535067741406	0	0
ENSDARG00000059370	9	0.981775551799852	0.716364977917006	0.894512738969023	0.911117349916838	2.94532665539956	0.97823	1
ENSDARG00000059398	12	4.18913829889168	4.7539328925615	2.47104156582898	0.589868700797667	14.5116007472261	0.04503	0.362385075098814
ENSDARG00000059399	1	16.8297172075726	16.8297172075726	NA	NA	16.8297172075726	0.00176	0.0428547368421053
ENSDARG00000059400	17	1.81180999469288	1.97394199552095	1.06709642757466	0.588967071988993	7.47028398166853	0.87243	1
ENSDARG00000059404	26	2.00562487063681	2.07668116674338	1.34966081792629	0.672937814885472	10.2267203523241	0.4038	0.93110022655188
ENSDARG00000059406	6	1.6496099050463	1.87953229449213	0.716176624449498	0.434149081100114	4.04070254200444	0.67735	1
ENSDARG00000059409	3	1.88023748647606	1.54184275175628	2.07028173625769	1.10107459889964	3.25666685687214	0.41092	0.936476230975828
ENSDARG00000059423	3	1.85799378568076	1.68782588837501	1.1626155108507	0.625737028730013	3.21813963694631	0.67641	1
ENSDARG00000059432	5	0.801414776816152	0.639532886315348	0.301643104738637	0.376388249212225	1.79201791913374	0.98836	1
ENSDARG00000059437	14	3.07366961006997	2.92627801863092	1.70067584617113	0.553304701520086	11.5006186010209	0.18363	0.701762402402402
ENSDARG00000059438	8	1.67260369412264	1.83800964532219	1.03078840167665	0.616277726336932	4.73083765740714	0.78302	1
ENSDARG00000059442	17	2.02526460339475	2.09967151460726	1.22039395361006	0.602584942019151	8.3503798796212	0.39563	0.926322093397746
ENSDARG00000059455	11	1.02500638348146	0.927420832205978	0.694663545438232	0.67771631146217	3.39956158172713	0.98568	1
ENSDARG00000059460	11	2.00294441561064	1.60569181171245	1.45934518704092	0.728599942997422	6.64301510251816	0.50201	0.989246424007744
ENSDARG00000059461	22	2.12478657425242	1.67413840589608	1.67227121517405	0.787030205969005	9.96613243413477	0.61312	1
ENSDARG00000059472	8	0.44117211484151	0.488881869875631	0.476471797787615	1.08001340465226	1.24782317629937	0.99983	1
ENSDARG00000059473	20	1.55573666006345	1.59983136944531	1.015496633176	0.652743268989099	6.95746585398071	0.95224	1
ENSDARG00000059474	17	4.31639913289958	4.68940019300684	3.06404787709812	0.709862036099479	17.7969695472695	0.00073	0.0225149696969697
ENSDARG00000059475	31	1.52628567978857	1.16491723718223	1.43800648892223	0.94216076843585	8.49799901542457	0.98099	1
ENSDARG00000059483	34	2.69446160859241	2.54939501274927	1.83144889110425	0.679708660633321	15.7112760222099	0.02535	0.266541632231405
ENSDARG00000059498	9	5.91358006127726	1.79709874247389	6.45008586503233	1.09072436632221	17.7407401838318	0.00014	0.00622235807860262
ENSDARG00000059503	11	1.06473736790867	0.982080478597003	0.585667733678682	0.550058400626097	3.53133434962364	0.9709	1
ENSDARG00000059507	1	0	0	NA	NA	0	1	1
ENSDARG00000059523	7	2.65604116332245	2.63795124901425	1.9162917488777	0.72148420564409	7.02722439010189	0.31281	0.854133394101877
ENSDARG00000059556	7	3.57683664241791	2.10245572445808	4.52316494142083	1.26457129402566	9.46342023614105	0.02423	0.259592568421053
ENSDARG00000059557	5	1.59681473523333	1.95826104628529	1.55979318803166	0.976815377272765	3.57058629545506	0.60534	1
ENSDARG00000059575	12	1.69446405340004	1.44882835315819	1.06248828491978	0.627035010148389	5.86979566417595	0.71154	1
ENSDARG00000059581	7	1.3847462927513	1.4545842962332	0.603756447157143	0.436005100947092	3.66369431953859	0.94846	1
ENSDARG00000059582	1	1.91159271222378	1.91159271222378	NA	NA	1.91159271222378	0.49615	0.986808850865254
ENSDARG00000059596	33	2.24656221311269	2.25740586966903	1.32740300209363	0.590859667426912	12.905517372571	0.5203	1
ENSDARG00000059600	19	2.21071754183474	1.87604688052602	1.88344050504147	0.851958908996735	9.63629435757027	0.52775	1
ENSDARG00000059601	25	2.14188917897531	2.17550637160123	1.56384243273294	0.730122943840207	10.7094458948766	0.99836	1
ENSDARG00000059604	15	1.89158500608909	1.52586854885828	1.27870287261355	0.675995458040402	7.3260772265187	0.67115	1
ENSDARG00000059610	23	1.93484457894693	1.76928232284804	1.13560481991203	0.586923018142419	9.2791886244244	0.73564	1
ENSDARG00000059616	1	2.56676733853946	2.56676733853946	NA	NA	2.56676733853946	0.34552	0.886712697932426
ENSDARG00000059629	5	1.80925842645303	1.60260019340043	0.910380384725316	0.503178745177976	4.04562483041328	0.90839	1
ENSDARG00000059630	7	1.62085952437006	1.54184275175628	0.695072596767791	0.428829634102887	4.28839121165361	0.74055	1
ENSDARG00000059636	13	1.9792760525977	1.66266187498724	1.67123545605591	0.844367037060089	7.13638129593898	0.40287	0.930962514181983
ENSDARG00000059646	12	2.65074989588497	2.81300119120515	1.40592234805333	0.530386646524401	9.18246699566136	0.32406	0.868964178082192
ENSDARG00000059653	17	3.17187197001135	2.65349896783326	1.90400951267662	0.600279434566776	13.0779631632928	0.21651	0.746088359824146
ENSDARG00000059672	6	1.57333782585838	1.33612183220726	1.21047198049994	0.76936558735536	3.85387486637288	0.6013	1
ENSDARG00000059689	3	1.2211860200905	1.48728884198193	1.11227018367059	0.910811428702862	2.11515623228957	0.79127	1
ENSDARG00000059693	5	1.32741460063956	0.623677269447383	1.44912970466516	1.09169335938218	2.9681892813558	0.8164	1
ENSDARG00000059699	4	0.791667093038383	0.713786347336747	0.436846868172278	0.551806273133924	1.58333418607677	0.96667	1
ENSDARG00000059700	1	2.50839500877384	2.50839500877384	NA	NA	2.50839500877384	0.30673	0.849307986977754
ENSDARG00000059705	5	2.49389301790838	2.18641395806165	1.70050687849403	0.68186841467652	5.57651431665523	0.22255	0.7552076
ENSDARG00000059707	7	2.2119861919594	0.911600375926948	2.69095074809674	1.21653144033104	5.85236536743336	0.66508	1
ENSDARG00000059711	25	2.28285393445452	1.67639096274403	1.90887093047503	0.836177427589625	11.4142696722726	0.19661	0.722678432647165
ENSDARG00000059719	1	1.83056614575414	1.83056614575414	NA	NA	1.83056614575414	0.42209	0.941827146923582
ENSDARG00000059722	18	1.47269443839205	0.87168086278764	1.72861629692367	1.17377797583798	6.24811334401641	0.95758	1
ENSDARG00000059725	2	2.63110952327915	2.63110952327915	1.68610086580906	0.640832641473498	3.72095077191039	0.63938	1
ENSDARG00000059746	1	11.3749723742407	11.3749723742407	NA	NA	11.3749723742407	0.00812	0.129335461658842
ENSDARG00000059751	11	3.11267796636761	2.18641395806165	2.79761788725866	0.898781665654731	10.3235849076478	0.05992	0.421178011049724
ENSDARG00000059763	3	11.3333776174889	11.198512140855	1.15897430473167	0.102262039071497	19.6299858548546	0.06622	0.442829934296978
ENSDARG00000059770	5	2.04803310030175	2.33181042480042	1.11202597858514	0.54297265919252	4.57954123244436	0.50816	0.992716406909789
ENSDARG00000059774	1	2.18641395806165	2.18641395806165	NA	NA	2.18641395806165	0.40455	0.93118802804161
ENSDARG00000059775	11	3.8668188260614	2.59059471991978	3.50912405621625	0.907496372099365	12.8247871783282	0.86271	1
ENSDARG00000059781	6	15.4025397387651	12.9870689683404	13.2807225401559	0.862242381152964	37.7283631029153	0	0
ENSDARG00000059794	13	2.12469922816023	1.23144664391621	2.35924232633898	1.11038884707547	7.66071201207045	0.62659	1
ENSDARG00000059804	2	3.47635571307945	3.47635571307945	2.27973291099989	0.655782405241965	4.91630939707016	0.10758	0.562872659137577
ENSDARG00000059806	10	2.70265608360133	1.1931665082961	3.46132373518475	1.28071187310391	8.54654895629066	0.12996	0.604356528095021
ENSDARG00000059811	11	2.08575913485857	2.1384801920119	1.90825889783579	0.914898976561442	6.91768045338217	0.41706	0.93900040247678
ENSDARG00000059812	20	2.13650998556903	2.09309904866903	1.53624931227673	0.719046165313184	9.55476312467887	0.60732	1
ENSDARG00000059815	3	5.0554206422712	4.86155228309405	2.38464128789002	0.471699875565387	8.75624540604621	0.0664	0.442979620170269
ENSDARG00000059832	9	2.53201349232492	2.6875324234423	1.1255553568623	0.444529762686536	7.59604047697475	0.87821	1
ENSDARG00000059853	4	1.5706129542203	1.20676507278283	1.25622342387704	0.799830041196031	3.1412259084406	0.76599	1
ENSDARG00000059854	2	1.73211165582698	1.73211165582698	1.15836792393162	0.668760538637773	2.44957579521504	0.81838	1
ENSDARG00000059871	26	2.07361613747644	1.80448542391664	1.46729462965685	0.707601857035374	10.5734091486933	0.45398	0.959895774006623
ENSDARG00000059902	15	1.7023119341372	0.980480021791835	1.6541028081405	0.971680204414989	6.59302577096349	0.9626	1
ENSDARG00000059906	9	1.65756207477069	1.40509268223156	1.07342112900036	0.64759030466407	4.97268622431207	0.7531	1
ENSDARG00000059911	11	1.82566982708484	1.96770110303155	1.00069882393497	0.548126944472127	6.05506180751344	0.55087	1
ENSDARG00000059916	4	2.52944410136131	2.1533941519141	1.2121023848432	0.479197142245943	5.05888820272262	0.21645	0.746088359824146
ENSDARG00000059919	8	1.97745188222787	1.70749233168174	1.88745679686165	0.954489367769181	5.59307854157371	0.44869	0.957957030824072
ENSDARG00000059925	2	0.418978502771565	0.418978502771565	0.0900443480978709	0.21491400513922	0.592525080962321	0.9827	1
ENSDARG00000059933	4	2.1644408351337	2.00536307323971	1.32420051020654	0.611797970502041	4.32888167026739	0.40186	0.930844578971324
ENSDARG00000059936	2	3.40768654287553	3.40768654287553	2.18262003918059	0.640499063431702	4.81919652525085	0.12446	0.596400131826742
ENSDARG00000059939	6	1.80870513539651	1.13109742421742	1.94175115552879	1.07355871199155	4.43040467687301	0.70521	1
ENSDARG00000059950	28	2.32443857621097	2.57351875365897	1.50901927364317	0.649197311164485	12.2997728209986	0.23732	0.776137743589744
ENSDARG00000059961	14	1.40467554974392	1.28640400916696	1.34882462420184	0.960239269806995	5.25581464672007	0.96971	1
ENSDARG00000059963	13	4.34417942829184	2.86809409270736	3.83436801473005	0.882644945500731	15.6631616785221	0.00167	0.0413558637469586
ENSDARG00000059965	18	2.0182538383113	1.76872327611112	1.24956862084272	0.619133528757835	8.56272585135419	0.80331	1
ENSDARG00000059982	1	13.007897062241	13.007897062241	NA	NA	13.007897062241	0.00871	0.135344091603053
ENSDARG00000059983	7	4.7411358966148	2.6823674146269	4.03025067609407	0.850060146761812	12.543866514404	0.00798	0.127906204724409
ENSDARG00000059987	1	1.6244208892013	1.6244208892013	NA	NA	1.6244208892013	0.56086	1
ENSDARG00000059997	9	3.27416136148408	3.63317154283086	2.79399645918112	0.853347208860435	9.82248408445225	0.14927	0.64053203539823
ENSDARG00000060001	7	0.979191784804862	0.586213345141312	1.09991387634353	1.12328748403738	2.59069794843114	0.97204	1
ENSDARG00000060004	12	2.30566191913782	1.85880734032619	1.992143877657	0.864022544294761	7.98704717804695	0.57044	1
ENSDARG00000060005	2	0.311838634723692	0.311838634723692	0.441006426498154	1.4142135623731	0.441006426498154	0.96156	1
ENSDARG00000060006	1	1.02991075928981	1.02991075928981	NA	NA	1.02991075928981	0.74928	1
ENSDARG00000060010	1	0.541345360368685	0.541345360368685	NA	NA	0.541345360368685	1	1
ENSDARG00000060016	44	1.7755174766213	1.52946980953988	1.26839211107305	0.714378837592023	11.777450557343	0.84533	1
ENSDARG00000060018	5	0.833012181358737	0.696709559360634	0.969777816882508	1.16418203549039	1.86267186360352	0.99776	1
ENSDARG00000060021	4	3.0212232816403	2.30762155799423	2.82512357233718	0.935092612818522	6.0424465632806	0.12527	0.597522491803279
ENSDARG00000060027	9	1.39271737219487	1.04782277521322	0.78560552067901	0.564081080887881	4.1781521165846	0.80936	1
ENSDARG00000060030	1	2.61151477916175	2.61151477916175	NA	NA	2.61151477916175	0.2311	0.76867183006536
ENSDARG00000060034	12	1.37813552443515	1.3188222702002	0.792865612170319	0.575317592582403	4.77400149607453	0.91297	1
ENSDARG00000060041	16	1.65534879159598	1.10486802719719	2.34323053283539	1.41555093689723	6.62139516638392	0.75607	1
ENSDARG00000060054	8	2.77955365548801	2.14706409370438	2.53378455621049	0.911579652800633	7.86176495386972	0.3634	0.905652595494613
ENSDARG00000060058	12	1.48670598135267	0.919034613926651	1.1803420056158	0.793931026322953	5.15010059123874	0.96415	1
ENSDARG00000060068	11	1.73662971396675	1.38562882976301	1.43104962473338	0.824038431004747	5.75974916100993	0.83678	1
ENSDARG00000060069	8	1.61901622546459	1.70240044591985	1.01226959681642	0.625237462660969	4.57926940750824	0.73433	1
ENSDARG00000060070	16	7.77327852230282	8.24043387333754	4.41438033323739	0.567891697251269	31.0931140892113	0	0
ENSDARG00000060071	8	1.88594629834859	1.40466298177287	1.07398845363386	0.569469265680725	5.33426166606383	0.62364	1
ENSDARG00000060072	5	2.19541738445974	2.08832837589279	0.651426701047281	0.296721118115582	4.90910251063677	0.38132	0.915347867924528
ENSDARG00000060085	5	0.873212626356	0.795861810691008	0.638841177313693	0.731598648521195	1.95256279134314	0.97662	1
ENSDARG00000060089	1	3.6587021809915	3.6587021809915	NA	NA	3.6587021809915	0.12635	0.598169149722736
ENSDARG00000060093	23	1.96253891111285	1.9826747803625	1.34599053528251	0.685841451428483	9.41200597564282	0.85819	1
ENSDARG00000060101	10	1.81949154183126	1.83964377981171	1.27310470274581	0.699703556447685	5.75373745559831	0.86102	1
ENSDARG00000060102	22	1.49820868180647	1.33543671414452	1.07040762483698	0.714458297989787	7.02722161264937	0.89291	1
ENSDARG00000060106	2	0.638881506455351	0.638881506455351	0.0744840280355678	0.116585043209062	0.903514891178512	0.95315	1
ENSDARG00000060109	9	1.1087923517804	1.34014603996889	0.767156897710906	0.691885091450237	3.3263770553412	0.95706	1
ENSDARG00000060112	12	3.32110555669083	2.79600079665857	2.03028405910064	0.611327771564006	11.5046471229757	0.60096	1
ENSDARG00000060113	6	2.37728998478743	2.12283666124882	1.41615607122666	0.595701862325933	5.82314743335799	0.30534	0.849307986977754
ENSDARG00000060115	5	2.81577913902499	3.07242249066741	1.21626115966278	0.431944800927792	6.29627356448571	0.69042	1
ENSDARG00000060120	6	1.47397268874064	1.06368472324417	1.23233374013581	0.83606280465665	3.61048098221275	0.73819	1
ENSDARG00000060126	8	10.1483745086588	3.91728905090356	18.1371077081659	1.78719337689902	28.7039377323734	0	0
ENSDARG00000060148	25	2.02386616403633	1.76196513349038	1.66039362689379	0.820406831439069	10.1193308201817	0.40969	0.935517559443697
ENSDARG00000060150	5	2.14548919725121	2.41328317098102	0.730816467823577	0.340629292731885	4.79745969004515	0.57287	1
ENSDARG00000060153	1	2.01922574346728	2.01922574346728	NA	NA	2.01922574346728	0.34713	0.887118875219684
ENSDARG00000060165	1	7.69973159306062	7.69973159306062	NA	NA	7.69973159306062	0.0491	0.377392558490566
ENSDARG00000060169	5	10.8276824327438	9.94982378969015	3.86450001867213	0.356909250218271	24.2114339583954	2e-05	0.00120449704142012
ENSDARG00000060176	6	1.87764560110931	1.34166452084592	1.68211863014241	0.895865880733096	4.59927364049921	0.45432	0.959895774006623
ENSDARG00000060177	7	3.18602754769221	3.02268644520527	1.98119637328751	0.621839059339769	8.42943656139457	0.05547	0.402694782608696
ENSDARG00000060184	28	2.84892723671706	2.28034265060186	2.66409771333184	0.935123115464961	15.0751059433436	0.01922	0.225629942329873
ENSDARG00000060187	1	1.23241785660833	1.23241785660833	NA	NA	1.23241785660833	0.68422	1
ENSDARG00000060192	19	2.35162086047721	2.51747195985716	1.38783934465431	0.590162882112158	10.2504776843423	0.19172	0.71555667888563
ENSDARG00000060196	4	2.51473669275749	2.28772263700725	2.27378425272609	0.904183829374521	5.02947338551498	0.3504	0.889940144710579
ENSDARG00000060207	18	1.79651241071014	1.10484709153147	2.06456411719733	1.14920671011743	7.62195664859359	0.77909	1
ENSDARG00000060210	7	2.19180148363868	1.94572537774222	1.43331063205535	0.653941811224556	5.79896164893036	0.30749	0.849307986977754
ENSDARG00000060243	8	1.99595811284536	1.84813336163751	1.17653990543855	0.589461220587103	5.64542206622902	0.53068	1
ENSDARG00000060252	5	2.1972845258442	1.84970835136764	0.560768050800863	0.255209575366857	4.91327756569602	0.33477	0.878393673627224
ENSDARG00000060253	6	2.47263471002687	2.1533941519141	1.32218346097365	0.534726563374693	6.05669335986047	0.20837	0.737772243478261
ENSDARG00000060257	12	3.19076634225469	2.22460328561055	2.38399413168406	0.747154092768655	11.0531388397316	0.36584	0.906114403892944
ENSDARG00000060263	11	2.32059322464815	2.41172043961231	1.18367541448119	0.510074493844416	7.69653701719884	0.2241	0.757992268349386
ENSDARG00000060280	8	1.4002056625435	0.929105864915497	1.33762526250514	0.955306279847003	3.96037967616123	0.82186	1
ENSDARG00000060282	9	1.81224411691977	1.07924517144365	2.09642087800776	1.15680931638007	5.43673235075931	0.7773	1
ENSDARG00000060288	8	3.2251619066753	2.67877715561748	2.70073122192263	0.837393997595215	9.12213541853855	0.46914	0.970975820288677
ENSDARG00000060303	6	2.84992657296147	2.22616178919366	1.26255914682544	0.443014623184998	6.98086590815433	0.48909	0.982020477129337
ENSDARG00000060306	7	2.42276829843408	2.07965261724826	1.10511342243381	0.456136652913976	6.4100424019877	0.4728	0.974910534846029
ENSDARG00000060308	30	2.34428770294281	1.56076329966552	2.79420323757873	1.19191993118896	12.8401925618375	0.1531	0.647383381803074
ENSDARG00000060309	31	1.8944632087987	1.16681613950787	2.10527506051758	1.11127788111153	10.547924740642	0.77392	1
ENSDARG00000060312	10	2.47426145705654	1.93509953281797	1.34564995053479	0.543859237954431	7.82430173106556	0.184	0.701824561797753
ENSDARG00000060316	2	1.56347150764953	1.56347150764953	1.40199776960426	0.896721022893458	2.21108261050187	0.51668	0.998816531813865
ENSDARG00000060320	8	0.878969710482596	0.608297570524271	0.765155983627253	0.870514620130819	2.48610177095928	0.99498	1
ENSDARG00000060323	14	1.87972740969844	1.88666126644725	0.99029396743087	0.52682849774997	7.0332959476196	0.66503	1
ENSDARG00000060326	18	2.276716981349	1.83040211998882	1.38212272772698	0.607068308906823	9.65929209812667	0.69586	1
ENSDARG00000060348	8	1.63068223362294	1.61303718361855	0.943728689120095	0.578732428465467	4.61226586142082	0.61742	1
ENSDARG00000060361	16	1.8395482602489	1.5483794845128	1.64357417347969	0.893466188952994	7.35819304099558	0.5939	1
ENSDARG00000060362	7	1.85569358303293	1.0538445969913	1.31334999007571	0.707740761774463	4.90970373024353	0.59018	1
ENSDARG00000060368	24	4.34259410344568	2.50583609504455	4.93292494028933	1.13593967632739	21.2742794269218	0.68139	1
ENSDARG00000060372	23	2.07837741556472	1.21033581756191	1.77838570183494	0.855660617035585	9.96754792690651	0.45984	0.966416126367954
ENSDARG00000060374	7	1.68030302871145	1.35502522725343	0.766629626186559	0.456244863627041	4.44566394119912	0.71168	1
ENSDARG00000060380	11	2.42431788964371	1.51348207269889	2.49181191885807	1.02784042039317	8.04055281249441	0.27035	0.818691550133889
ENSDARG00000060383	19	2.42151227587959	2.51848992054684	1.63539165273952	0.675359637458573	10.5551273011023	0.30805	0.849342252301029
ENSDARG00000060392	8	4.58981971917848	2.92424708289093	5.72498580461152	1.24732258669981	12.9819705914194	0.02237	0.246943449023861
ENSDARG00000060393	7	1.8625059961295	1.84096405429055	1.06660630861378	0.572672684453262	4.92772768112529	0.7225	1
ENSDARG00000060395	5	1.26449672082166	1.06562983502618	1.07010179931901	0.846266962735704	2.82750062508282	0.79906	1
ENSDARG00000060397	22	2.61961673147607	2.42432641569591	1.62814396780069	0.62151991481719	12.2870916020125	0.27651	0.824707266334603
ENSDARG00000060415	3	1.43175334198702	1.90968754712783	0.827806325978932	0.578176632596565	2.47986953222805	0.64468	1
ENSDARG00000060430	11	2.13221099703406	1.83091073828532	1.11448573306438	0.522690172133364	7.07174385103156	0.33126	0.874616624319419
ENSDARG00000060438	7	4.01615602368395	2.53910534262441	5.15659870572416	1.28396373928573	10.6257500651018	0.02664	0.273880727272727
ENSDARG00000060445	6	1.66724525936391	0.964725880109724	1.90282768296977	1.14130040093546	4.08390016151578	0.63427	1
ENSDARG00000060452	13	1.41123265444943	0.969133266458554	1.21540437439622	0.861236005675049	5.08827169722656	0.92479	1
ENSDARG00000060457	11	1.34320781470609	1.22250893833694	0.874522481002263	0.651070125878935	4.45491633685332	0.88509	1
ENSDARG00000060477	12	2.22596983320781	1.71534121052259	1.62820806683436	0.731460077555487	7.71098569446308	0.38579	0.91763744332788
ENSDARG00000060480	5	0.765573688982599	0.561914655273461	0.654667127175473	0.855132741102278	1.71187481035037	0.9833	1
ENSDARG00000060481	2	3.87690881028058	3.87690881028058	0.724338482378223	0.18683402623695	5.48277701958253	0.06854	0.448944707395498
ENSDARG00000060482	9	1.38936702155679	1.54184275175628	0.857400186675852	0.617115688923676	4.16810106467036	0.82362	1
ENSDARG00000060494	15	2.27297531676951	1.92849587247153	1.77348509438771	0.780248285717549	8.80319554818883	0.6372	1
ENSDARG00000060498	3	1.49618337379432	1.28792818639663	1.23342920418659	0.824383712444693	2.59146562085158	0.61908	1
ENSDARG00000060501	4	0.841886461755711	0.80794742940917	0.773219009774171	0.918436208323938	1.68377292351142	0.95199	1
ENSDARG00000060504	23	2.58770940481225	2.68357392122609	1.67201641288396	0.646137626494916	12.4102183367714	0.23054	0.768312441099476
ENSDARG00000060506	12	1.92911998010565	1.78019590716964	1.00104191908409	0.518911176809886	6.6826676388785	0.69996	1
ENSDARG00000060512	32	3.7077231778662	3.51932469092939	2.18275179938005	0.588704089995257	20.9740496146538	0.00015	0.00655236051502146
ENSDARG00000060518	2	2.23709974782135	2.23709974782135	1.29807411733924	0.580248653911565	3.16373680375038	0.29485	0.843209693734195
ENSDARG00000060521	11	1.80626277475001	1.46258844270686	1.43873344789166	0.796524995146835	5.99069589663202	0.69034	1
ENSDARG00000060522	4	1.21177865661727	1.06296406254719	0.912802610771355	0.753275035656662	2.42355731323454	0.84894	1
ENSDARG00000060539	7	2.13357310805501	2.30143614299337	0.56776512010929	0.266109990778273	5.64490384788869	0.57272	1
ENSDARG00000060542	22	1.90469809655755	1.84718815637778	1.37811490657321	0.723534563857622	8.93382596979924	0.59321	1
ENSDARG00000060549	9	1.37910415227224	1.23241785660833	1.11387162202312	0.80767766538001	4.13731245681673	0.81322	1
ENSDARG00000060551	21	1.58568534585307	1.17193618839342	1.63479057585007	1.03096782733436	7.26652312575391	0.79327	1
ENSDARG00000060559	8	2.51195907323385	2.1466668491937	2.3149683087477	0.921578832002011	7.10489317898691	0.19481	0.720747430025445
ENSDARG00000060564	5	2.76406860936893	2.68357392122609	0.961912356392769	0.348005962345625	6.18064530502225	0.14797	0.63751408379179
ENSDARG00000060569	9	2.87561828002731	3.22231780601978	1.33015248460629	0.462562257948109	8.62685484008195	0.37096	0.909903005008347
ENSDARG00000060578	2	1.24793183755137	1.24793183755137	0.211156582944268	0.16920522146353	1.76484212958232	0.82425	1
ENSDARG00000060580	34	1.69907541822075	1.47563420199999	1.21461165099577	0.714866237231361	9.90722702935937	0.85424	1
ENSDARG00000060586	17	2.65269107450425	2.75904484056487	1.68730735815029	0.636073824942326	10.9373254923142	0.21336	0.743450147109134
ENSDARG00000060594	17	2.3362667775707	2.34797920134715	1.39581901793682	0.597457033305169	9.6326746935454	0.54683	1
ENSDARG00000060596	15	1.36080726985327	1.26862693487842	1.10804413865276	0.814255011124559	5.27038389353971	0.97975	1
ENSDARG00000060597	2	2.59523599503723	2.59523599503723	0.13513109988136	0.0520689063113202	3.67021794174049	0.21143	0.742141447776629
ENSDARG00000060600	16	1.96978747919137	1.27009101342687	1.90584893785347	0.967540385948562	7.87914991676549	0.78231	1
ENSDARG00000060601	6	2.67962653501789	1.78538160066968	2.27184711601081	0.847822294010701	6.56371771201595	0.28266	0.829823961937716
ENSDARG00000060618	11	3.07766799242245	1.18350424452053	3.31707377242201	1.07778804620544	10.2074699601516	0.19912	0.725761002506266
ENSDARG00000060626	10	2.45209619790275	2.2829821378578	0.965536662560086	0.393759699715655	7.75420902721168	0.39833	0.927282350251486
ENSDARG00000060631	6	2.2549131652919	1.80916193623708	2.16019656005202	0.957995453351475	5.52338666924926	0.39714	0.927282350251486
ENSDARG00000060633	22	2.19441434075599	2.26678739030797	1.44219171863034	0.657210305203118	10.2927156074644	0.27512	0.824061665195646
ENSDARG00000060637	33	2.9658664657451	1.69370789882307	3.45244900031974	1.16406083692389	17.0376057137391	0.01351	0.180010901960784
ENSDARG00000060638	10	1.82196207468587	1.57437471689745	1.53035252834174	0.839947521193928	5.76154996645316	0.51436	0.997552606707317
ENSDARG00000060639	8	2.87908091457939	2.38726993193942	2.18207114275317	0.757905459239916	8.14327055313542	0.90397	1
ENSDARG00000060641	10	1.2916255635172	0.870707693890522	1.24193201754792	0.961526353013674	4.08447866481283	0.88967	1
ENSDARG00000060656	15	2.24087168363314	1.69244813146681	1.58237496541188	0.706142603777458	8.67885871169892	0.61131	1
ENSDARG00000060661	1	1.67359948086933	1.67359948086933	NA	NA	1.67359948086933	0.67239	1
ENSDARG00000060679	5	3.18285380151714	2.62229731568723	2.24546503766784	0.705487960709198	7.11707746263594	0.44708	0.95721156920488
ENSDARG00000060683	3	0.938599019835147	0.450977621636113	0.964366520828409	1.02745315139769	1.62570119028882	0.93756	1
ENSDARG00000060688	3	1.24137210234717	1.51348207269889	0.570089118567771	0.459241123181241	2.15011955236389	0.72453	1
ENSDARG00000060695	11	3.84642467166321	3.67189120110183	2.59342167099032	0.67424215794376	12.7571474202728	0.04376	0.358895471394037
ENSDARG00000060697	2	3.75888621438203	3.75888621438203	1.10445307509662	0.293824556559021	5.31586786379633	0.08012	0.48452843731432
ENSDARG00000060702	3	1.7056546991332	1.6244208892013	0.86809846843514	0.508953230027331	2.95428059906732	0.47053	0.972199419407227
ENSDARG00000060705	33	1.94153786240536	2.06641238603354	1.28718747865068	0.662973153176623	11.1532858812131	0.48937	0.982020477129337
ENSDARG00000060716	18	4.09801599057348	2.69168168633273	3.3458153364726	0.816447603954904	17.3864093780725	0.00057	0.0186542122186495
ENSDARG00000060723	32	2.10291102325114	1.96930943154415	1.34959898080542	0.641776549689161	11.8958611581826	0.98385	1
ENSDARG00000060725	24	2.15474062409981	1.70652867359122	1.80995309290727	0.839986526760464	10.5560301141814	0.55661	1
ENSDARG00000060729	1	2.40692615306148	2.40692615306148	NA	NA	2.40692615306148	0.28559	0.832875363896848
ENSDARG00000060734	10	3.35060266105871	3.0750345065619	3.08798429983903	0.921620559706503	10.5955359431667	0.03506	0.320323770197487
ENSDARG00000060741	6	2.73136684108949	2.62458841625124	0.47334276318207	0.173298861237278	6.69045506102679	0.16613	0.668713515223408
ENSDARG00000060745	1	1.12903435013942	1.12903435013942	NA	NA	1.12903435013942	0.76906	1
ENSDARG00000060753	7	0.501161374305265	0.450977621636113	0.539870038163214	1.07723792343656	1.32594836312309	0.99887	1
ENSDARG00000060756	3	2.13688984007239	2.12664862755447	0.540429750301498	0.25290482465076	3.70120177318311	0.31239	0.854017034649476
ENSDARG00000060766	3	1.485467630676	1.42579946951914	0.893120575465378	0.601238665199956	2.57290540932979	0.5989	1
ENSDARG00000060767	16	3.33121919197499	3.31257983256367	2.67696543065061	0.803599305953658	13.3248767678999	0.37371	0.909903005008347
ENSDARG00000060768	5	1.15267188926732	0.866008240221108	1.25560095318133	1.08929606497078	2.57745270015484	0.83888	1
ENSDARG00000060771	17	2.69248949743657	2.19315229999806	2.00777735789521	0.745695520746414	11.1014185937972	0.12716	0.598169149722736
ENSDARG00000060783	8	3.14057632919429	2.44271776503713	2.23184397242867	0.710647899776169	8.88289127682896	0.06885	0.450040064184852
ENSDARG00000060796	38	2.79518324680053	2.24114555768655	2.51078489969618	0.89825413148498	17.2306667474415	0.82615	1
ENSDARG00000060805	17	2.21313438591239	1.85311946637375	1.81936742157998	0.822077246262623	9.12498683680326	0.28868	0.835423667898777
ENSDARG00000060829	1	4.08712310142248	4.08712310142248	NA	NA	4.08712310142248	0.13851	0.619396337285902
ENSDARG00000060830	2	4.24736213400777	4.24736213400777	0.210000003233855	0.0494424531293028	6.00667713422372	0.10188	0.546330158061117
ENSDARG00000060835	23	1.96689632871511	1.42579946951914	1.6410329223231	0.834326089466604	9.43290341633997	0.7477	1
ENSDARG00000060837	5	4.25173588630424	5.24496020086917	2.7563237421934	0.648281976091722	9.50717046415159	0.01832	0.219365835294118
ENSDARG00000060847	30	1.49951413535805	1.55687356779138	1.01519689068251	0.677017219607673	8.2131771723346	0.96045	1
ENSDARG00000060853	8	2.40841630201475	2.2136983768507	1.66796094428	0.692555079819329	6.81202999629944	0.73347	1
ENSDARG00000060854	17	3.71855667239088	2.69355767677058	3.22457997872576	0.867159025077462	15.3320019351129	0.03597	0.324418125552608
ENSDARG00000060861	12	2.56493531142101	1.42669210447278	3.33073783119348	1.29856601699175	8.88519655501738	0.12374	0.594910590458196
ENSDARG00000060862	39	1.63559001583699	1.50333367196575	1.25817139147012	0.769246192069879	10.2142563751024	0.99928	1
ENSDARG00000060865	4	1.45975562659424	1.7306648261788	0.709324394595028	0.485919959253698	2.91951125318847	0.75988	1
ENSDARG00000060871	8	2.26678426264222	2.06606966790194	1.45804473607243	0.643221659909044	6.41143409440505	0.28463	0.830755905963303
ENSDARG00000060875	6	3.08532889656337	3.27061638954601	0.981165826615912	0.318010124531228	7.55748148524451	0.25776	0.800818461538461
ENSDARG00000060884	2	0.579161361347626	0.579161361347626	0.00997301112266662	0.0172197452873252	0.819057852020277	0.96011	1
ENSDARG00000060911	15	1.33591911669854	1.41446934680679	0.807504438424973	0.6044560844526	5.17399249085355	0.97409	1
ENSDARG00000060915	10	1.61298550159518	1.40746826958909	1.49073817018239	0.924210520620373	5.10070801786992	0.98517	1
ENSDARG00000060921	28	1.78426230902536	1.41112044691258	1.53430738491578	0.859911335432444	9.44142868677398	0.84555	1
ENSDARG00000060922	11	1.53626081196939	1.17586312401586	1.18938981629741	0.774210867731947	5.09520069342921	0.95714	1
ENSDARG00000060925	12	1.5015013170888	1.2418780081396	0.898610149327251	0.598474432955897	5.20135313765877	0.94131	1
ENSDARG00000060927	7	1.87864352955663	1.87636397003357	1.13599013705452	0.604686370342234	4.97042358134746	0.45215	0.959297704166667
ENSDARG00000060929	7	2.63147079168846	2.16591278013657	1.78757094734561	0.679304878850141	6.96221729713792	0.43296	0.947766083404987
ENSDARG00000060937	20	1.45566716345799	1.29504581104637	1.16298971909947	0.798939309956505	6.50994146021275	0.95003	1
ENSDARG00000060941	3	1.2451064482867	0.475884931705394	1.45623539302885	1.16956698363635	2.1565876292642	0.74962	1
ENSDARG00000060944	1	11.6336896807417	11.6336896807417	NA	NA	11.6336896807417	0.01403	0.186176453715776
ENSDARG00000060948	11	2.04438527155155	1.87041593366549	1.44022578077619	0.70447865224697	6.78045887266534	0.76367	1
ENSDARG00000060977	1	5.21572973390297	5.21572973390297	NA	NA	5.21572973390297	0.11917	0.58591074843071
ENSDARG00000060983	13	3.79881816114573	4.81132710250185	2.48462889309334	0.6540531259185	13.6968336661748	0.00686	0.116953232830821
ENSDARG00000060987	8	1.88087797011809	1.68261142759136	1.03230268692866	0.548840862261707	5.31992626901956	0.60132	1
ENSDARG00000060991	18	2.83995423356561	2.74760926262503	1.85460354652399	0.653039941490711	12.0489053808821	0.06855	0.448944707395498
ENSDARG00000061000	2	1.1076745093013	1.1076745093013	0.254917194815831	0.23013727649707	1.56648831374887	0.71718	1
ENSDARG00000061004	9	2.48848355911331	2.74239380432961	1.36199712863964	0.547320123394727	7.46545067733992	0.21431	0.743894095238095
ENSDARG00000061011	1	1.19017455754709	1.19017455754709	NA	NA	1.19017455754709	0.74268	1
ENSDARG00000061014	24	2.54656478200314	1.42991315426177	2.7169744049148	1.06691745056555	12.4755686256992	0.09763	0.535675547169811
ENSDARG00000061020	16	2.72443427593838	2.39542117167246	1.71157665620718	0.628231949408162	10.8977371037535	0.16939	0.675304120642382
ENSDARG00000061023	23	2.04889761144833	1.85991812483125	1.12196262928596	0.547593312138649	9.82616775302406	0.74221	1
ENSDARG00000061024	3	1.69217525255895	1.7992684831598	0.287558739982668	0.169934372664897	2.9309335127428	0.7238	1
ENSDARG00000061031	8	2.66333807374353	2.55030112875249	1.9590404996875	0.735558327724395	7.53305765014546	0.91793	1
ENSDARG00000061040	9	1.51051840663492	1.74477457455977	0.855946823570206	0.566657658596199	4.53155521990477	0.8142	1
ENSDARG00000061048	9	1.23738279262604	1.40122769469538	0.89104633630706	0.7201056468678	3.71214837787812	0.98417	1
ENSDARG00000061051	17	1.45865152060176	0.934853555330886	1.44664319284286	0.991767514317644	6.01417429040889	0.95552	1
ENSDARG00000061052	37	1.40417389142493	1.31378212006735	0.913305205126938	0.650421725332133	8.5412563327826	0.99905	1
ENSDARG00000061057	4	2.01938337011418	2.01928899782864	1.34587327621163	0.666477349536422	4.03876674022836	0.6714	1
ENSDARG00000061062	15	2.19262201874381	1.31793152440493	2.19633849179999	1.0016949903013	8.49198856312247	0.3253	0.87054667542707
ENSDARG00000061081	13	2.34103317047152	1.35335877023845	1.93533277757033	0.826700280022313	8.44071513369711	0.33129	0.874616624319419
ENSDARG00000061099	52	2.62597654453062	2.28543687202678	2.17908142101446	0.829817549419108	18.9361861589418	0.31171	0.854017034649476
ENSDARG00000061100	3	9.36145708648962	10.3203674999226	5.7273942401014	0.61180585321137	16.2145193066757	0.04667	0.367889009287926
ENSDARG00000061108	37	2.13480195652304	1.74446101063095	1.7741656637878	0.831068033438283	12.9854933507457	0.80859	1
ENSDARG00000061114	9	2.21273430902447	1.61529001766055	1.98822839997959	0.898539147637719	6.63820292707342	0.39197	0.923916317739694
ENSDARG00000061120	8	1.76879743043335	1.92870913052087	1.40143015986433	0.792306759243188	5.00291463041906	0.51976	1
ENSDARG00000061124	14	3.03135294964011	3.16823742104124	2.24072627019242	0.73918356173551	11.3422841559399	0.23938	0.779152427246562
ENSDARG00000061138	13	2.7568840787352	2.41522968320735	1.96101987648884	0.711317494854017	9.94008690639006	0.1017	0.545813357933579
ENSDARG00000061140	20	1.94310531904977	1.31978943885882	2.23338992233429	1.14939210985562	8.68983116167341	0.45087	0.959250969899666
ENSDARG00000061147	16	2.38529402952801	1.38159404604764	2.25704813283439	0.94623476388821	9.54117611811203	0.1644	0.666616439665472
ENSDARG00000061159	24	1.48917530642407	1.19312855715904	1.17477797737883	0.788878228312693	7.29543927658351	0.98908	1
ENSDARG00000061161	1	0.908646593915662	0.908646593915662	NA	NA	0.908646593915662	0.72308	1
ENSDARG00000061168	17	2.37443910685856	1.42405447347082	2.84582334475961	1.19852445848767	9.7900632391751	0.16502	0.667148093725179
ENSDARG00000061169	8	2.2282427717889	1.33611289036229	2.36256216177601	1.06028041095328	6.30242229624737	0.28345	0.830441594703512
ENSDARG00000061173	2	4.14983145916165	4.14983145916165	1.56604178720893	0.37737479283684	5.86874793110893	0.07282	0.463805982478098
ENSDARG00000061174	10	1.15354629495997	0.841000624206828	0.931515016603238	0.807522871577135	3.64783367852191	0.95163	1
ENSDARG00000061187	10	1.9681627392211	1.53514053176283	1.58137840482864	0.803479495529152	6.22387706181468	0.96142	1
ENSDARG00000061195	10	2.68474468953724	2.52220340534419	1.75289951127177	0.652911063797994	8.4899081549793	0.11531	0.577687860304968
ENSDARG00000061196	3	2.45510913828794	2.92464778916901	1.16460187250395	0.474358493617142	4.25237376564137	0.22625	0.760995538664904
ENSDARG00000061197	8	2.67344852807816	2.09967151460726	2.00003418469652	0.748110226806674	7.56165433342905	0.13819	0.619057139084507
ENSDARG00000061201	3	2.06914281009815	2.66853832424476	1.36643164925321	0.660385374361086	3.58386047520583	0.34282	0.884076896988104
ENSDARG00000061204	12	1.95169950545372	1.49291644404804	1.43931055924445	0.737465247709765	6.76088540910578	0.53201	1
ENSDARG00000061205	47	2.17168502783817	1.9236194673061	1.82640536723579	0.841008407675911	14.8883224517208	0.58717	1
ENSDARG00000061214	15	2.48186602239646	2.07003008985095	1.87210187964248	0.754312224249238	9.61222577225953	0.66652	1
ENSDARG00000061216	8	2.44531852545212	2.85691479374609	1.11698313903802	0.456784311496394	6.91640524603312	0.23556	0.773396670967742
ENSDARG00000061223	2	0.293106672570656	0.293106672570656	0.414515431571472	1.41421356237309	0.414515431571472	1	1
ENSDARG00000061231	7	2.48416618321347	2.56676733853946	0.582354985794161	0.234426742352977	6.57248593613935	0.19518	0.721507931785196
ENSDARG00000061233	11	1.84530317680835	1.42627185517862	1.32590429353043	0.718529242345815	6.12017826192416	0.96937	1
ENSDARG00000061235	4	1.27031628406364	1.22114825500224	1.00767030061653	0.793243630155687	2.54063256812728	0.86885	1
ENSDARG00000061255	17	2.14347818234139	2.17215680895142	1.45996237644739	0.681118375020093	8.83778695200051	0.76599	1
ENSDARG00000061256	1	1.43118477503203	1.43118477503203	NA	NA	1.43118477503203	0.69045	1
ENSDARG00000061259	8	1.94334111978968	1.61833052308102	1.09070545751704	0.561252703609276	5.49659873584776	0.42626	0.944348693009119
ENSDARG00000061268	1	0.623677269447383	0.623677269447383	NA	NA	0.623677269447383	0.79975	1
ENSDARG00000061272	9	1.91807060256911	1.31922273696803	2.37448852963905	1.23795679181913	5.75421180770733	0.47946	0.97776206662677
ENSDARG00000061282	17	3.50407131144598	2.79774628980284	2.87426494995612	0.820264399462244	14.4476561367884	0.22667	0.76190464332893
ENSDARG00000061288	7	1.80954973060444	1.95826104628529	0.893612677880883	0.493831511103258	4.78761857218327	0.56667	1
ENSDARG00000061301	3	2.13645824350359	1.51348207269889	1.42499238235742	0.666988173857573	3.70045422599758	0.31755	0.85956876894443
ENSDARG00000061304	20	1.22751904119995	1.07463566484484	0.827618696513071	0.674220658690592	5.48963203959689	0.99414	1
ENSDARG00000061311	3	1.47306779734842	1.31922273696803	1.55570602699091	1.0560994068238	2.55142826800104	0.64319	1
ENSDARG00000061314	9	2.6800930011035	2.61151477916175	1.541613496344	0.575208955700142	8.0402790033105	0.16505	0.667148093725179
ENSDARG00000061328	17	1.35125848825219	1.28792818639663	0.947749131169512	0.701382555158191	5.5713814745762	0.94803	1
ENSDARG00000061335	14	2.12028411304156	1.16040658297609	3.30285682417162	1.55774257037358	7.93337671362138	0.73571	1
ENSDARG00000061338	31	1.87859860557427	1.60417261135525	1.13286489177852	0.60303722594972	10.4595943681786	0.78942	1
ENSDARG00000061345	40	3.79140687462403	2.81463598159451	2.96317851822671	0.781551180396737	23.9789625204648	0.00236	0.0542213995485327
ENSDARG00000061348	3	1.44233302987757	0.881028429036563	1.11227273176724	0.771162213390935	2.4981940891827	0.62167	1
ENSDARG00000061351	1	0.69154966776939	0.69154966776939	NA	NA	0.69154966776939	0.78171	1
ENSDARG00000061352	1	15.2433633821075	15.2433633821075	NA	NA	15.2433633821075	0.00099	0.0282247058823529
ENSDARG00000061355	19	1.72170064181667	1.64669703397626	1.21004855824829	0.702821692028586	7.50471910870798	0.77789	1
ENSDARG00000061363	11	1.88778530554931	1.93047951111037	1.21649520923621	0.644403368147967	6.26107554325347	0.72212	1
ENSDARG00000061365	1	2.89017384886327	2.89017384886327	NA	NA	2.89017384886327	0.20746	0.736272545327755
ENSDARG00000061368	13	3.07609869335119	1.4651107546477	4.42173564757792	1.43744921355587	11.0910315672655	0.05782	0.412315762237762
ENSDARG00000061370	8	3.70753823760132	3.4426464546134	2.83341676276916	0.764231298826012	10.4865017172653	0.01917	0.225420369515012
ENSDARG00000061371	4	1.16773994723953	1.27905941937535	0.749219200279505	0.641597645135474	2.33547989447906	0.93136	1
ENSDARG00000061372	9	3.13993096953207	2.93153556593731	2.17237481408979	0.69185432264886	9.4197929085962	0.0783	0.478928725961538
ENSDARG00000061373	1	4.35788177617851	4.35788177617851	NA	NA	4.35788177617851	0.0824	0.490518924605494
ENSDARG00000061377	2	5.25719022651858	5.25719022651858	0	0	7.43478971831786	0.06071	0.423804101508916
ENSDARG00000061378	10	1.34466608049352	1.30017435800734	0.760552630374696	0.565607061416732	4.25220750673085	0.94881	1
ENSDARG00000061397	13	2.02331511196092	1.53091620249959	1.44861116840424	0.715959249175133	7.29516638259625	0.7328	1
ENSDARG00000061398	2	1.34308081317009	1.34308081317009	0.398113091752872	0.296417823744502	1.89940310134822	0.7103	1
ENSDARG00000061400	1	6.46761851310593	6.46761851310593	NA	NA	6.46761851310593	0.03732	0.331740576419214
ENSDARG00000061414	40	2.79260049202813	2.95239678575483	1.21975470481164	0.436780953198857	17.6619562994316	0.01077	0.155045346534653
ENSDARG00000061416	6	2.45078241337762	2.20232451280248	2.24433526028276	0.91576275724521	6.0031663833619	0.2157	0.74546505942275
ENSDARG00000061417	3	0.693832507908249	0.69154966776939	0.405958708845633	0.585096120776336	1.20175315564002	0.95316	1
ENSDARG00000061419	4	1.89642089418237	1.32492936369897	1.28213382078744	0.676080834545029	3.79284178836473	0.42519	0.943239716652136
ENSDARG00000061421	35	3.82206442264735	2.48416663422125	3.57840416839907	0.936249045723956	22.6116380605283	2e-05	0.00120449704142012
ENSDARG00000061424	25	1.74698269780267	1.31378212006735	1.3054235575146	0.747244697475562	8.73491348901336	0.84439	1
ENSDARG00000061439	4	1.88932857295057	1.92870913052087	0.278461232745919	0.147386344933663	3.77865714590114	0.41739	0.939242852089321
ENSDARG00000061445	11	2.12396074040882	1.89899997908922	1.34129332627044	0.631505705709168	7.04438084538149	0.60906	1
ENSDARG00000061450	22	2.59578872807248	1.85374553149338	4.39907871274577	1.69469828771941	12.1753283593232	0.1145	0.576133132411067
ENSDARG00000061454	11	2.99032212935365	1.53313398738561	4.51906619177716	1.51123056189065	9.91777650536267	0.77207	1
ENSDARG00000061466	3	2.74700804165391	4.03809863036185	2.38040581823291	0.866544903450563	4.75795749694486	0.17173	0.67982552662262
ENSDARG00000061468	2	2.0084900519079	2.0084900519079	0.251622401153036	0.125279386330052	2.84043387129959	0.36018	0.901823380073801
ENSDARG00000061472	1	3.86853474408905	3.86853474408905	NA	NA	3.86853474408905	0.11938	0.586131037144235
ENSDARG00000061473	18	2.45456417149986	2.30015247883359	2.03032557395346	0.827163370804371	10.4138338231506	0.68915	1
ENSDARG00000061486	10	2.05620373836877	1.90374869160669	1.78734738664597	0.869246248946086	6.50228714659827	0.37072	0.909903005008347
ENSDARG00000061490	9	1.74546537082212	1.63634187660559	0.766854442509836	0.439340966213867	5.23639611246636	0.92883	1
ENSDARG00000061497	12	2.86438518231872	2.50079755966574	2.05208647062347	0.716414287886487	9.92252133644692	0.07504	0.46913828009828
ENSDARG00000061505	10	2.2393196222073	1.48669974887044	1.90561128131278	0.850977798084228	7.08135041528285	0.41156	0.937008852605681
ENSDARG00000061508	10	2.20101289808347	1.1219289326636	3.0752954926042	1.39721829675874	6.96021391735183	0.28765	0.835077764471058
ENSDARG00000061515	1	1.42405447347082	1.42405447347082	NA	NA	1.42405447347082	0.59829	1
ENSDARG00000061541	6	3.8479701155494	3.46231312429497	2.93274460090446	0.762153684368138	9.42556332857445	0.02588	0.269331942740286
ENSDARG00000061553	2	3.12737976536664	3.12737976536664	1.01209512452056	0.32362399211274	4.42278287887269	0.12122	0.590889444444444
ENSDARG00000061579	2	5.3693821537948	5.3693821537948	1.57180615561517	0.292735013190353	7.59345306346067	0.02248	0.247620606060606
ENSDARG00000061580	16	3.11013397104301	2.69109682986293	1.73645839165437	0.558322698578812	12.440535884172	0.14179	0.626678419452888
ENSDARG00000061600	4	1.63297803157479	1.54923791041543	1.56987794712068	0.961358889566165	3.26595606314958	0.53168	1
ENSDARG00000061602	3	16.9416954875722	15.7275268575053	11.195419453938	0.660820486482628	29.3438773508354	0	0
ENSDARG00000061635	14	1.06579596757356	0.844911725799058	1.02978841398884	0.966215340759174	3.9878433548655	0.99967	1
ENSDARG00000061638	5	5.87332553561565	4.85537303848003	4.25100971597509	0.723782410867082	13.1331551516219	0.00521	0.0962384392014519
ENSDARG00000061640	1	2.34369741714376	2.34369741714376	NA	NA	2.34369741714376	0.38862	0.920710977653631
ENSDARG00000061641	4	1.85213240537966	1.44750757520223	1.24133105184629	0.670217230820407	3.70426481075931	0.49052	0.983111836975783
ENSDARG00000061656	23	2.21813476321754	2.10245572445808	1.03394612289501	0.466133140348609	10.6378006203945	0.29407	0.842718937007874
ENSDARG00000061660	8	1.49519016264697	0.756904812860357	1.95925468493626	1.31037157271537	4.22903641268436	0.91365	1
ENSDARG00000061664	10	3.66550066889945	3.68180593185964	2.12795943595231	0.58053718391251	11.591330878593	0.025	0.264332066458982
ENSDARG00000061665	12	1.88643608344006	1.09481229091163	1.96557407341245	1.04195105822407	6.53480628349886	0.69674	1
ENSDARG00000061684	19	2.0581041048155	1.12903435013942	2.31691420003985	1.12575170255906	8.97106780817701	0.3514	0.891107216135458
ENSDARG00000061688	27	2.59124658544872	2.3331065642714	2.2827242326105	0.880936706459838	13.4645122228097	0.57028	1
ENSDARG00000061691	1	2.50839500877384	2.50839500877384	NA	NA	2.50839500877384	0.30501	0.849307986977754
ENSDARG00000061723	1	3.19301503517399	3.19301503517399	NA	NA	3.19301503517399	0.17395	0.684019737553068
ENSDARG00000061725	9	0.961581158029583	0.586213345141312	0.659323876451982	0.685666384939395	2.88474347408875	0.99535	1
ENSDARG00000061732	6	2.3521494660685	2.01678968193443	1.8107967278065	0.769847645283	5.76156599062773	0.33902	0.882050015321757
ENSDARG00000061741	4	1.54070404455094	1.61298350052468	0.746586688452389	0.484575016917018	3.08140808910188	0.60146	1
ENSDARG00000061742	7	1.37179080682339	1.82885111586613	1.32831259656201	0.968305509815985	3.62941732565934	0.93466	1
ENSDARG00000061746	11	2.33259145871668	1.33451530678017	1.98995991461057	0.853111206925786	7.73633065775102	0.87623	1
ENSDARG00000061761	14	2.44952271269706	2.12878448927355	1.77639611161934	0.725200914615496	9.1652747520335	0.3153	0.857677375734901
ENSDARG00000061763	14	3.65271237514728	2.07248889422637	3.7742861536581	1.03328315126534	13.6671982402304	0.0056	0.101598573975045
ENSDARG00000061764	12	1.01543805153646	0.911540551401916	0.739124078951169	0.727886923119334	3.5175805943998	0.99113	1
ENSDARG00000061770	13	2.34234003959431	2.06641238603354	2.05934743590965	0.879183808114524	8.44542711732962	0.19933	0.726120522548318
ENSDARG00000061774	4	2.29986369818507	2.56755344646978	1.83312824987662	0.797059517624122	4.59972739637014	0.38956	0.922079460465116
ENSDARG00000061778	12	2.16621749331334	1.69617931522734	1.46093481427885	0.674417420590704	7.50399751732641	0.84271	1
ENSDARG00000061794	12	1.91667783349539	1.57127676245184	1.46471705621652	0.764195750907891	6.6395667787101	0.61572	1
ENSDARG00000061796	4	1.75930461257789	1.96854518944238	1.03004263773727	0.585482826778903	3.51860922515579	0.53404	1
ENSDARG00000061804	23	1.28031686993493	1.28792818639663	0.701019072654565	0.547535605533491	6.14018400466301	0.9794	1
ENSDARG00000061806	6	3.48657060068702	1.99843582395235	3.967742230631	1.13800713797368	8.54031892387223	0.04478	0.361722888888889
ENSDARG00000061810	13	4.30225535813651	3.14134347622619	3.41245080620035	0.793177187808404	15.5120022939009	0.20538	0.732174304728546
ENSDARG00000061817	1	14.824963879612	14.824963879612	NA	NA	14.824963879612	0.00963	0.143295526315789
ENSDARG00000061819	13	2.64955250009198	2.41223627623915	2.000618091129	0.755077731450707	9.55309739611543	0.09779	0.535906210979548
ENSDARG00000061829	19	1.57771651082292	0.945681713134021	1.85068079627173	1.17301225129883	6.87710683223271	0.99542	1
ENSDARG00000061832	4	1.63928494642953	1.45781517352638	0.901699051018267	0.550056323631976	3.27856989285905	0.58079	1
ENSDARG00000061836	13	1.36857361041839	1.29892819939975	0.706602344788137	0.516305691859804	4.93446232661038	0.99975	1
ENSDARG00000061841	4	1.26148831585092	1.31186324181215	0.451088431507153	0.357584311990142	2.52297663170184	0.90541	1
ENSDARG00000061845	15	1.37792772556976	1.51348207269889	1.16871771001673	0.848170545036003	5.33669113340916	0.88702	1
ENSDARG00000061846	5	2.83042730732796	2.00612033379739	3.04143854728906	1.07455101899801	6.329027864557	0.13194	0.607732524886878
ENSDARG00000061848	4	2.41797477277075	1.90878659459968	1.8942412227343	0.78339991139101	4.8359495455415	0.2417	0.782947994907702
ENSDARG00000061854	4	1.06561029373999	0.667271712162441	1.29436966179566	1.21467451037169	2.13122058747999	0.97418	1
ENSDARG00000061865	8	3.0556939364992	2.42605133878677	3.19335626297597	1.04505108474132	8.6428076149168	0.07856	0.479315622009569
ENSDARG00000061889	3	0.725238071728247	0.344589168808229	0.707972939002355	0.976193841168943	1.2561491878166	0.95526	1
ENSDARG00000061890	4	1.57835738522698	1.77535155051265	0.85900657045526	0.544240853494489	3.15671477045395	0.56938	1
ENSDARG00000061899	2	3.01013772477246	3.01013772477246	1.95969954247347	0.65103318241746	4.2569775949841	0.17555	0.686682513451191
ENSDARG00000061901	2	1.45848938836166	1.45848938836166	2.0626154735983	1.4142135623731	2.0626154735983	0.62225	1
ENSDARG00000061908	16	2.09990756228449	1.97845734896343	0.864647229199026	0.411754900419701	8.39963024913794	0.3385	0.881928387922211
ENSDARG00000061909	44	2.6035966673725	1.8670078003323	2.72517241233848	1.04669530672302	17.2703065021887	0.10067	0.543024332627119
ENSDARG00000061916	2	4.11208141259867	4.11208141259867	0.401315834178213	0.0975943309265848	5.81536130327936	0.08409	0.494150127020785
ENSDARG00000061918	38	3.3946231404242	3.25311505828657	2.57926870715689	0.759810029114037	20.9258624216335	0.25688	0.799855674518201
ENSDARG00000061921	1	4.18783822890248	4.18783822890248	NA	NA	4.18783822890248	0.07716	0.476246610169491
ENSDARG00000061936	10	1.2285939335596	1.18350424452053	0.848988577511617	0.691024556056405	3.88515514951393	0.91631	1
ENSDARG00000061940	4	4.39845853150367	4.04152700955145	3.58214627532491	0.814409468605428	8.79691706300733	0.04396	0.359377413654618
ENSDARG00000061946	2	1.69850982578239	1.69850982578239	2.40205563144542	1.4142135623731	2.40205563144542	0.54857	1
ENSDARG00000061948	18	1.88941549280275	1.71917804811721	0.955676650832308	0.505805448548884	8.01611104463849	0.4997	0.988138061006411
ENSDARG00000061951	1	2.23109217967904	2.23109217967904	NA	NA	2.23109217967904	0.4549	0.959895774006623
ENSDARG00000061952	19	1.73519684304849	1.9826747803625	1.05587188746008	0.608502655874514	7.56354768599919	0.85267	1
ENSDARG00000061970	7	2.17738998872001	1.31931390103896	2.15080372702639	0.98778984847393	5.76083241735488	0.62687	1
ENSDARG00000061976	12	1.73584133260163	1.57880917269456	1.2919979940056	0.74430650413721	6.01313076388819	0.79415	1
ENSDARG00000061977	2	1.37672761967036	1.37672761967036	0.350291181079186	0.254437534392648	1.94698687143145	0.63309	1
ENSDARG00000061981	7	1.17268365048084	1.21033581756191	0.888865965468301	0.757975917122949	3.10262930572369	0.90072	1
ENSDARG00000061986	6	2.12334252747138	2.42721038889164	1.06650437672499	0.502276181504759	5.20110574145646	0.3782	0.91199412126954
ENSDARG00000061989	6	1.62251054888454	1.47950711153409	1.04419842218329	0.643569573646946	3.97432294705018	0.70044	1
ENSDARG00000061990	2	8.14017220055347	8.14017220055347	1.03572798536649	0.12723661856884	11.5119419260752	0.00436	0.0840456060606061
ENSDARG00000061992	7	2.50768691197587	2.40692615306148	1.28853032138327	0.513832215349405	6.63471593509966	0.17855	0.690719080197643
ENSDARG00000062000	6	1.58301801597043	1.51348207269889	0.270941531801246	0.171155052606999	3.87758639276054	0.62482	1
ENSDARG00000062002	2	0.327896427554461	0.327896427554461	0.463715574901205	1.4142135623731	0.463715574901205	0.98186	1
ENSDARG00000062016	15	2.96270283532512	2.19315229999806	2.65179933478117	0.895060855635955	11.4744987409757	0.04282	0.354986758957655
ENSDARG00000062017	9	1.6761861155251	1.28865708929118	1.61779702030834	0.965165505980539	5.0285583465753	0.89717	1
ENSDARG00000062019	13	2.52537814345812	2.08847141081184	1.61034165369549	0.637663574410435	9.10538038617429	0.58117	1
ENSDARG00000062020	15	1.61814533089718	0.813301256936062	2.02914474314321	1.25399412796758	6.26704991830805	0.99026	1
ENSDARG00000062021	5	4.22319740298797	3.80679049919211	2.87575265585396	0.68094204022273	9.44335647548167	0.02834	0.285306152324431
ENSDARG00000062023	1	1.92870913052087	1.92870913052087	NA	NA	1.92870913052087	0.37631	0.911033869203329
ENSDARG00000062024	25	4.43625829323562	3.53469553280655	4.53294427483725	1.02179448878102	22.1812914661781	0.21944	0.751248005381769
ENSDARG00000062025	6	1.96213256958612	1.65764001036437	0.700322543380677	0.356919075823913	4.806223603182	0.55891	1
ENSDARG00000062042	4	1.46489444560278	1.41570679855191	0.212090074147302	0.14478181331354	2.92978889120555	0.65553	1
ENSDARG00000062053	8	1.14129899501008	0.616251765031942	1.04056570245942	0.911738034475565	3.22808103493206	0.9952	1
ENSDARG00000062058	13	2.3651819415768	2.59959564003683	1.33414581115436	0.564077455396486	8.52778476615664	0.19653	0.722645354046243
ENSDARG00000062060	18	1.57495462565782	1.27582029678818	1.60381331293326	1.01832350393167	6.6819665751826	0.86218	1
ENSDARG00000062063	12	2.72509623502088	1.54537672187694	2.76604896983552	1.01502799581473	9.44001026914165	0.39804	0.927282350251486
ENSDARG00000062080	1	0.69154966776939	0.69154966776939	NA	NA	0.69154966776939	0.78383	1
ENSDARG00000062082	8	1.24649049310651	1.25272891935319	0.828292746540515	0.664499850677753	3.52560752144071	0.9404	1
ENSDARG00000062083	6	2.21910298694144	1.45617453779896	1.459994683464	0.657921102380332	5.43567000469257	0.29425	0.842718937007874
ENSDARG00000062085	13	3.69522965219575	2.32967241211851	4.08329537085625	1.10501802463885	13.3233399856068	0.01068	0.154185872340426
ENSDARG00000062087	7	1.43073641177429	1.76196513349038	0.764068826893583	0.534038849228729	3.78537273723967	0.73948	1
ENSDARG00000062089	18	2.78994782658127	2.67371220558753	2.83044052406554	1.01451378305303	11.8367461639937	0.05226	0.390530308370044
ENSDARG00000062096	19	6.29551803639015	5.05684280713207	3.96701375195243	0.630133013521968	27.4415269178623	0	0
ENSDARG00000062103	7	1.34813388991842	1.39540085529522	0.98731925884249	0.73235994304856	3.56682700674227	0.801	1
ENSDARG00000062106	5	1.73285487836122	2.34797920134715	1.35035914898563	0.779268457992673	3.87478130315783	0.72075	1
ENSDARG00000062109	16	2.76521680360968	2.09787891784821	2.16514885001057	0.782994247389287	11.0608672144387	0.06214	0.427765030425963
ENSDARG00000062116	4	0.73841747799455	0.550727073697181	0.631974576170938	0.85584996970454	1.4768349559891	0.98144	1
ENSDARG00000062123	36	2.324254830491	1.76700041949371	1.8188873388431	0.782567950373523	13.945528982946	0.68672	1
ENSDARG00000062129	4	0.682671957043805	0.564517175069712	0.811551687358408	1.18878720443226	1.36534391408761	0.9451	1
ENSDARG00000062134	1	0.767139351352896	0.767139351352896	NA	NA	0.767139351352896	0.8485	1
ENSDARG00000062137	22	1.84947031139453	1.49079087760997	1.51015141167996	0.816531848268103	8.67478469589046	0.70442	1
ENSDARG00000062139	20	2.25342034287428	1.65171220132636	1.99667910308762	0.88606597939061	10.0776021370955	0.28454	0.830755905963303
ENSDARG00000062142	8	1.42894995565331	1.68700271458829	0.985511524380704	0.689675324514866	4.0416808144747	0.75759	1
ENSDARG00000062146	6	2.41053623251814	2.38032256345022	1.68207614241835	0.697801642525482	5.90458377616039	0.46178	0.968575948116121
ENSDARG00000062152	8	0.942925914978985	1.06757779044494	0.794018844709268	0.842079777526279	2.66699723455268	0.9698	1
ENSDARG00000062154	14	2.26298186524661	1.95273259684692	1.59338113121983	0.704106893515113	8.46730281223546	0.63969	1
ENSDARG00000062164	21	2.43555243745699	1.85077971954902	1.99410031800554	0.818746616717324	11.1611034036809	0.39409	0.925270592848904
ENSDARG00000062165	46	2.75312824560419	2.03760999814051	3.30238090540455	1.19950129845107	18.6726242475504	0.09154	0.515888217054264
ENSDARG00000062171	6	1.19136880390623	1.03338109704648	1.02197202437371	0.857813316097331	2.91824566504017	0.89996	1
ENSDARG00000062173	17	2.89641747705516	1.85557369414031	3.04421040669661	1.05102611443697	11.9422351937835	0.26094	0.804928409572857
ENSDARG00000062174	13	1.64389077692418	1.24805998050056	1.20381552189541	0.732296536238145	5.92713248746245	0.99957	1
ENSDARG00000062190	24	1.52073559283409	1.2189500770721	1.32947942365231	0.874234436227444	7.45005247226477	0.97615	1
ENSDARG00000062195	15	3.11426462190448	1.4651107546477	3.54515535856783	1.13836034793981	12.061495016319	0.03587	0.324305217391304
ENSDARG00000062198	39	2.18841778884072	1.36729072740319	1.82550035907862	0.834164467309346	13.6666647109697	0.78679	1
ENSDARG00000062199	21	2.04406195796213	1.95826104628529	1.4547464485503	0.711693910687833	9.3670686475411	0.36112	0.903144367477278
ENSDARG00000062206	13	5.06361436202722	2.23752825687873	6.03309830008431	1.1914608555753	18.257121221465	0.00037	0.0130759027777778
ENSDARG00000062208	3	3.80444862231786	3.46707100616109	2.55360626393246	0.671215862648889	6.58949830863996	0.31701	0.859303935037274
ENSDARG00000062216	4	2.24116024677857	1.98522332910537	0.867798645377967	0.387209547655209	4.48232049355714	0.32451	0.869632116903634
ENSDARG00000062222	18	1.4737773095122	1.41570679855191	0.973568118261253	0.66059377626291	6.25270757708964	0.86085	1
ENSDARG00000062226	19	3.28966922592198	2.86596878007822	2.7322864009984	0.830565693191429	14.3393357134696	0.54095	1
ENSDARG00000062228	2	2.58881436581125	2.58881436581125	0.257228777306533	0.099361615380223	3.66113638659657	0.21433	0.743894095238095
ENSDARG00000062237	2	2.15046030311919	2.15046030311919	1.5369393602045	0.714702502517816	3.04121012601611	0.52101	1
ENSDARG00000062251	4	2.34572159806871	1.99512552123597	2.24427847756227	0.956753981124631	4.69144319613742	0.25817	0.801358420250076
ENSDARG00000062258	12	3.8380368404169	2.2564107558269	3.72375196573708	0.97022309075402	13.2953496178464	0.00368	0.0747605588822355
ENSDARG00000062263	4	1.41841707881377	1.42841937290481	0.660519822586827	0.465673906816763	2.83683415762753	0.66208	1
ENSDARG00000062267	20	2.57181150908844	1.93822961596368	2.02149692997721	0.786020640639294	11.5014907192761	0.22876	0.765642643867149
ENSDARG00000062268	5	1.05480415078556	1.23241785660833	0.374821502148997	0.355347010978151	2.35861378410545	0.89239	1
ENSDARG00000062272	17	2.03221754886444	1.85324033046778	1.32797007207049	0.65345861854826	8.37904760820192	0.83403	1
ENSDARG00000062277	9	0.934989846013219	0.876597912749793	0.778923422239742	0.833082226038131	2.80496953803966	0.99425	1
ENSDARG00000062280	9	1.01920115531594	1.04338676606664	0.486711217423418	0.477541861962021	3.05760346594782	0.97692	1
ENSDARG00000062304	27	2.64226014995595	2.56266666666666	2.5145406410912	0.951662780492345	13.7295864796148	0.05022	0.382589191616766
ENSDARG00000062305	4	1.45199324065436	0.970438578533802	1.30632320900926	0.899675819717002	2.90398648130872	0.91265	1
ENSDARG00000062310	4	2.43375676772775	2.83150933655077	1.50676077364174	0.619109022570284	4.86751353545549	0.43076	0.946110332326284
ENSDARG00000062314	4	1.3443359318445	0.794283458608099	1.14991153356829	0.855375138259191	2.688671863689	0.73017	1
ENSDARG00000062315	1	4.09886970767191	4.09886970767191	NA	NA	4.09886970767191	0.163	0.66518023246493
ENSDARG00000062323	2	0.465495977558973	0.465495977558973	0.173006209683172	0.371659945571183	0.658310724694021	0.99105	1
ENSDARG00000062325	12	2.27261551287299	2.02955761428103	1.43064568764662	0.629515058549447	7.87257106873043	0.62071	1
ENSDARG00000062335	8	2.09539390907961	1.2742007377303	2.10714403281008	1.0056075965858	5.92666896946872	0.53202	1
ENSDARG00000062338	12	2.22874879384148	2.05325986950001	1.4963703996414	0.671394821962975	7.7206122964826	0.89862	1
ENSDARG00000062346	1	18.0612168798434	18.0612168798434	NA	NA	18.0612168798434	0.00027	0.0103310526315789
ENSDARG00000062347	13	2.32811424805711	2.14200553202097	1.82780916512352	0.785102864538922	8.39413529650821	0.58905	1
ENSDARG00000062349	2	1.32125821141916	1.32125821141916	0.271845591633524	0.205747513456537	1.86854128198579	0.58102	1
ENSDARG00000062350	14	1.54615986925542	1.63538806426199	1.24372350445383	0.804395152910519	5.78520049593299	0.86826	1
ENSDARG00000062352	29	1.92895747482546	1.87878825269252	1.16039447807918	0.601565609000363	10.3877539078891	0.5062	0.992315793528505
ENSDARG00000062357	3	4.61977562423372	3.16164447725088	5.09958445068166	1.10385976841192	8.00168610074103	0.03088	0.30076233492823
ENSDARG00000062361	20	2.90994970447066	2.15691024242742	1.97199072581136	0.677671755900703	13.0136907006036	0.13626	0.615558934753662
ENSDARG00000062363	3	1.22694056635215	0.586213345141312	1.1097721009296	0.904503552465537	2.12512339878927	0.75937	1
ENSDARG00000062370	23	1.74845889352688	1.34995904567657	1.56033741409562	0.892407262116531	8.38531427879269	0.71353	1
ENSDARG00000062376	1	3.84303909112097	3.84303909112097	NA	NA	3.84303909112097	0.10461	0.55454196875
ENSDARG00000062379	10	2.6060279981647	2.46499228257882	1.42257003143173	0.54587672597285	8.24098412036956	0.35765	0.898880750617284
ENSDARG00000062381	14	2.93678394928231	2.01526929106857	2.02858784610076	0.690751475469112	10.9884393571913	0.13728	0.617648153710247
ENSDARG00000062382	10	1.83280458295422	1.22021974925185	1.60387302758863	0.875092217962166	5.79583698813035	0.79867	1
ENSDARG00000062396	1	0.475884931705394	0.475884931705394	NA	NA	0.475884931705394	1	1
ENSDARG00000062397	29	14.0571362452447	12.8797760619738	10.1402491424917	0.721359526263539	75.6999953969866	0	0
ENSDARG00000062401	10	3.98431621219118	3.49434664193967	1.82247508548574	0.457412260580458	12.5995141488589	0.00552	0.100326
ENSDARG00000062418	5	1.17576700073152	0.95221669778229	1.10314026253344	0.938230331219625	2.62909493933673	0.87832	1
ENSDARG00000062423	9	1.86424149627609	1.62007730573395	1.16574231127223	0.625317220757532	5.59272448882826	0.54464	1
ENSDARG00000062425	9	2.79286166485552	2.49853183635452	2.54473215827673	0.911155819244049	8.37858499456657	0.16306	0.66518023246493
ENSDARG00000062430	8	1.3876932762134	1.10272911807936	1.18334932362735	0.852745591487165	3.92498930326987	0.79808	1
ENSDARG00000062442	9	2.8685335110475	2.74239380432961	0.316745956000368	0.110420866544	8.60560053314249	0.23363	0.771606002595717
ENSDARG00000062445	5	1.28569046338316	1.73274151221359	0.849191544386292	0.660494550260356	2.87489127414796	0.88098	1
ENSDARG00000062447	37	2.7519763038635	1.6244208892013	5.25630669702897	1.91001161225467	16.7396183454095	0.06402	0.434970585885486
ENSDARG00000062448	8	1.67170649444891	2.00551217600483	1.20933670394625	0.723414491695753	4.72829999351366	0.68143	1
ENSDARG00000062457	20	1.58383798365354	1.14716971855557	1.28898895597633	0.813838895947513	7.08313879359104	0.88653	1
ENSDARG00000062460	1	4.50899481909585	4.50899481909585	NA	NA	4.50899481909585	0.08007	0.48452843731432
ENSDARG00000062463	10	2.90978788485869	3.38604151828672	1.62462288967652	0.55833035051468	9.20155722411724	0.14934	0.64053203539823
ENSDARG00000062465	5	3.80236361679243	3.42256854700796	3.45153946629354	0.907735244217692	8.50234352231982	0.03786	0.332738930112166
ENSDARG00000062469	23	1.54921717999503	1.38555567604735	1.19402691263925	0.770729196692149	7.4297845882778	0.88227	1
ENSDARG00000062476	2	4.48269451537044	4.48269451537044	0.0460885732128147	0.0102814441302624	6.33948737961236	0.15161	0.643488982485404
ENSDARG00000062477	25	3.67294882101004	2.98681367937138	3.14903655613883	0.857359225406486	18.3647441050502	0.76998	1
ENSDARG00000062478	19	2.62046433130742	1.6244208892013	2.74643965224961	1.04807366367751	11.4223392053219	0.08768	0.505843716713881
ENSDARG00000062483	7	1.48813414092573	1.28063326167805	0.940711106594166	0.632141337748608	3.93723285439423	0.69511	1
ENSDARG00000062506	17	1.92790941485525	1.55956638478873	1.31228464837875	0.680677545463037	7.94897415407091	0.7532	1
ENSDARG00000062508	3	0.958499678713813	0.958081677855914	0.958708747486534	1.00021812085842	1.66017014257077	0.86569	1
ENSDARG00000062515	10	1.26908520913293	1.13095809303874	0.704500187856196	0.555124417798176	4.01319980569119	0.98764	1
ENSDARG00000062517	11	1.19394516585123	1.06562983502618	0.838252841259071	0.702086549059759	3.95986813538718	0.93406	1
ENSDARG00000062521	8	1.77828614284791	1.06101848618486	1.47238694672717	0.827980891966665	5.02975276199131	0.65943	1
ENSDARG00000062530	9	2.31519999452531	1.66871728755481	1.69716088240224	0.733051523158027	6.94559998357594	0.23933	0.779152427246562
ENSDARG00000062531	1	0.28484314475939	0.28484314475939	NA	NA	0.28484314475939	0.96962	1
ENSDARG00000062537	4	0.974172932024649	0.699659658588735	0.816806685998495	0.838461693142002	1.9483458640493	0.97475	1
ENSDARG00000062553	7	1.21725852336869	1.50703813634281	1.23865692094702	1.01757917251555	3.22056333410727	0.88523	1
ENSDARG00000062558	11	2.06742716659938	1.58709483460232	1.41609398865269	0.684954716437224	6.85688019299772	0.44312	0.955322041940267
ENSDARG00000062562	10	1.35743871208292	1.64185736947235	0.834006007404182	0.614396804791608	4.29259811426756	0.87116	1
ENSDARG00000062565	23	1.95267155677143	1.08733280567666	1.93907310799293	0.993035977437501	9.36468380664056	0.4603	0.967162138728324
ENSDARG00000062568	5	6.71547571679534	3.38429669677373	7.45855588270749	1.11065190274662	15.0162602040035	0.00052	0.0177008695652174
ENSDARG00000062575	16	2.01682952106353	2.35851859821766	1.24713527622416	0.618364251018358	8.06731808425413	0.53248	1
ENSDARG00000062577	34	3.31250442239976	2.61968892278773	2.8313028784349	0.854731803311449	19.3150539384753	0.03249	0.306471936978684
ENSDARG00000062585	7	2.25334647017871	2.34935482833729	1.14015164704835	0.505981508896818	5.9617943777581	0.34967	0.8889803196005
ENSDARG00000062590	66	1.9818688271395	1.45317562968972	1.74884539849047	0.882422375558851	16.1007784646321	0.65738	1
ENSDARG00000062594	5	3.32444113981233	2.72341198360104	2.48413155982665	0.747232829625879	7.43367637581725	0.07874	0.479315622009569
ENSDARG00000062618	13	1.81666431464097	1.35165069132102	1.97378150636998	1.08648663953091	6.55007633674365	0.54429	1
ENSDARG00000062621	8	1.77553191754779	1.38610374995586	1.57690509985263	0.888131091459346	5.02196263644479	0.88999	1
ENSDARG00000062630	1	1.92870913052087	1.92870913052087	NA	NA	1.92870913052087	0.37181	0.909903005008347
ENSDARG00000062633	2	2.98559361360874	2.98559361360874	1.0524925101851	0.352523700944327	4.22226698009998	0.52109	1
ENSDARG00000062634	10	2.51664356150799	2.1879759318127	1.93140468463012	0.767452615925005	7.95832571316329	0.16142	0.664781504854369
ENSDARG00000062636	17	1.55143725443487	1.57275094726751	1.11657412769103	0.719703052443298	6.39673967155323	0.86	1
ENSDARG00000062640	2	1.47596812541673	1.47596812541673	1.10933522138066	0.751598359258228	2.08733414059474	0.57	1
ENSDARG00000062650	30	1.51777695713567	1.05982474345585	1.26469279295382	0.83325338878549	8.31320676684757	0.98488	1
ENSDARG00000062651	10	1.13379858480946	0.838648837880516	0.823289333708606	0.726133675538999	3.58538593587347	0.98272	1
ENSDARG00000062664	6	2.44761790846464	2.58450266738181	0.681527552279533	0.278445238500092	5.99541496103655	0.21931	0.751055578734859
ENSDARG00000062674	12	3.00283428814944	1.73761155633791	3.84446826430259	1.28027986075509	10.4021231075695	0.17881	0.691199460691227
ENSDARG00000062686	9	1.63408836622967	1.48812427962682	1.30968979683927	0.801480399656176	4.90226509868902	0.7174	1
ENSDARG00000062687	14	1.55587597715143	1.35470349810823	1.44204604774244	0.926838686964368	5.82155484281278	0.87594	1
ENSDARG00000062693	8	0.945845116358849	0.793616442315524	0.833467035894148	0.881187650577174	2.67525398291808	0.99755	1
ENSDARG00000062695	4	2.42530838740634	2.60862576863108	1.0138947836599	0.418047778552473	4.85061677481267	0.30145	0.847024228539884
ENSDARG00000062696	11	1.31378989567328	1.12416197179155	0.994765078847365	0.757172118710487	4.35734813730842	0.91044	1
ENSDARG00000062702	5	2.75623498242618	2.95302596851326	1.20247050075711	0.436272853520869	6.16312878266788	0.17413	0.684019737553068
ENSDARG00000062712	7	2.56580017948676	1.57275094726751	2.20617802137533	0.859840153965785	6.78846918880686	0.21193	0.74246309540151
ENSDARG00000062720	13	1.51029709388352	1.6976887238254	1.0346280661539	0.685049365680432	5.44545361318127	0.98154	1
ENSDARG00000062721	16	3.11812028001639	1.36088115386433	6.61582776103428	2.12173590718556	12.4724811200656	0.04483	0.361794833597464
ENSDARG00000062727	33	2.36346599907009	1.87878825269252	2.3273819825465	0.98473258488263	13.5770784946207	0.17767	0.688361347544728
ENSDARG00000062744	20	1.8388357695722	1.3246611478541	1.5751281203466	0.856589884975457	8.22352356044314	0.95279	1
ENSDARG00000062749	9	1.83162625071915	1.82212547913543	1.116706977432	0.609680592311638	5.49487875215745	0.74673	1
ENSDARG00000062752	33	4.03825459445547	2.41522968320735	4.54711164637725	1.12600915569327	23.1980065005194	0.00027	0.0103310526315789
ENSDARG00000062756	2	0.692777838023676	0.692777838023676	0.979735814244594	1.41421356237309	0.979735814244594	0.89215	1
ENSDARG00000062765	18	1.8251824911999	1.96973199794115	1.11909994994053	0.613144140564714	7.74359349858243	0.93339	1
ENSDARG00000062770	1	1.08612743914641	1.08612743914641	NA	NA	1.08612743914641	0.67146	1
ENSDARG00000062781	1	0.586213345141312	0.586213345141312	NA	NA	0.586213345141312	1	1
ENSDARG00000062785	4	1.64199599753498	1.51348207269889	0.426623018948649	0.259819767885617	3.28399199506996	0.5383	1
ENSDARG00000062790	18	3.95131535370055	3.85082291135251	2.27545497654415	0.575872784846977	16.7640112872491	0.61075	1
ENSDARG00000062794	7	2.71044387194397	2.29854499684959	2.04699773536775	0.755226019087276	7.17116042776275	0.29841	0.844931973392461
ENSDARG00000062795	6	1.01550255253988	0.686459873421664	1.13487611143289	1.11755121500624	2.48746308621658	0.96933	1
ENSDARG00000062799	5	1.93374221580774	2.01484328064511	0.978292293820717	0.505906260836363	4.32397904550717	0.62528	1
ENSDARG00000062801	32	1.8876881987817	1.70661455663649	1.43469147561496	0.760025663423072	10.6783770089949	0.68025	1
ENSDARG00000062806	1	1.0538445969913	1.0538445969913	NA	NA	1.0538445969913	0.69217	1
ENSDARG00000062812	10	1.67832019741964	1.36801040914308	1.31014004517466	0.78062579905131	5.30731446690952	0.94496	1
ENSDARG00000062821	10	2.70449116969431	2.44560433479766	1.85170012237322	0.684675972738531	8.55235200804698	0.24468	0.786657169930512
ENSDARG00000062830	3	1.18194843700286	0.811782717807519	1.1786994623522	0.997251170568064	2.04719474481558	0.87102	1
ENSDARG00000062834	2	0.959729705885248	0.959729705885248	0.37926384706118	0.395177772174249	1.35726276627526	0.85931	1
ENSDARG00000062846	21	1.8385799569502	1.77278219853602	1.10548957696712	0.601273593127212	8.42543182395296	0.74113	1
ENSDARG00000062849	19	5.43228426749373	3.66144903888778	4.94945083877731	0.911117790428302	23.678778154591	1e-05	0.000656645161290323
ENSDARG00000062854	32	1.58305548121922	1.26631308776003	1.32719090264931	0.838372955587852	8.95511412611714	0.87624	1
ENSDARG00000062864	3	1.56169435093774	0.586213345141312	2.21672181714797	1.41943384492421	2.70493396171747	0.54308	1
ENSDARG00000062865	25	4.6965782885046	3.78430210575835	3.67147928856891	0.781734927650469	23.482891442523	3e-05	0.00169633333333333
ENSDARG00000062868	14	2.17635040827125	1.39212446045171	1.8268760135036	0.839421816707701	8.14315758131659	0.49864	0.986808850865254
ENSDARG00000062872	2	4.45214864492303	4.45214864492303	2.8375975713479	0.637354634280625	6.29628899535114	0.05798	0.412383256464011
ENSDARG00000062880	14	1.67175163194659	1.77000070162216	1.11984634568323	0.669864066098912	6.25512184252433	0.74801	1
ENSDARG00000062887	1	2.43096113403644	2.43096113403644	NA	NA	2.43096113403644	0.4393	0.952828050234142
ENSDARG00000062893	4	14.8635963947513	9.78490631116698	13.9843749030116	0.940847324672366	29.7271927895027	1e-05	0.000656645161290323
ENSDARG00000062909	21	3.81988026449147	2.10929244807184	3.8773458384337	1.01504381550291	17.5048904577001	0.00103	0.0289595027624309
ENSDARG00000062915	10	2.60848956854026	2.10576813161393	2.09964978206288	0.804929338183193	8.24876828937713	0.1404	0.622427256097561
ENSDARG00000062916	5	1.66842957622199	2.00177047933216	1.04051340124984	0.623648379337645	3.73072194810354	0.73913	1
ENSDARG00000062919	6	6.21326894307724	6.76376636696667	4.42245158171306	0.711775334727866	15.219338545221	0.00126	0.0336595275590551
ENSDARG00000062942	5	1.07391176142532	0.810892540826431	1.09774192735467	1.02219005954243	2.40133970038356	0.98263	1
ENSDARG00000062949	13	1.53873316938525	1.74446101063095	1.1894550128153	0.773009275734604	5.54798134147573	0.76207	1
ENSDARG00000062954	11	3.00050538883881	2.49251808102104	2.29117766656738	0.763597251013123	9.95155055621777	0.6101	1
ENSDARG00000062955	14	2.402213052565	2.1056795164454	1.53169481317002	0.637618221054343	8.98825821273463	0.23413	0.772689734111543
ENSDARG00000062956	26	3.07830637852742	2.65301034776572	1.88382763403418	0.61196885637334	15.6963442929285	0.15749	0.659100830592105
ENSDARG00000062960	23	3.0314409433543	2.26057270858876	2.72738548002979	0.899699361126899	14.5382800371994	0.01772	0.216511596638655
ENSDARG00000062962	38	2.03687928550121	1.40815676427699	1.91449751242273	0.939917022108475	12.5561671899011	0.51891	1
ENSDARG00000062965	23	3.31553038738154	2.41522968320735	2.33688678860625	0.704830454125869	15.9007251483056	0.0027	0.0589712446351931
ENSDARG00000062967	8	2.52331640757661	1.23241785660833	3.49722016317634	1.38596180513686	7.1370165715068	0.17521	0.685879761538462
ENSDARG00000062971	9	5.04255691467142	3.64822116941238	3.92374736782107	0.778126540605787	15.1276707440143	0.00177	0.042995369928401
ENSDARG00000062973	25	2.11653521067705	1.69833531600043	1.58351247345576	0.7481625939732	10.5826760533853	0.56889	1
ENSDARG00000062976	8	1.72895802533028	1.70369687113652	1.10127341828785	0.636957868353962	4.89023177639177	0.87089	1
ENSDARG00000062977	4	3.17349175614972	3.15747828957075	0.65069991199544	0.205042256919208	6.34698351229945	0.11804	0.583776054421769
ENSDARG00000062991	14	3.08414632774412	2.94301795853612	2.34891496003416	0.761609440805055	11.5398188890955	0.05068	0.384654019388516
ENSDARG00000062997	14	2.13543451455931	1.85346505789386	1.90426626817794	0.891746506481339	7.99006432537288	0.31164	0.854017034649476
ENSDARG00000063003	6	2.08092396545711	2.12108268872939	1.35303316476448	0.650207882279478	5.09720190889888	0.76982	1
ENSDARG00000063006	10	1.73866110656657	1.26305122394895	1.68105625239662	0.966868267799634	5.49812917589911	0.97385	1
ENSDARG00000063007	25	1.90129940999181	1.43148514566471	1.69005377616184	0.888894072801044	9.50649704995906	0.97093	1
ENSDARG00000063009	3	0.672977921753314	0.50545169256105	0.770523052345461	1.14494551372207	1.16563195284885	0.96142	1
ENSDARG00000063014	8	2.26738253135925	2.52426750982912	1.48708885719486	0.655861477552878	6.41312625387219	0.71686	1
ENSDARG00000063018	8	2.76809517697642	2.41223627623915	1.9776205755784	0.71443373480335	7.82935548243921	0.16671	0.669867500986972
ENSDARG00000063019	12	0.767755909583291	0.484071996679405	0.808142302676451	1.05260316799786	2.65958448641903	0.99939	1
ENSDARG00000063021	3	0.68472579260817	0.344589168808229	0.904125352614	1.32041959332381	1.18597986205022	0.95046	1
ENSDARG00000063026	2	4.00583760057457	4.00583760057457	0.366152598488846	0.0914047535118069	5.66510986339665	0.09036	0.51281243454039
ENSDARG00000063030	3	2.16950648926097	1.79709874247389	1.56043609935073	0.719258553535041	3.75769546675038	0.48184	0.977826594896332
ENSDARG00000063031	28	2.76253509353833	2.59145750187675	2.20659964407746	0.798758954859533	14.6179616911819	0.1243	0.596153697597739
ENSDARG00000063036	40	2.7264852227015	2.47739553553874	2.0270208837892	0.743455664792035	17.2438066210563	0.11261	0.570423731343284
ENSDARG00000063040	12	3.0261738995098	1.9314622535344	3.23954589831902	1.07050883587482	10.4829738929796	0.0384	0.335480858369099
ENSDARG00000063051	21	2.5934530385416	2.52654648905658	1.55739762194633	0.60051120988183	11.8846948604301	0.22787	0.763802430029634
ENSDARG00000063056	28	2.85528671625297	2.35088059290731	2.56380406082742	0.897914750989328	15.1087571459832	0.60573	1
ENSDARG00000063062	13	1.39855153279899	1.0214865004595	1.59036384704118	1.13715069466071	5.04254926288553	0.91528	1
ENSDARG00000063068	89	2.48628999028861	1.93047951111037	2.1627867512871	0.869885154078927	23.4556128572039	0.17626	0.687335857852503
ENSDARG00000063075	32	1.99715420022776	1.646135007956	1.86494956461175	0.933803491187142	11.29761022445	0.56101	1
ENSDARG00000063076	15	1.96284222811401	1.85311946637375	1.3334414733989	0.679342157153472	7.60205526071824	0.49381	0.985683110413807
ENSDARG00000063089	8	2.10257066448896	1.47138528131216	1.93955764852424	0.922469661201926	5.94696789913619	0.3431	0.884076896988104
ENSDARG00000063095	17	4.09282023670303	3.65453657581893	2.47357161352073	0.604368496651423	16.8751301425921	0.96163	1
ENSDARG00000063097	1	1.83056614575414	1.83056614575414	NA	NA	1.83056614575414	0.42244	0.941827146923582
ENSDARG00000063100	3	1.84793302795203	1.95370585157155	0.514607880397114	0.278477559853685	3.20071389339752	0.6693	1
ENSDARG00000063101	37	2.36136340683466	2.24512613165606	1.65806513863062	0.702164323302193	14.3636128515112	0.28793	0.835152903961243
ENSDARG00000063126	16	2.50063455753144	1.70803123748336	2.19890151393608	0.87933740950408	10.0025382301258	0.16248	0.66518023246493
ENSDARG00000063133	25	3.52150727634168	3.29287503731686	2.37888072470018	0.675529123759611	17.6075363817084	0.68325	1
ENSDARG00000063140	13	1.70059244887736	1.46258844270686	1.4381713576597	0.845688429705249	6.1315732730942	0.64531	1
ENSDARG00000063144	32	2.63258548622904	2.25847659294292	1.72563737574416	0.655491487273977	14.8921523949267	0.88686	1
ENSDARG00000063145	2	6.43388891241146	6.43388891241146	0.43140970890545	0.0670527133400187	9.09889295873417	0.01044	0.1517976
ENSDARG00000063153	14	1.51243123431144	0.993979283386941	1.92970213624096	1.27589413155666	5.65899949984903	0.84251	1
ENSDARG00000063158	10	2.86124780605326	2.05699060792043	2.06681263622353	0.722346604111319	9.04806001728801	0.22751	0.763802430029634
ENSDARG00000063159	8	2.68287759793682	2.71556449832443	1.50035916021246	0.559235039782011	7.5883237703784	0.13451	0.613094655326768
ENSDARG00000063161	3	2.4210740962149	2.66798923805804	1.83423861984475	0.757613582629461	4.1934233435331	0.31592	0.85882311965812
ENSDARG00000063169	5	2.12039432616727	1.55094618760752	1.47225912618569	0.694332704071548	4.74134585241488	0.63223	1
ENSDARG00000063177	1	3.15497675867466	3.15497675867466	NA	NA	3.15497675867466	0.12783	0.599840359612725
ENSDARG00000063180	3	2.50016033384175	3.00957055591711	1.26957822211179	0.507798721916748	4.33040472528227	0.29848	0.844931973392461
ENSDARG00000063182	25	1.83029536516848	1.70958820901628	1.14893981531457	0.62773464719385	9.15147682584239	0.81531	1
ENSDARG00000063187	8	1.06877918030743	0.902891130375198	0.893547649488425	0.836045149411872	3.02296402394554	0.96017	1
ENSDARG00000063190	12	6.53344870451474	6.70867619630414	3.07549580895602	0.470730841864695	22.6325302097292	2e-05	0.00120449704142012
ENSDARG00000063194	13	1.73448208084025	1.53091620249959	1.35943897414167	0.783772279436351	6.253764078843	0.75205	1
ENSDARG00000063195	22	2.44197413077727	2.48481337381627	1.87994315948695	0.769845648974409	11.4538739480788	0.59685	1
ENSDARG00000063197	8	1.9027351762578	1.18565631897034	2.06361225792094	1.08455043227799	5.3817477837363	0.51101	0.994836252390057
ENSDARG00000063207	15	2.50018470079277	1.46314412437316	2.32269836905772	0.929010712017087	9.68317370861298	0.15892	0.660738464052288
ENSDARG00000063212	1	0.623677269447383	0.623677269447383	NA	NA	0.623677269447383	0.80071	1
ENSDARG00000063213	5	3.45845388109394	1.37850849577057	3.26798419908651	0.944926349011429	7.73333797517402	0.05167	0.388191173431734
ENSDARG00000063218	11	9.93489847276665	4.93389645983314	13.6249245728969	1.37142061494089	32.9503305644419	0	0
ENSDARG00000063219	16	2.35724290744552	1.42646755940454	2.81627016246969	1.19473057001223	9.42897162978209	0.87041	1
ENSDARG00000063224	5	3.52736051450712	3.84951405795565	1.46507132132227	0.415344934348732	7.88741789158656	0.08356	0.493600510737086
ENSDARG00000063230	3	0.831587009303214	0.656554768926321	0.365777011857412	0.439854167712283	1.44035095102742	0.91749	1
ENSDARG00000063233	7	1.29447435093622	1.66871728755481	1.09026048796342	0.842241862246939	3.42485721112898	0.83068	1
ENSDARG00000063244	13	1.93878699162412	1.56030140154889	1.73631932539823	0.895569927433709	6.99039591050333	0.44728	0.957395549947424
ENSDARG00000063249	6	2.5793495533635	2.53202461798076	1.17514857971958	0.455598807143908	6.31809027401627	0.18208	0.69853382585752
ENSDARG00000063250	6	1.12829353708005	1.23929429220435	0.510451670708634	0.452410347071249	2.76374344592614	0.97383	1
ENSDARG00000063252	22	3.05676824222917	3.04282203357484	1.8891828389032	0.618032735620643	14.3375139374795	0.13295	0.61017522993688
ENSDARG00000063253	5	2.21163216457684	2.26465624660101	1.00598496810891	0.454860887005317	4.94535986121881	0.48404	0.97850301489573
ENSDARG00000063254	11	2.93958469561021	2.76201631997072	2.08636968284926	0.709749811245414	9.74949947481017	0.08781	0.506075979614949
ENSDARG00000063255	21	2.29308328073537	2.02406975828725	1.59538061264941	0.695736010136442	10.5082277088075	0.86916	1
ENSDARG00000063257	11	3.52625288997484	1.21033581756191	5.09388102581532	1.44455919208099	11.6952577519529	0.01495	0.195579820051414
ENSDARG00000063258	32	2.36325662170594	2.10959862741268	1.68721983969704	0.71393847972342	13.3685982631382	0.14706	0.636926246808511
ENSDARG00000063270	14	2.83906555451072	2.66410246917077	1.53338460269855	0.540101865651642	10.6228106035705	0.28197	0.829823961937716
ENSDARG00000063276	8	1.42982686483624	1.32910866306373	0.912326249362156	0.638067637277638	4.04416108819364	0.76168	1
ENSDARG00000063297	14	7.15653182737644	7.29049106461804	4.51557207860592	0.630972122744169	26.7772901755859	0	0
ENSDARG00000063299	36	2.20132719654033	2.20642485903199	1.49517743989599	0.679216357407409	13.207963179242	0.97489	1
ENSDARG00000063309	22	1.57761239206337	1.43852889475683	0.836544967985233	0.530260140065906	7.39965802662678	0.83344	1
ENSDARG00000063310	35	3.29794213598915	2.21895192589808	4.94707953512033	1.50005043482564	19.5108887965578	0.10769	0.562872659137577
ENSDARG00000063311	9	1.21684797894732	1.0214865004595	1.29790539886386	1.06661261005394	3.65054393684195	0.98449	1
ENSDARG00000063330	2	6.78015340606679	6.78015340606679	0.457934455856	0.0675404269535032	9.5885849018298	0.01807	0.217979834710744
ENSDARG00000063333	21	2.0817466924893	1.81776120317886	1.45882668348369	0.700770506203739	9.53976179605617	0.3498	0.8889803196005
ENSDARG00000063341	2	2.78332705088496	2.78332705088496	2.74686437516388	0.986899607895708	3.93621886388142	0.26855	0.816367381307853
ENSDARG00000063352	2	10.5871980112427	10.5871980112427	0.127025415057116	0.0119980201486953	14.9725590150289	0.00137	0.0357534871794872
ENSDARG00000063354	45	2.01822259393353	1.87878825269252	1.38377497201762	0.685640412597219	13.538648741284	0.76618	1
ENSDARG00000063358	6	3.56205384853954	2.71211089046705	2.43931955562682	0.684807040923021	8.72521436523894	0.2113	0.742141447776629
ENSDARG00000063390	3	2.58535019825961	1.64669703397626	2.98019580688507	1.15272422625425	4.47795789874391	0.31174	0.854017034649476
ENSDARG00000063407	14	1.49197225003041	0.535669217464455	1.57179835832055	1.05350374867127	5.58244899018804	0.83624	1
ENSDARG00000063411	5	1.72120530360119	1.50333367196575	1.03637204878731	0.602119948514544	3.84873206208543	0.68044	1
ENSDARG00000063412	23	2.45566894959154	2.31883846663569	1.91841434072538	0.781218633335931	11.7769745592713	0.57202	1
ENSDARG00000063416	3	4.14042695938544	4.10060344058617	1.64151237746197	0.396459687265108	7.1714298586835	0.08252	0.490589112149533
ENSDARG00000063417	18	1.8287593359582	1.80482930375061	0.786946117400321	0.430316937787767	7.75876876568549	0.68468	1
ENSDARG00000063419	26	2.32643205583206	2.05133408707128	1.63139901079082	0.701245070407762	11.8625224497354	0.24356	0.785307287116176
ENSDARG00000063466	17	3.36481948253571	3.03507703840486	2.5466702005374	0.756851954095986	13.8735061376309	0.00806	0.128942637362637
ENSDARG00000063475	14	0.979910813983815	0.763798946332935	1.08955356068388	1.11189053650129	3.66649053552221	0.99438	1
ENSDARG00000063509	8	1.62718031606477	1.68005912009467	0.953129199237504	0.585755118733603	4.60236094281068	0.80756	1
ENSDARG00000063527	11	6.93246236776199	7.61117638686219	2.64175430959886	0.381070126234482	22.9923765471253	0.00153	0.0388337655860349
ENSDARG00000063535	1	0.786809982937022	0.786809982937022	NA	NA	0.786809982937022	0.78222	1
ENSDARG00000063538	1	2.72341198360104	2.72341198360104	NA	NA	2.72341198360104	0.17024	0.677631098944075
ENSDARG00000063544	12	2.08337719031761	1.72589628020336	1.52358984441509	0.731307730302457	7.2170302899204	0.83287	1
ENSDARG00000063555	3	1.84532117258572	1.08612743914641	1.81676888849773	0.984527200732226	3.19619002720105	0.45516	0.959895774006623
ENSDARG00000063570	8	2.32668723856292	2.06094519746712	1.74839295941467	0.751451647834954	6.58086529635217	0.77349	1
ENSDARG00000063572	21	1.55005838583896	1.23144664391621	1.32102366375792	0.852241228992749	7.10325988470812	0.95436	1
ENSDARG00000063574	5	1.47940732518823	1.79468021068131	0.580359154799497	0.39229165958446	3.30805534553202	0.78065	1
ENSDARG00000063588	1	0.380138875355413	0.380138875355413	NA	NA	0.380138875355413	1	1
ENSDARG00000063594	13	3.24170071628109	3.26663709031748	2.07660339655295	0.640590720211595	11.6881181522598	0.02206	0.243785754614549
ENSDARG00000063604	6	1.81093474762919	1.7110359519213	0.99574174580704	0.549849599556598	4.43586608916735	0.58927	1
ENSDARG00000063612	5	2.19986419803398	1.48812427962682	1.43900204357901	0.654132216372738	4.91904588807205	0.30025	0.84581912538057
ENSDARG00000063614	3	2.55889222694731	2.18566123045522	0.828486653046489	0.323767700851884	4.43213134816581	0.20332	0.729769767605634
ENSDARG00000063621	1	2.77070257856102	2.77070257856102	NA	NA	2.77070257856102	0.24987	0.792020199314855
ENSDARG00000063624	14	1.75138381705464	1.3170348160152	1.71644495723122	0.980050712195013	6.55307819615882	0.8124	1
ENSDARG00000063626	13	3.26608054287899	2.79360329568254	2.43017695996735	0.744065226825421	11.7760208671455	0.094	0.523662835249042
ENSDARG00000063627	18	1.24460793021875	1.05713131669677	0.879739199801529	0.706840426162887	5.28042424425739	0.98229	1
ENSDARG00000063631	5	5.12799122182315	3.22763575001786	3.50311379393257	0.683135684597976	11.4665369600188	0.00731	0.122336551724138
ENSDARG00000063635	46	2.10907477597311	1.81017714156553	1.85751622543226	0.880725636944387	14.3044410897356	0.55393	1
ENSDARG00000063663	8	2.17269528910823	1.80156339382712	2.26347069832748	1.04178009207012	6.14531028952197	0.32508	0.870472044198895
ENSDARG00000063665	1	1.12903435013942	1.12903435013942	NA	NA	1.12903435013942	0.76665	1
ENSDARG00000063670	1	0.353793718710198	0.353793718710198	NA	NA	0.353793718710198	0.88697	1
ENSDARG00000063701	9	1.31225968654689	1.12903435013942	0.670264177646774	0.510770988789973	3.93677905964067	0.84765	1
ENSDARG00000063706	7	3.31926374392167	3.29173090233359	0.614250508799775	0.185056252286251	8.78194640224993	0.04175	0.350734047815334
ENSDARG00000063711	48	3.13615542176517	2.25694204867383	2.32583401305998	0.741619499122559	21.7279221237195	0.1327	0.60948583032491
ENSDARG00000063719	16	4.27845103879825	2.55052008239518	5.64486091534426	1.31937022631672	17.113804155193	0.01094	0.156386685393258
ENSDARG00000063726	20	1.28054294908158	0.828511970894164	1.3013344437873	1.01623646807055	5.72676216450892	0.99973	1
ENSDARG00000063730	6	3.26258979062181	2.48158794428282	2.49755731895585	0.765513741916005	7.99168022703723	0.07587	0.472585593635251
ENSDARG00000063731	8	1.37307298286539	1.38107520712495	0.926753784270898	0.674948670490118	3.88363686899264	0.83112	1
ENSDARG00000063732	5	2.31017588423304	1.31793152440493	2.2188239095555	0.960456701456794	5.16571031712577	0.26046	0.804729004854369
ENSDARG00000063882	3	4.6223148546676	4.70278752681226	1.62116319991354	0.35072539428518	8.00608417686464	0.02711	0.276478537074148
ENSDARG00000067507	53	1.81525614922176	1.78493868961357	1.55200738390526	0.85497982451162	13.2152642435266	0.77913	1
ENSDARG00000067509	10	1.56347979744476	0.816326764730803	1.799758225118	1.15112342868734	4.94415723558415	0.74209	1
ENSDARG00000067520	8	6.99274053752578	6.36837011272852	6.78871554071386	0.970823313732715	19.7784570126502	0.00016	0.00690033898305085
ENSDARG00000067544	3	1.56683781429357	1.57275094726751	0.816477677779202	0.521099038031144	2.71384270157664	0.59611	1
ENSDARG00000067546	2	1.51018398943791	1.51018398943791	0.22419994028465	0.148458692353172	2.1357226795418	0.55767	1
ENSDARG00000067560	5	2.67423641715146	2.38116292287346	1.38276380885808	0.517068648078231	5.97977441665616	0.16565	0.668713515223408
ENSDARG00000067564	3	3.59903402047408	3.89932882668362	0.569369906605121	0.158200757027054	6.23370978163	0.06771	0.446921128404669
ENSDARG00000067566	9	5.56105053836767	2.46565820354942	6.04134202013783	1.08636704134524	16.683151615103	0.00086	0.0255191836734694
ENSDARG00000067591	2	2.67960452506314	2.67960452506314	1.26173323852366	0.47086546791599	3.78953306114061	0.53913	1
ENSDARG00000067601	11	1.15809628623111	0.674815068749066	1.3507758173184	1.16637608925796	3.84097085253262	0.99769	1
ENSDARG00000067607	10	2.39999092000908	2.18240010206483	1.90920185882071	0.795503784161603	7.58943767095166	0.45438	0.959895774006623
ENSDARG00000067613	4	1.84819860376761	0.725311453647592	2.50192650417335	1.35371085070246	3.69639720753522	0.46273	0.96866843685726
ENSDARG00000067626	4	3.79010546010544	3.46880683064326	1.95861719356812	0.516771159584998	7.58021092021088	0.70158	1
ENSDARG00000067639	5	1.32523844124944	1.61529001766055	0.822953176021856	0.620984986857135	2.96332324102962	0.81482	1
ENSDARG00000067658	3	1.46358191717197	1.83056614575414	0.804568211332992	0.549725438592211	2.53499824158092	0.63516	1
ENSDARG00000067668	2	0.345774833884695	0.345774833884695	0.48899945960704	1.4142135623731	0.48899945960704	0.94898	1
ENSDARG00000067670	10	1.37950091492683	1.44176256746102	1.43523209641987	1.04039952484989	4.36236492545495	0.86152	1
ENSDARG00000067673	35	1.65803657769125	1.42579946951914	1.35505418157548	0.81726434736581	9.80907667691888	0.82265	1
ENSDARG00000067710	4	3.67018521722119	3.94181485803672	1.0127495445615	0.275939628280746	7.34037043444239	0.0579	0.412315762237762
ENSDARG00000067717	5	2.9597326834905	3.3032362706935	1.44286221309902	0.487497476088756	6.61816347551263	0.2447	0.786657169930512
ENSDARG00000067730	8	1.95229362304656	1.78751357819255	0.685199803540139	0.350971695779492	5.5219202388939	0.40803	0.933558813749719
ENSDARG00000067741	6	1.67799222509833	0.69154966776939	2.33527658961031	1.39170882598902	4.11022474384829	0.56623	1
ENSDARG00000067751	2	0.265646193441498	0.265646193441498	0.375680449557753	1.4142135623731	0.375680449557753	0.95926	1
ENSDARG00000067777	5	0.910767560931609	0.475884931705394	1.14493945866151	1.25711488614106	2.03653817794476	0.94595	1
ENSDARG00000067794	5	4.59771743945983	2.18566123045522	5.31689045731532	1.1564195771761	10.2808087359685	0.00911	0.138597279521674
ENSDARG00000067795	9	1.61968502806595	1.75743491609747	1.2054700683571	0.744262030869383	4.85905508419785	0.93018	1
ENSDARG00000067805	4	1.72628726725059	1.81471907786458	1.17628177434541	0.681393993143934	3.45257453450119	0.71026	1
ENSDARG00000067815	9	3.14873612834004	2.81604511334612	1.46206831991694	0.464334977693962	9.44620838502011	0.04166	0.350734047815334
ENSDARG00000067817	1	5.33794472075035	5.33794472075035	NA	NA	5.33794472075035	0.22012	0.752515795836132
ENSDARG00000067829	10	1.29042417080582	1.08728299000566	0.823148722184787	0.637890037095912	4.08067952748056	0.94118	1
ENSDARG00000067850	37	3.9637728331877	2.99716565676511	4.11713896274836	1.03869195738882	24.1106888683282	0.01081	0.155401384180791
ENSDARG00000067859	7	1.75096877084808	1.57968384757476	1.17607202338039	0.671669331264407	4.63262792110446	0.53811	1
ENSDARG00000067912	7	2.414131858938	2.26308615599406	1.60096209831174	0.663162657161578	6.38719253086801	0.24839	0.790396211838006
ENSDARG00000067913	2	3.06520765196735	3.06520765196735	2.89761079343907	0.945322836963194	4.33485823290202	0.14187	0.626715651041667
ENSDARG00000067916	2	0.964354565260435	0.964354565260435	1.36380330512772	1.4142135623731	1.36380330512772	0.764	1
ENSDARG00000067918	15	1.83267329386997	1.60606811856494	1.4183081314814	0.773901238276042	7.09791314619748	0.65521	1
ENSDARG00000067920	7	2.58945226093826	2.0906816859023	3.090414634756	1.19346267987818	6.85104671431658	0.16632	0.669092869565217
ENSDARG00000067950	20	1.77752839853241	1.48966727574774	1.1436449127303	0.643390515546493	7.9493486621096	0.84706	1
ENSDARG00000067964	43	4.58693238741892	2.94466578406889	4.84981404939563	1.05731099562264	30.0785271456294	0	0
ENSDARG00000067966	10	2.74485276832087	2.6438066703265	1.5348279835768	0.559165869037017	8.67998658971242	0.40677	0.932452393605044
ENSDARG00000067984	16	2.19707093427775	2.373330278096	1.13770280222822	0.517827068975458	8.78828373711099	0.27458	0.822931460541814
ENSDARG00000067992	1	2.19315229999806	2.19315229999806	NA	NA	2.19315229999806	0.34162	0.88351556402439
ENSDARG00000067996	8	3.70490795052979	3.68239425531916	2.39008488406067	0.64511316231727	10.4790621419663	0.08275	0.491095918367347
ENSDARG00000067999	1	1.03563383872495	1.03563383872495	NA	NA	1.03563383872495	0.84035	1
ENSDARG00000068021	14	2.50981822721359	3.04159444201863	1.17403153778581	0.467775524560287	9.39087990931361	0.14068	0.623352651284284
ENSDARG00000068050	1	0.324768154399151	0.324768154399151	NA	NA	0.324768154399151	0.8993	1
ENSDARG00000068064	14	2.1316135901154	2.30087703967353	1.20659687366849	0.566048593076932	7.975767735203	0.52051	1
ENSDARG00000068103	9	2.0338314166092	2.01922574346728	0.727765965122764	0.357830034082222	6.10149424982759	0.37079	0.909903005008347
ENSDARG00000068143	14	1.85498540223736	1.62781552081875	1.33054051955562	0.717278161839342	6.94071983263924	0.97939	1
ENSDARG00000068156	2	4.51646640802867	4.51646640802867	2.78955042259007	0.617640024429551	6.38724804823664	0.04518	0.363224360189573
ENSDARG00000068176	3	6.61201448303012	7.64644558391611	3.81170616954977	0.576481824008794	11.4523450249894	0.0097	0.143916326530612
ENSDARG00000068177	7	1.27788637362188	1.6351304197089	0.772128059813201	0.60422278204969	3.38096954840166	0.87824	1
ENSDARG00000068187	13	3.02413395185876	2.43426426187164	2.13421731830441	0.705728434083627	10.9036700272983	0.13068	0.605674426229508
ENSDARG00000068194	8	1.63440727901616	1.91927608196751	0.987970535219998	0.604482461565339	4.62280188085193	0.80269	1
ENSDARG00000068221	1	1.83056614575414	1.83056614575414	NA	NA	1.83056614575414	0.42285	0.941949507550886
ENSDARG00000068227	3	2.41735222418954	1.9826747803625	0.918296825492376	0.379877130152289	4.18697687208592	0.25008	0.792255773420479
ENSDARG00000068232	4	3.26257471392549	1.9293239721112	3.82596657227609	1.17268320506068	6.52514942785098	0.94495	1
ENSDARG00000068246	8	1.3744330429613	1.22161181525422	1.26041465283695	0.917043328732335	3.8874836998592	0.79126	1
ENSDARG00000068247	3	2.59488681046575	2.38606649364444	2.55130324020655	0.983204057270086	4.49447579561702	0.65208	1
ENSDARG00000068256	10	2.9395019136858	2.93706424939072	1.190981378472	0.405164348737793	9.29552123367079	0.13775	0.618447066607852
ENSDARG00000068257	2	1.15798527848534	1.15798527848534	0.659639566648279	0.569644173293027	1.63763848586236	0.71093	1
ENSDARG00000068258	15	2.85186428208997	2.10823393214556	2.55097226065463	0.894492867937308	11.0452228701782	0.06102	0.424430942622951
ENSDARG00000068262	2	8.81007580773084	8.81007580773084	1.50204636027296	0.170491876920618	12.459328692828	0.00229	0.052851746031746
ENSDARG00000068274	9	7.37728806524474	6.34573668938235	2.79365828355049	0.378683638058237	22.1318641957342	0.00061	0.0195238364779874
ENSDARG00000068275	14	1.73972725878892	1.61148163826807	1.10884447500781	0.637366845524801	6.50946334881956	0.65975	1
ENSDARG00000068286	18	1.18022144809987	0.888672452511864	0.899482140248089	0.762129972892996	5.00725553551936	0.9892	1
ENSDARG00000068289	4	4.23674924633741	4.20028436527238	3.7665641316298	0.889022199009281	8.47349849267482	0.12301	0.594343153409091
ENSDARG00000068291	4	2.00379856545694	2.17109997536134	1.33268960623795	0.665081625075449	4.00759713091388	0.42135	0.941827146923582
ENSDARG00000068296	18	3.03797377880864	2.66339434932757	2.6235544378501	0.863586926309462	12.8890311603751	0.24159	0.782947994907702
ENSDARG00000068305	7	2.67156494397932	2.49150333667704	3.07689610597062	1.15172049734548	7.06829645312748	0.48643	0.980761596671949
ENSDARG00000068323	19	3.51488711629657	2.83998341185516	3.62713786171444	1.03193580382637	15.3210377378898	0.57106	1
ENSDARG00000068365	5	2.53959643512213	2.06641238603354	1.85894574981202	0.731984705956884	5.67871026434921	0.18623	0.705414566430964
ENSDARG00000068366	11	1.68095603853487	1.43956230368816	1.68786169124808	1.00410816972896	5.57510046890235	0.64305	1
ENSDARG00000068367	6	1.26729509366554	1.57146975770404	0.6424395812743	0.506937637875721	3.10422633301319	0.8532	1
ENSDARG00000068370	9	3.20048755760214	2.64984668746494	2.18322178056653	0.682152872421175	9.60146267280643	0.07414	0.466439245982695
ENSDARG00000068374	1	3.00957055591711	3.00957055591711	NA	NA	3.00957055591711	0.25396	0.797344582691715
ENSDARG00000068397	2	2.30994783736769	2.30994783736769	0.969481507469152	0.419698441577766	3.26675955997979	0.27654	0.824707266334603
ENSDARG00000068400	6	1.46346796505241	1.44834839772409	0.999556639504916	0.683005479705953	3.58474976928765	0.91751	1
ENSDARG00000068415	12	2.49783745557892	1.70664215992412	2.37254706881936	0.949840456399703	8.65276276422252	0.44455	0.956439602872835
ENSDARG00000068417	2	2.28123532780386	2.28123532780386	1.62945824919258	0.71428766218576	3.22615393954485	0.28299	0.830275040322581
ENSDARG00000068421	1	0.539448517532073	0.539448517532073	NA	NA	0.539448517532073	0.90898	1
ENSDARG00000068428	4	1.35828649619551	1.15065160778252	0.881058737661491	0.64865456597654	2.71657299239101	0.73601	1
ENSDARG00000068431	2	0	0	0	0	0	1	1
ENSDARG00000068432	14	2.2394336478949	2.01724126854577	1.34717366959633	0.601568914918595	8.37919345083607	0.98733	1
ENSDARG00000068434	1	1.43622986422208	1.43622986422208	NA	NA	1.43622986422208	0.74288	1
ENSDARG00000068436	13	11.663422828082	7.48054285848641	13.0882986838824	1.12216618370121	42.0530690540669	1e-05	0.000656645161290323
ENSDARG00000068438	10	1.62531174382882	1.08733280567666	2.17134068719826	1.33595336121988	5.1396870183192	0.72242	1
ENSDARG00000068456	1	2.55483363774512	2.55483363774512	NA	NA	2.55483363774512	0.25501	0.797787547633682
ENSDARG00000068460	1	3.52503268039822	3.52503268039822	NA	NA	3.52503268039822	0.13502	0.613816587762394
ENSDARG00000068468	6	1.82243205261074	2.14710273379724	1.00707586308265	0.55259995105988	4.46402861978929	0.51656	0.998816531813865
ENSDARG00000068484	5	1.25213496020937	0.344234851604429	1.73399375790482	1.38482976117437	2.79985888803214	0.98894	1
ENSDARG00000068516	1	1.92870913052087	1.92870913052087	NA	NA	1.92870913052087	0.37313	0.909903005008347
ENSDARG00000068557	7	2.55241384667698	2.61151477916175	1.47871914705884	0.579341453183231	6.75305228122502	0.17662	0.687335857852503
ENSDARG00000068562	40	2.99068368382678	1.25136349074428	5.96744258584167	1.99534394697533	18.914744403991	0.00745	0.12389885620915
ENSDARG00000068567	4	2.37776819902292	2.17238541083943	0.720215040534455	0.30289539612415	4.75553639804584	0.33344	0.876485619834711
ENSDARG00000068582	22	3.24385518214419	1.48987041025142	5.20207637906299	1.60367096771084	15.215029468914	0.00548	0.0997771735241503
ENSDARG00000068587	4	2.26373245248088	2.16043867685012	1.09804444542468	0.48505928526196	4.52746490496177	0.46545	0.968863311555737
ENSDARG00000068596	3	2.11880803079276	1.79531986437696	1.70778291923319	0.806011160243818	3.66988316081803	0.4197	0.941827146923582
ENSDARG00000068601	8	2.1709930187296	2.05544780849991	0.768684833007246	0.354070614864095	6.14049554180941	0.56888	1
ENSDARG00000068602	10	1.90898817302281	2.00536296668613	1.09033472039117	0.571158447076532	6.03675065307568	0.87088	1
ENSDARG00000068628	17	4.84226028028016	1.99671672964183	7.36336110643118	1.52064545898494	19.9651506023281	4e-05	0.00216553191489362
ENSDARG00000068629	2	1.80657679365307	1.80657679365307	0.414498529433365	0.229438643787297	2.55488540305268	0.40781	0.933558813749719
ENSDARG00000068637	1	0.908646593915662	0.908646593915662	NA	NA	0.908646593915662	0.72196	1
ENSDARG00000068640	28	2.78592821292041	2.58910087704382	1.80867737745069	0.649218945794266	14.741746443732	0.08109	0.487343056047198
ENSDARG00000068641	8	3.09504410829969	3.27198022601497	1.73215274984221	0.5596536557257	8.75410670820072	0.63891	1
ENSDARG00000068653	3	3.66411480285931	2.6823674146269	2.21632019333357	0.604871930214647	6.34643300331755	0.0685	0.448944707395498
ENSDARG00000068657	1	0.586213345141312	0.586213345141312	NA	NA	0.586213345141312	1	1
ENSDARG00000068663	4	1.90299410632397	1.44203192625573	1.71592291879847	0.901696391542236	3.80598821264794	0.40485	0.931621817770744
ENSDARG00000068681	10	1.37089100819414	0.558752866012154	1.69000524872996	1.23277871007133	4.33513800973803	0.84212	1
ENSDARG00000068683	3	2.14189048830564	2.12664862755447	0.725577022164683	0.338755424764344	3.70986314999387	0.30982	0.851795775256618
ENSDARG00000068691	8	2.06975839705394	1.56589948754906	1.62546920590524	0.785342486455863	5.85416079189855	0.96163	1
ENSDARG00000068729	4	1.85371279858107	1.96020411288018	0.688670184957001	0.371508566744613	3.70742559716215	0.43074	0.946110332326284
ENSDARG00000068732	8	2.76432357269036	2.39558261576294	1.26335931691212	0.457022951073186	7.81868777457272	0.52196	1
ENSDARG00000068738	3	4.87888136606629	5.17754475304683	0.672356815354024	0.137809625794637	8.45047041012787	0.01697	0.211927190184049
ENSDARG00000068745	29	6.67248605611101	5.10545970340826	4.7570107851361	0.712929295787644	35.9324370854647	0.06978	0.452859452577976
ENSDARG00000068755	3	1.41753156851045	0.583179468385425	1.67301554128695	1.18023159303956	2.4552366979929	0.72306	1
ENSDARG00000068787	12	4.4561594200304	2.64623640771634	4.68693492169338	1.05178798151288	15.4365890442386	0.02775	0.281594715852443
ENSDARG00000068814	2	1.30271954430429	1.30271954430429	1.01329278438069	0.777828803452724	1.84232364752363	0.68981	1
ENSDARG00000068830	3	1.3728897189427	1.57968384757476	1.03857363195212	0.756487296555732	2.37791474639771	0.72656	1
ENSDARG00000068833	18	2.2408039718367	1.75207929282604	1.46318490487107	0.65297318429499	9.50692610277287	0.53755	1
ENSDARG00000068855	2	0.857623847640368	0.857623847640368	0.383832413604661	0.447553335487023	1.21286327674761	0.86205	1
ENSDARG00000068868	19	2.46410825539636	2.27505409848453	1.37110611121778	0.556430955586096	10.740798871217	0.50188	0.989221185127808
ENSDARG00000068870	11	2.70463846565506	3.00590195365905	1.32485878193804	0.489846905145293	8.97027098414035	0.0992	0.539744072688402
ENSDARG00000068876	8	2.74686548357761	2.43693399625946	0.933279120786779	0.339761494098082	7.76930884177997	0.19726	0.724462185358817
ENSDARG00000068893	33	1.7866402294542	1.53479993668396	1.59674279577276	0.893712550209705	10.2634667249247	0.85685	1
ENSDARG00000068912	5	2.33501217834455	2.52654648905658	0.985934676288089	0.42223962916848	5.22124595906829	0.44302	0.955322041940267
ENSDARG00000068916	2	1.7219454137923	1.7219454137923	0.761470804124173	0.442215414045651	2.43519855785123	0.46388	0.968863311555737
ENSDARG00000068918	7	2.63768878412692	1.39540085529522	3.63956904158233	1.37983262600369	6.97866855878416	0.15089	0.642124573578595
ENSDARG00000068919	1	0	0	NA	NA	0	1	1
ENSDARG00000068976	3	1.89544034752943	1.44343139942018	1.52908012132455	0.806714979618111	3.28299898463698	0.46599	0.968863311555737
ENSDARG00000068978	1	2.54563315586318	2.54563315586318	NA	NA	2.54563315586318	0.51116	0.994836252390057
ENSDARG00000068982	1	0.982080478597003	0.982080478597003	NA	NA	0.982080478597003	0.80923	1
ENSDARG00000068989	8	2.86344211124779	2.92658579440098	1.71046448145988	0.597345577457655	8.09903733759374	0.94009	1
ENSDARG00000068992	1	0.347897777362367	0.347897777362367	NA	NA	0.347897777362367	0.95113	1
ENSDARG00000069003	32	3.23528301132048	2.78310561568034	2.82804777823883	0.874126859487501	18.3015244508987	0.00421	0.0817736259541985
ENSDARG00000069009	12	3.75341059410249	3.20703715218989	2.05314365859515	0.547007476832172	13.0021957013056	0.01571	0.200622810539523
ENSDARG00000069014	6	1.61440980736554	1.51018398943791	0.917776172195212	0.568490211102519	3.95448026379045	0.60472	1
ENSDARG00000069026	8	3.03853541395723	1.65108164961074	3.56075692402409	1.17186619174096	8.59427598433853	0.0685	0.448944707395498
ENSDARG00000069029	4	2.80308259944879	1.11738562627059	4.17369674747397	1.48896673551279	5.60616519889758	0.15936	0.662026971428571
ENSDARG00000069038	3	1.38567955112425	1.74150518618403	1.0064803815419	0.726344255225035	2.40006738555644	0.86843	1
ENSDARG00000069044	11	2.37299395381549	2.45496365704634	1.18469337338022	0.499239946008026	7.87033057458793	0.23493	0.772870294022617
ENSDARG00000069045	4	1.82231711656964	1.71610981189497	0.788000157388637	0.432416592163708	3.64463423313928	0.44033	0.952940408250053
ENSDARG00000069056	6	6.75687485922517	1.64262431485453	12.1284754865408	1.79498299720347	16.5508956609416	0.00087	0.0256662608695652
ENSDARG00000069065	2	2.56277227299209	2.56277227299209	0.587107482960576	0.22909077374835	3.62430730573914	0.39906	0.928373184
ENSDARG00000069074	23	3.11270714385005	2.49142411403045	2.24555945425996	0.721416872993219	14.9280190433168	0.80834	1
ENSDARG00000069085	15	2.67380693967494	1.79709874247389	2.94910558969404	1.10296130432386	10.3556097483348	0.08537	0.49793459025788
ENSDARG00000069093	1	4.09886970767191	4.09886970767191	NA	NA	4.09886970767191	0.16006	0.662832419682798
ENSDARG00000069099	5	4.24705024586264	3.23687235448592	2.71099507125153	0.638324228420069	9.49669305360606	0.03907	0.339295614334471
ENSDARG00000069100	7	1.96685264841145	1.4235476489691	1.25828378113163	0.639744813699135	5.20380297320546	0.65539	1
ENSDARG00000069101	4	8.52665743923136	5.24988161757965	10.2174006030083	1.19828909227639	17.0533148784627	6e-05	0.00306874371859297
ENSDARG00000069102	4	2.99717914736359	2.3649917010846	2.59437129047281	0.865604344256464	5.99435829472717	0.12612	0.598169149722736
ENSDARG00000069105	12	3.27963737787156	1.59109968012685	3.21161347704395	0.9792587127813	11.360997137751	0.03452	0.317671392405063
ENSDARG00000069106	8	7.91414076659995	8.52706771776067	5.06715975318553	0.640266568743693	22.3845704133109	1e-05	0.000656645161290323
ENSDARG00000069109	3	3.61045353452272	4.70691399243495	2.9750110704227	0.823999268229323	6.25348896015999	0.07681	0.475530523114355
ENSDARG00000069113	7	3.31700934144839	3.14160848198297	1.53361606717001	0.462349034718229	8.77598181395058	0.51583	0.998446510743487
ENSDARG00000069114	2	3.58301257684498	3.58301257684498	1.96555925332053	0.548577268755029	5.06714498032754	0.10883	0.563175774504825
ENSDARG00000069116	1	2.33080159581998	2.33080159581998	NA	NA	2.33080159581998	0.58775	1
ENSDARG00000069122	9	4.12009104938832	3.9632626804349	2.83671269393594	0.688507282953635	12.360273148165	0.03093	0.300771079274117
ENSDARG00000069129	19	1.96347242128869	1.35165069132102	1.64579635671398	0.838207014710088	8.55857786282651	0.66598	1
ENSDARG00000069135	4	4.5473407196724	4.80942336593438	0.552221014023502	0.121438231279772	9.09468143934479	0.11754	0.582151883211679
ENSDARG00000069139	13	1.28994234021776	1.35502522725343	0.662786537998583	0.513810980021553	4.65095325004714	0.96164	1
ENSDARG00000069142	8	2.46734211779773	2.58637093436953	1.26192282346688	0.511450282619597	6.97869737200781	0.67453	1
ENSDARG00000069143	1	4.09886970767191	4.09886970767191	NA	NA	4.09886970767191	0.16143	0.664781504854369
ENSDARG00000069147	12	1.0754300917403	0.866682460530637	0.739692147131059	0.687810535349687	3.72539911776532	0.99837	1
ENSDARG00000069150	7	2.86873900976514	2.71079683109594	2.06284880800258	0.719078592015754	7.58996999618824	0.15794	0.660069557739558
ENSDARG00000069157	7	2.66648148903306	1.91082031404168	2.65393501546675	0.995294745672188	7.05484689553867	0.24534	0.78753154619736
ENSDARG00000069175	4	1.89833120804487	1.86053296692414	1.3007456539265	0.685204799043557	3.79666241608973	0.66147	1
ENSDARG00000069184	13	1.78557937986962	1.85927015164652	0.936112358540204	0.524262527386801	6.43799801053111	0.84723	1
ENSDARG00000069196	1	3.43343630546829	3.43343630546829	NA	NA	3.43343630546829	0.1839	0.701824561797753
ENSDARG00000069246	3	2.15673213997263	0.57210937755394	2.80257256806751	1.2994532404488	3.73556964474934	0.29932	0.844931973392461
ENSDARG00000069250	7	4.96633820179253	5.25719022651858	2.37492286173678	0.478204013749926	13.1396958085828	0.00739	0.123303967213115
ENSDARG00000069261	4	2.14550128089689	2.14799084771047	0.970437493471267	0.452312707576474	4.29100256179379	0.41441	0.93900040247678
ENSDARG00000069262	2	0.564517175069712	0.564517175069712	0.798347845176133	1.4142135623731	0.798347845176133	0.91638	1
ENSDARG00000069264	9	5.4604932285807	1.74446101063095	8.81026498095815	1.61345589347945	16.3814796857421	0.00075	0.0227865671641791
ENSDARG00000069265	2	2.29862372738282	2.29862372738282	0.523138239801941	0.22758759233621	3.25074485005737	0.26501	0.811209557894737
ENSDARG00000069266	2	1.89145386807757	1.89145386807757	0.0410353681696906	0.0216951461847695	2.67491971283836	0.49847	0.986808850865254
ENSDARG00000069269	7	0.990961328935591	0.553026406119765	0.974989879324304	0.983882872979068	2.62183723524565	0.98368	1
ENSDARG00000069271	22	1.95427548615992	1.38872508042008	2.02561632911469	1.03650500835732	9.16636453932107	0.45454	0.959895774006623
ENSDARG00000069274	16	2.27932034647442	1.23790633155628	2.30102992736212	1.00952458522177	9.11728138589767	0.23781	0.776137743589744
ENSDARG00000069280	10	1.49944538992102	1.8379434975832	0.806068929378934	0.537578050389279	4.7416626591897	0.74075	1
ENSDARG00000069289	1	9.4665201705111	9.4665201705111	NA	NA	9.4665201705111	0.01746	0.215142711864407
ENSDARG00000069290	5	1.06493285764316	1.12903435013942	0.554826988612707	0.520997154544195	2.38126226116322	0.87546	1
ENSDARG00000069295	11	1.42310460659868	0.977150514986991	1.31319636143241	0.922768681475243	4.71990401751416	0.84785	1
ENSDARG00000069301	21	1.23812933218655	1.1692680663301	0.896678874852255	0.72422068643565	5.67382138488999	0.98981	1
ENSDARG00000069311	1	1.83056614575414	1.83056614575414	NA	NA	1.83056614575414	0.42122	0.941827146923582
ENSDARG00000069326	3	0.349274258404407	0	0.604960761332374	1.73205080756888	0.604960761332374	0.98425	1
ENSDARG00000069328	6	1.93684478181893	2.20163243847474	0.737268152266197	0.380654226496051	4.74428142642858	0.52312	1
ENSDARG00000069339	4	0.935330542731202	0.906105458974394	0.277135686375984	0.296297056190143	1.8706610854624	0.98409	1
ENSDARG00000069342	9	1.58595971417171	1.91159271222378	0.889560891870447	0.560897533475516	4.75787914251514	0.86839	1
ENSDARG00000069356	23	2.92192890320744	2.72136277056878	1.98229807676692	0.678421050762367	14.0130787428808	0.08175	0.489154320987654
ENSDARG00000069363	4	2.33908646633331	2.16929004311239	0.828998561660686	0.354411251397732	4.67817293266661	0.60601	1
ENSDARG00000069386	3	0.87867426786462	1.01628741068726	0.253425140167525	0.288417618947014	1.52190847524491	0.89594	1
ENSDARG00000069397	21	2.02177534871268	1.34506658420868	1.92556961238897	0.952415219433272	9.26493857367159	0.88309	1
ENSDARG00000069402	12	3.67203082428918	3.87591440181218	1.4364784479952	0.391194550572235	12.7202879092558	0.67916	1
ENSDARG00000069420	3	1.81232482782007	1.62897162281619	1.91061122288318	1.05423221795252	3.13903868160287	0.74817	1
ENSDARG00000069440	2	6.16811159465232	6.16811159465232	6.28352956309228	1.01871204284631	8.72302707138805	0.01894	0.22408111239861
ENSDARG00000069446	1	1.48812427962682	1.48812427962682	NA	NA	1.48812427962682	0.57574	1
ENSDARG00000069450	1	1.12903435013942	1.12903435013942	NA	NA	1.12903435013942	0.76793	1
ENSDARG00000069461	4	1.50650499311195	1.39383569901043	0.398518463412377	0.264531790624315	3.01300998622391	0.62314	1
ENSDARG00000069467	3	1.73306376002456	2.59959564003683	1.50087724255944	0.866025403784439	3.00175448511889	0.46372	0.968863311555737
ENSDARG00000069469	5	1.22184691882014	1.02610288183524	1.04494196033352	0.855215120845544	2.73213276858049	0.90398	1
ENSDARG00000069472	5	1.99261510013142	2.30143614299337	0.967330405215193	0.485457730974433	4.45562281688641	0.44682	0.957164650673401
ENSDARG00000069473	7	0.998749420553162	1.04782277521322	0.844078515365854	0.845135424357351	2.64244258885353	0.93381	1
ENSDARG00000069500	4	0.958038656869735	1.2058292789413	0.663100914152396	0.692144215055988	1.91607731373947	0.92195	1
ENSDARG00000069507	1	6.6181501266265	6.6181501266265	NA	NA	6.6181501266265	0.03621	0.325085679012346
ENSDARG00000069543	3	5.4402101709362	3.06462393188681	5.72947848491429	1.05317226814572	9.42272041991447	0.019	0.22408111239861
ENSDARG00000069548	2	3.37018474104603	3.37018474104603	2.45373735268901	0.728072061689836	4.76616096849015	0.10715	0.561492444673186
ENSDARG00000069549	5	3.06955383657824	3.36902878200401	1.20039017570637	0.391063405176987	6.86373103918423	0.175	0.68558506543495
ENSDARG00000069560	8	1.276646266936	1.19956624935297	0.886927131628842	0.694732091887523	3.61090093010774	0.8934	1
ENSDARG00000069589	2	6.52979398421689	6.52979398421689	8.46894526142063	1.29696974849296	9.23452321198178	0.01721	0.21321795620438
ENSDARG00000069590	7	1.20751689630807	0.740192499960309	1.22364530572562	1.01335667390399	3.19478941153972	0.94603	1
ENSDARG00000069594	19	2.86545056194845	1.78493868961357	3.33744702025724	1.16471980517711	12.4902094272451	0.03818	0.334595180722892
ENSDARG00000069595	30	2.70097804090361	1.41413515979785	3.6419338352263	1.34837595125649	14.7938660032902	0.06193	0.427337993220339
ENSDARG00000069601	13	1.41740445671794	1.27184796170656	0.916526859274018	0.646623379043322	5.11052444676771	0.96459	1
ENSDARG00000069603	1	7.71605050723051	7.71605050723051	NA	NA	7.71605050723051	0.03055	0.298691546589818
ENSDARG00000069608	18	2.189813946005	1.94046639153396	1.43922467243595	0.657236051976749	9.29059374454203	0.46551	0.968863311555737
ENSDARG00000069619	15	4.84130003131713	3.95443753029124	4.49863499801197	0.929220450893655	18.7502743952847	0.0166	0.209621339950372
ENSDARG00000069632	7	3.33295066477067	2.53986933424632	2.72061467952126	0.816278113048054	8.81815859103059	0.27048	0.818841594289114
ENSDARG00000069640	4	1.51299951580023	1.52444044404954	0.9175311866779	0.606431910318632	3.02599903160047	0.65347	1
ENSDARG00000069649	5	1.87841988856363	1.55219337759296	1.39386304242258	0.742040185428631	4.20027456111585	0.59369	1
ENSDARG00000069661	9	1.5041296980791	1.83056614575414	0.983611370116169	0.653940528780413	4.5123890942373	0.72373	1
ENSDARG00000069669	7	1.4584100976727	1.81162516793632	0.970573138266216	0.665500835337769	3.85859042798737	0.9394	1
ENSDARG00000069671	6	1.9603764415874	1.65242032914951	0.778031203609222	0.396878470432554	4.80192198566213	0.50245	0.989730230307722
ENSDARG00000069672	8	2.56481244479955	1.55423708741901	2.3443102646482	0.914027951401108	7.25438508875764	0.19	0.71227255985267
ENSDARG00000069673	8	4.45809331300144	4.21879537065682	2.4476884680297	0.549043794326006	12.6093920511429	0.00883	0.136169303030303
ENSDARG00000069677	10	2.34818635006615	2.37976558690855	1.62899716216236	0.693725675611931	7.42561723672653	0.24534	0.78753154619736
ENSDARG00000069696	7	2.44442825542286	1.54210501327889	2.00260070856786	0.819251170135666	6.46734926158837	0.27322	0.821909592198582
ENSDARG00000069701	10	1.85346266587472	1.7034318105143	1.13846491407292	0.614236766153383	5.86116358225176	0.74309	1
ENSDARG00000069706	6	0.97981983846176	0.962467002301459	0.563794762630198	0.575406559960361	2.40005864408755	0.96086	1
ENSDARG00000069708	7	1.39342858589887	1.76196513349038	0.947605028484077	0.680052812231349	3.68666550801681	0.80648	1
ENSDARG00000069726	1	0.69154966776939	0.69154966776939	NA	NA	0.69154966776939	0.7801	1
ENSDARG00000069728	3	2.37694321100254	2.77145412208715	0.974145042427842	0.409831012334943	4.11698640816231	0.51932	1
ENSDARG00000069733	1	0.324768154399151	0.324768154399151	NA	NA	0.324768154399151	0.89914	1
ENSDARG00000069737	4	2.57507012205105	2.53080112966045	2.143897414721	0.832558848150273	5.1501402441021	0.56138	1
ENSDARG00000069739	3	2.60013842262106	3.50143776966467	1.62066028852585	0.623297696163477	4.50357185469168	0.24334	0.785307287116176
ENSDARG00000069763	11	8.8648214976366	8.69798650303881	2.71532180173528	0.306303043153119	29.401286741137	0.00034	0.0124032974910394
ENSDARG00000069766	1	2.69078811211254	2.69078811211254	NA	NA	2.69078811211254	0.21878	0.750623217771794
ENSDARG00000069796	16	3.58362999745758	3.79561379215392	1.09536983493111	0.305659299567261	14.3345199898303	0.00384	0.0770878106508876
ENSDARG00000069829	5	1.72033544158421	0.520814628926285	2.07957551045894	1.20881978025397	3.8467869914844	0.75026	1
ENSDARG00000069832	4	5.88253471453254	5.90061770119082	0.356617762120646	0.0606231462161436	11.7650694290651	0.00264	0.0582861605206074
ENSDARG00000069834	5	3.01625596244486	2.96241397538507	2.60190516411632	0.862627441607218	6.74455336956575	0.10145	0.54538818373812
ENSDARG00000069843	3	1.73141346679809	2.42116368823574	1.50973677800435	0.871967792185603	2.99889609340327	0.83398	1
ENSDARG00000069844	5	1.99008553653823	2.12664862755447	0.403403198886742	0.202706462350591	4.44996654073862	0.38454	0.917212082454907
ENSDARG00000069846	6	3.55528819300728	3.38769250834394	2.93482620387178	0.825481942545233	8.70864196140948	0.09287	0.51901096597146
ENSDARG00000069850	9	5.78523291929609	5.8524049121802	1.16922228679941	0.202104617585851	17.3556987578883	0.00037	0.0130759027777778
ENSDARG00000069852	7	2.10991342503816	1.83056614575414	0.807455511668291	0.382696039603466	5.5823062105275	0.36618	0.906146374908826
ENSDARG00000069853	15	2.83136472610999	2.85897807405899	1.48231558033749	0.523533957553412	10.9658284312631	0.31183	0.854017034649476
ENSDARG00000069855	9	2.06476759786498	2.39453789958625	1.5210927422348	0.736689564388576	6.19430279359495	0.81214	1
ENSDARG00000069857	6	1.94329341223219	1.70955310157638	1.0526574631618	0.541687352273091	4.76007728048087	0.53382	1
ENSDARG00000069865	1	1.51348207269889	1.51348207269889	NA	NA	1.51348207269889	0.57461	1
ENSDARG00000069866	4	3.03635885624796	2.9190834087608	1.06688432557645	0.351369642419277	6.07271771249592	0.40061	0.929853724059293
ENSDARG00000069869	6	3.00666768296746	2.99255021029517	0.44039662443248	0.146473328904053	7.36480164938646	0.08443	0.495239435483871
ENSDARG00000069893	14	2.33430153447767	1.94400541091815	1.96768775820703	0.842944979105846	8.73415657943614	0.27748	0.825739895165987
ENSDARG00000069904	4	0.78687357245512	0.523911387606611	1.00496649386858	1.2771638660236	1.57374714491024	0.93345	1
ENSDARG00000069909	3	0.869458027418336	0.908646593915662	0.209313117295259	0.240739760511232	1.50594547853717	0.90775	1
ENSDARG00000069910	14	3.60121418556973	3.82764930105217	1.68022004530834	0.466570428396365	13.4745096587921	0.01502	0.196131754161332
ENSDARG00000069917	2	3.13277547286438	3.13277547286438	3.75741063704783	1.19938714714602	4.4304135615946	0.16615	0.668713515223408
ENSDARG00000069920	6	13.7987961474305	2.79387981414583	28.0021904017529	2.02932126125851	33.8000096258872	0	0
ENSDARG00000069922	13	5.21945762689879	5.72418420550309	2.66891623102444	0.511339763976627	18.8190221038952	0.00293	0.0627821894736842
ENSDARG00000069929	6	3.9406066407285	3.27324681956784	3.50670521775507	0.889889688940581	9.65247554680773	0.02373	0.255310718816068
ENSDARG00000069934	11	2.55464724219839	1.51348207269889	3.12999304719608	1.2252153626121	8.47280637408822	0.179	0.691671222475323
ENSDARG00000069937	13	1.87218033812629	1.70958820901628	0.95758013336224	0.511478576001178	6.75024220602986	0.64673	1
ENSDARG00000069940	4	4.25427913079968	3.99076766744788	2.39906591091205	0.563918313103517	8.50855826159936	0.09778	0.535906210979548
ENSDARG00000069945	1	0	0	NA	NA	0	1	1
ENSDARG00000069946	2	10.0066864227376	10.0066864227376	1.14304570849855	0.114228193051126	14.1515916534503	0.00174	0.0426740240963855
ENSDARG00000069951	4	3.29366803891158	3.08053615312132	2.44368883691154	0.741935376620127	6.58733607782316	0.70986	1
ENSDARG00000069953	12	2.27837573790464	1.404935101051	2.01502677835655	0.884413727215035	7.89252507356614	0.24917	0.790396211838006
ENSDARG00000069954	5	1.57488385184489	1.74446101063095	0.959812318784226	0.609449590622102	3.52154734939188	0.59094	1
ENSDARG00000069956	11	1.7642507813341	1.96770110303155	1.07790972020776	0.610973072316094	5.85135787777656	0.5717	1
ENSDARG00000069957	14	1.47307792051896	1.01628741068726	1.48157178946281	1.00576606900798	5.51175288260337	0.80657	1
ENSDARG00000069968	1	1.3369455356059	1.3369455356059	NA	NA	1.3369455356059	0.64874	1
ENSDARG00000069977	10	3.18756528934847	2.63679120695158	1.99902133138415	0.627131101616663	10.0799665048348	0.19123	0.714701850220264
ENSDARG00000069978	1	1.12903435013942	1.12903435013942	NA	NA	1.12903435013942	0.76727	1
ENSDARG00000070006	7	1.51250816268802	1.14511977526276	0.907668889204704	0.600108423607845	4.00172045442772	0.78264	1
ENSDARG00000070012	8	3.42278881826177	3.94840174341535	1.72217001712741	0.503148195395237	9.68110873584955	0.03591	0.324305217391304
ENSDARG00000070019	5	1.95842073058574	1.58616131295979	1.56111519598395	0.797129631852417	4.37916188213452	0.77819	1
ENSDARG00000070025	42	1.78122265802043	1.48803525770287	1.47690869417461	0.829154450469421	11.5436421727592	0.6907	1
ENSDARG00000070028	5	1.84174541445399	2.41656166527818	1.10449205939358	0.599698552647695	4.11826794396764	0.67218	1
ENSDARG00000070029	1	8.97755914525398	8.97755914525398	NA	NA	8.97755914525398	0.03025	0.296327718960539
ENSDARG00000070037	3	1.82580336365638	1.92316855584457	0.56415637160772	0.30899076145743	3.162384190483	0.73054	1
ENSDARG00000070043	1	2.30652195934671	2.30652195934671	NA	NA	2.30652195934671	0.5769	1
ENSDARG00000070046	4	1.62250116483024	1.42129312203545	0.694014534266644	0.42774362774603	3.24500232966047	0.57204	1
ENSDARG00000070047	19	1.7349301236847	1.54210501327889	0.891773812054379	0.514011371340076	7.56238508324612	0.76725	1
ENSDARG00000070048	7	1.9424162391645	1.42579946951914	1.37496803876735	0.707864777406706	5.13915031140264	0.422	0.941827146923582
ENSDARG00000070074	54	1.64962328980129	1.34098237382467	1.34303024404295	0.814143600145661	12.1222059834735	0.99762	1
ENSDARG00000070076	2	2.55855629397409	2.55855629397409	0.00526463092706999	0.00205765686667486	3.6183450110332	0.37271	0.909903005008347
ENSDARG00000070080	36	2.13367293481689	1.90024830824894	1.72098237895735	0.806582091788612	12.8020376089013	0.97473	1
ENSDARG00000070081	3	0.661213594173218	0.470158709820762	0.774618275488921	1.17150990589887	1.14525553976324	0.95934	1
ENSDARG00000070084	1	0.789210173503398	0.789210173503398	NA	NA	0.789210173503398	0.83861	1
ENSDARG00000070085	7	1.91655748197055	2.16000882407617	1.23490810929253	0.644336588341109	5.07073447065425	0.44394	0.956279644444444
ENSDARG00000070092	13	2.00489901151641	1.87878825269252	1.0521319310254	0.52478051262523	7.22876618814948	0.43293	0.947766083404987
ENSDARG00000070094	11	1.71751159151751	1.6244208892013	0.793530023933395	0.462023096584908	5.69634152214974	0.63202	1
ENSDARG00000070097	24	2.88030314113664	2.06525198103269	2.93654450651947	1.01952619659354	14.1105460006407	0.1183	0.584493883495146
ENSDARG00000070100	46	3.62110371620553	3.24767888512332	3.00292237240246	0.82928372334752	24.5595203064271	4e-05	0.00216553191489362
ENSDARG00000070108	16	3.02448623781585	2.10381464671742	2.42912887233551	0.803154215735405	12.0979449512634	0.04705	0.36921734772552
ENSDARG00000070127	1	9.1999114396232	9.1999114396232	NA	NA	9.1999114396232	0.01148	0.16180770718232
ENSDARG00000070151	5	4.09935605625995	2.93724429527828	2.91506135867888	0.711102260616619	9.1664388057727	0.07107	0.45723796460177
ENSDARG00000070161	4	2.78687504615679	3.01497778297923	1.62587686101444	0.583405008867041	5.57375009231357	0.38124	0.915347867924528
ENSDARG00000070162	17	2.33464040693914	1.80980995160225	1.69085711852588	0.724247345972524	9.62596899564507	0.94612	1
ENSDARG00000070164	20	1.3462426755058	0.579783248266087	1.41493420401896	1.05102462562135	6.02058027328431	0.97558	1
ENSDARG00000070173	1	15.9214116479153	15.9214116479153	NA	NA	15.9214116479153	0.00068	0.0211652599388379
ENSDARG00000070174	3	3.08479030148146	2.91579268739919	0.646955735715939	0.209724380748098	5.34301353286161	0.11936	0.586131037144235
ENSDARG00000070214	6	1.90190409677463	2.18731362804651	1.00950731216559	0.530787705793146	4.65869457680675	0.43001	0.945571160077771
ENSDARG00000070222	5	2.1345227960522	1.91382752023871	1.4706283311642	0.6889728860634	4.77293807149563	0.89782	1
ENSDARG00000070227	18	2.3680787686771	2.36860606742033	2.21667969169481	0.936066705641356	10.0469073342928	0.16391	0.66607461722488
ENSDARG00000070228	14	4.64265982087491	2.36321157807117	7.56873073229051	1.63025744385988	17.3712424130552	0.00098	0.0280180898876404
ENSDARG00000070231	20	2.62947763130208	2.76212664252022	1.6994954412744	0.646324357751936	11.7593814578132	0.12817	0.60115864516129
ENSDARG00000070256	19	1.71174704715959	1.03352204776529	1.47176061011912	0.85980029149827	7.46133239547282	0.68564	1
ENSDARG00000070261	18	1.87044200205781	1.47436918727565	1.26133331190982	0.674350399810383	7.93561334082733	0.70461	1
ENSDARG00000070271	2	1.41973708392265	1.41973708392265	1.50533070622299	1.06028836132381	2.00781143908744	0.66173	1
ENSDARG00000070337	1	2.50839500877384	2.50839500877384	NA	NA	2.50839500877384	0.3023	0.848306975461814
ENSDARG00000070338	1	1.92702127760676	1.92702127760676	NA	NA	1.92702127760676	0.51421	0.997451759100438
ENSDARG00000070358	2	4.76380083684895	4.76380083684895	1.68087387837453	0.352843020928297	6.73703175191608	0.06599	0.441872513157895
ENSDARG00000070371	10	2.35116368579384	2.23255583411866	1.41326605028035	0.6010921565434	7.43503239898502	0.64867	1
ENSDARG00000070386	4	1.35500683519821	1.12599225006902	1.60870087703822	1.18722713070514	2.71001367039642	0.85895	1
ENSDARG00000070387	3	0.856108919641547	0.69154966776939	0.507818096674451	0.593169963568507	1.48282414563206	0.90248	1
ENSDARG00000070389	1	1.92870913052087	1.92870913052087	NA	NA	1.92870913052087	0.37289	0.909903005008347
ENSDARG00000070393	11	1.91148846183097	1.77409421447764	2.12097999508672	1.10959602291038	6.33969001898692	0.66086	1
ENSDARG00000070399	7	2.2380271095312	2.29825162269531	1.49778694862286	0.669244327847576	5.92126315924027	0.29082	0.838279796091759
ENSDARG00000070412	2	2.64304789376845	2.64304789376845	0.717493914514509	0.271464590636497	3.73783417736899	0.54726	1
ENSDARG00000070431	12	2.66150267825791	2.4045395918887	1.74063665822038	0.65400522510829	9.21971572644668	0.45017	0.958226135508156
ENSDARG00000070435	5	2.91302554519978	2.10424072764219	2.64612527161237	0.908376953979268	6.51372313926009	0.74512	1
ENSDARG00000070437	6	4.60861799461009	4.55287387783002	1.55678803633594	0.337799322520688	11.2887625062034	0.09179	0.516724900442478
ENSDARG00000070441	6	1.6045376197072	1.04848976020329	1.79826700625788	1.1207384508604	3.93029844138253	0.8967	1
ENSDARG00000070442	23	4.67075601187033	2.4135528653524	4.82254339726108	1.03249739121568	22.4001589194301	0.01353	0.180010901960784
ENSDARG00000070447	7	2.6839479813263	1.71149636075288	2.17456245720212	0.810210358893596	7.10105889042321	0.19318	0.717324348777818
ENSDARG00000070453	28	2.44856123223436	2.10655406147671	1.530714518404	0.625148555916322	12.956568180812	0.09805	0.536533817204301
ENSDARG00000070455	6	1.8797821821635	1.84116727382366	0.882736568476017	0.469595135464072	4.60450717387608	0.86478	1
ENSDARG00000070458	4	1.63457661427162	1.37742774476566	0.663182671608266	0.405721375075334	3.26915322854324	0.55616	1
ENSDARG00000070461	6	1.4725975960376	1.58807197384306	0.662646689068284	0.449984904804479	3.60711270674126	0.70494	1
ENSDARG00000070463	1	2.3803428662894	2.3803428662894	NA	NA	2.3803428662894	0.32542	0.87054667542707
ENSDARG00000070470	26	2.55978607618249	1.94468762724139	1.83070916958808	0.715180532710097	13.0523991530776	0.09734	0.535484738262277
ENSDARG00000070471	6	1.95051929384851	1.46181891390001	1.63525033449972	0.83836665428377	4.77777700338261	0.57146	1
ENSDARG00000070473	6	1.12307910004202	0.951303379499432	0.952618623612742	0.84822041793592	2.7509707358871	0.90836	1
ENSDARG00000070475	11	2.76010056194688	1.95126264619576	2.0073838047196	0.72728647368691	9.15421794762688	0.82247	1
ENSDARG00000070478	6	2.05748936326402	1.7601836531212	1.25497331207252	0.609953730249969	5.0397990912007	0.58659	1
ENSDARG00000070479	14	2.31423127327659	1.90491323542091	1.87066276215958	0.808330085139248	8.65906053835862	0.50785	0.992716406909789
ENSDARG00000070487	9	2.36767514219038	2.49968387796192	0.692416700596976	0.292445820906161	7.10302542657113	0.20885	0.738541125
ENSDARG00000070491	18	3.48021394468496	2.89495053326695	2.87435356533706	0.825912892432035	14.7652972816003	0.38545	0.917471959775491
ENSDARG00000070507	13	1.89639310378227	2.4132181699645	0.875537844392436	0.461685840686835	6.83754257412329	0.50007	0.988293681553398
ENSDARG00000070511	9	4.4916279525145	3.40189197275932	3.75988411543316	0.837087166431115	13.4748838575435	0.22033	0.752775676401477
ENSDARG00000070513	23	1.68661499392546	1.3084406719797	1.03323854266938	0.612610789297323	8.08872135555962	0.94588	1
ENSDARG00000070539	8	2.15264105261128	0.961960372132115	3.15640702380374	1.46629509828163	6.08858834304795	0.82272	1
ENSDARG00000070542	9	1.81320249663476	1.83091073828532	1.49383659104886	0.823866387687736	5.43960748990428	0.55635	1
ENSDARG00000070545	8	2.08361163792435	1.47133891151324	2.67960979451792	1.28604090404644	5.89334367414205	0.77223	1
ENSDARG00000070553	3	1.79193064877168	1.89558294541584	0.971177528129696	0.541972720202878	3.10371492731241	0.63802	1
ENSDARG00000070560	11	2.87673355642694	2.50839500877384	1.93278820632196	0.671869037716023	9.54104582849286	0.11765	0.582413278210117
ENSDARG00000070567	2	6.69026786358657	6.69026786358657	0.933316237526264	0.139503567952199	9.461467548593	0.04283	0.354986758957655
ENSDARG00000070571	2	1.67638180199585	1.67638180199585	0.35684473015746	0.212866024752006	2.37076188009797	0.48388	0.97850301489573
ENSDARG00000070583	12	5.71277435062701	2.30288796691415	10.4284974110028	1.82546986296741	19.7896308549246	0.00034	0.0124032974910394
ENSDARG00000070589	7	3.13358933631123	3.4849051667085	2.23572648989723	0.713471438005679	8.29069809488345	0.13433	0.61282417749888
ENSDARG00000070590	4	1.40044974035649	0.964947431512948	1.32211407219824	0.94406392039581	2.80089948071298	0.76907	1
ENSDARG00000070607	1	2.35063583201308	2.35063583201308	NA	NA	2.35063583201308	0.33062	0.873812090366139
ENSDARG00000070620	1	3.26663709031748	3.26663709031748	NA	NA	3.26663709031748	0.16289	0.66518023246493
ENSDARG00000070625	14	4.45219727186861	4.23113671826356	2.35704207590294	0.529410969903782	16.658596809662	0.00732	0.122336551724138
ENSDARG00000070644	19	1.9779837129669	1.83173699732205	1.48671990285927	0.751634046889723	8.62183111679207	0.71337	1
ENSDARG00000070654	12	1.94407293766462	1.45605817394017	1.74378800360498	0.896976635917663	6.73446620330963	0.83318	1
ENSDARG00000070656	7	1.89032349340516	2.44566415994445	1.00331537944314	0.530763852294828	5.0013258610129	0.47526	0.976422341542188
ENSDARG00000070657	2	1.87051160046675	1.87051160046675	0.733780134699131	0.392288470446283	2.64530287395628	0.58669	1
ENSDARG00000070658	6	2.7101089988212	1.32287437266232	2.94167834202151	1.08544650539924	6.63838419443693	0.17366	0.6834924516628
ENSDARG00000070669	3	4.36422741127883	2.18641395806165	3.99733976668372	0.915932968193423	7.55906361211974	0.05509	0.402609378127234
ENSDARG00000070670	14	8.19729190619506	6.70622532695409	6.51330626994748	0.794568053020668	30.671457812357	0	0
ENSDARG00000070673	7	1.68174474633867	1.58288244301902	0.742878901569563	0.441731067206771	4.44947836750153	0.6764	1
ENSDARG00000070674	1	4.38909346304459	4.38909346304459	NA	NA	4.38909346304459	0.0718	0.45928864321608
ENSDARG00000070675	5	1.87279911651615	1.55436777054495	0.977971231143176	0.522197614532431	4.18770613273165	0.7278	1
ENSDARG00000070681	4	0.549132566688809	0.28605468877697	0.765912541126756	1.39476801702929	1.09826513337762	0.9757	1
ENSDARG00000070682	9	6.00806162152668	3.45158393544184	9.57681300551902	1.59399380512437	18.02418486458	8e-04	0.0240899408284024
ENSDARG00000070688	9	4.48327738994706	3.87674345536883	3.09082621596039	0.689412219482785	13.4498321698412	0.18667	0.706030196952806
ENSDARG00000070702	2	7.08644056634976	7.08644056634976	0.293177951767924	0.0413716800448579	10.0217403578827	0.01002	0.146950374639769
ENSDARG00000070704	18	2.45282950000402	1.57174811489604	1.86570432901104	0.760633516927278	10.4064742352835	0.15375	0.649592154420921
ENSDARG00000070705	4	2.22029558669956	2.24474026666587	1.38883901435505	0.625519873423491	4.44059117339912	0.34232	0.884076896988104
ENSDARG00000070717	5	2.87549085654251	2.44566415994445	1.81088432405945	0.629765286834144	6.42979302390816	0.15417	0.650523454846727
ENSDARG00000070721	2	2.33730962060693	2.33730962060693	0.945532345100982	0.404538764040793	3.30545496492743	0.27376	0.822411239669421
ENSDARG00000070723	2	4.95825636766218	4.95825636766218	0.547964900758945	0.110515645042636	7.01203340087061	0.13054	0.605674426229508
ENSDARG00000070726	2	3.2293165649508	3.2293165649508	4.56694328334952	1.4142135623731	4.56694328334952	0.14309	0.629961851211073
ENSDARG00000070730	4	1.17863968530155	0.824925993942953	1.06590058182985	0.904348118532202	2.35727937060311	0.9345	1
ENSDARG00000070734	24	1.62762445712469	1.40440360004852	1.20359892287008	0.73948195949102	7.97369882565995	0.94498	1
ENSDARG00000070769	1	1.27184796170656	1.27184796170656	NA	NA	1.27184796170656	0.64676	1
ENSDARG00000070780	6	2.85617149766803	1.9813892360995	2.85393964214415	0.999218584904407	6.99616278716751	0.4893	0.982020477129337
ENSDARG00000070781	11	1.34967298188718	1.27184796170656	0.887203316867399	0.657346874964383	4.47635887059992	0.90174	1
ENSDARG00000070786	22	1.59351997029331	1.55071133481656	1.04696349911229	0.657013102207672	7.47427118225711	0.95668	1
ENSDARG00000070792	3	1.74720922089006	1.6244208892013	0.398980698143923	0.228353132168496	3.02625514203442	0.45565	0.959895774006623
ENSDARG00000070794	5	1.33663325568621	1.51348207269889	0.86392334335088	0.646342846607804	2.98880282070122	0.72563	1
ENSDARG00000070795	4	2.36107623801214	2.20226049329762	1.70521929308524	0.72222119118056	4.72215247602428	0.42236	0.941827146923582
ENSDARG00000070798	9	1.42373625977674	1.96770110303155	1.01441013235694	0.712498628444012	4.27120877933023	0.85589	1
ENSDARG00000070800	5	1.60082426921565	1.17193618839342	0.897848289357035	0.560866240363129	3.57955188599761	0.58807	1
ENSDARG00000070809	18	1.70118484215958	1.52542360620263	1.14967133145304	0.675806239840219	7.21751602765683	0.8938	1
ENSDARG00000070822	22	2.46828928439846	2.37020076834298	1.89629278650888	0.768261969330315	11.5773029593458	0.66685	1
ENSDARG00000070826	25	2.0269356855706	1.78214493080104	1.44729874159548	0.714032888117045	10.134678427853	0.92669	1
ENSDARG00000070830	1	3.1160196007862	3.1160196007862	NA	NA	3.1160196007862	0.19432	0.720243612527312
ENSDARG00000070831	12	7.70084649648403	3.81270882391676	7.76151388963932	1.00787801616134	26.6765147863983	1e-05	0.000656645161290323
ENSDARG00000070832	22	4.76967658870326	1.32389589888099	8.95019046289176	1.87647742911749	22.3717662409146	0.00035	0.0125876325088339
ENSDARG00000070844	4	2.2509201989295	0.486935107621721	3.85943634923334	1.71460381006347	4.50184039785901	0.28639	0.83392057208238
ENSDARG00000070845	1	2.61151477916175	2.61151477916175	NA	NA	2.61151477916175	0.22897	0.765891156373193
ENSDARG00000070846	2	2.0501946093523	2.0501946093523	0.831000610204044	0.40532767299909	2.89941302205023	0.49246	0.984706012173572
ENSDARG00000070868	1	3.04247269180471	3.04247269180471	NA	NA	3.04247269180471	0.14996	0.641569096258932
ENSDARG00000070873	1	1.00552841836901	1.00552841836901	NA	NA	1.00552841836901	0.73114	1
ENSDARG00000070903	9	1.75102172646469	1.83056614575414	0.65986346853021	0.376844820687905	5.25306517939406	0.5509	1
ENSDARG00000070913	3	1.27144607004778	0.833940204655188	1.53761230629477	1.20934134959966	2.20220919240653	0.90934	1
ENSDARG00000070914	5	2.2213498901896	2.23950994990591	1.66558493208222	0.749807555954211	4.96708935627564	0.87851	1
ENSDARG00000070916	2	2.8319735025946	2.8319735025946	1.16189524777171	0.410277584414966	4.00501533565053	0.1613	0.664781504854369
ENSDARG00000070917	3	2.09980086570673	3.00590195365905	1.82415761608229	0.86872886180487	3.63696178518117	0.32346	0.86864798944591
ENSDARG00000070919	7	2.33573998187552	1.7516509882045	1.26744034093953	0.542629038666289	6.17978711935314	0.26099	0.804928409572857
ENSDARG00000070922	5	3.05359845276226	2.71102521140206	1.37820684604366	0.451338598497437	6.82805371636459	0.87028	1
ENSDARG00000070930	1	0	0	NA	NA	0	1	1
ENSDARG00000070932	2	0.983850551515775	0.983850551515775	1.39137479330186	1.4142135623731	1.39137479330186	0.77635	1
ENSDARG00000070951	14	3.58665818437641	2.69678168523577	3.13538278909468	0.874179424945624	13.4200460894052	0.25355	0.797344582691715
ENSDARG00000070952	13	3.16930299489044	2.32032709450724	2.09857461140719	0.662156510371686	11.4270844555591	0.1476	0.636944415254237
ENSDARG00000070959	12	6.69846195329361	3.8667877035482	5.30323928357137	0.791709995600376	23.2041528713432	0.01265	0.173519811320755
ENSDARG00000070971	16	8.95305981987132	3.79000800672573	10.2406631790568	1.14381712901411	35.8122392794853	0	0
ENSDARG00000070972	4	1.93805605336007	2.29862372738282	1.38692092805519	0.715624775480893	3.87611210672015	0.39307	0.924582033741622
ENSDARG00000070981	42	2.01256435821617	1.30723944191937	2.36124086965995	1.17324986901429	13.0429077444566	0.99778	1
ENSDARG00000070985	5	3.05206232693485	3.21037067734899	1.39332402934454	0.456518864981319	6.82461883459252	0.33446	0.878032984266185
ENSDARG00000070986	4	1.25724076854789	0.769582365791889	1.08137205620116	0.860115328148437	2.51448153709578	0.90139	1
ENSDARG00000070995	17	3.96082071210817	4.57538619710613	2.40465694344679	0.607110777848587	16.3308821601562	0.00062	0.0196584423676012
ENSDARG00000071011	4	3.93458550599963	4.04704572610358	2.90032734429899	0.737136692003882	7.86917101199927	0.84947	1
ENSDARG00000071014	5	2.42183627282083	2.49968387796192	1.80149960433734	0.743856892621007	5.4153905364021	0.24374	0.785307287116176
ENSDARG00000071015	14	3.74338148867181	2.94595363008516	2.92910554239206	0.782475831345563	14.0064509986017	0.24505	0.787285006313131
ENSDARG00000071017	8	2.74977835588792	2.31375223975987	2.05084365828162	0.745821441895591	7.77754768883338	0.11985	0.586872670509126
ENSDARG00000071025	2	1.85608105683125	1.85608105683125	0.157854583169177	0.0850472465026234	2.62489500343454	0.39388	0.925204394184168
ENSDARG00000071026	11	5.05782399662757	4.5317266762639	3.30201615466346	0.652853115661035	16.7749044524694	0.51871	1
ENSDARG00000071031	7	2.10086512240902	1.40509268223156	1.98990893893625	0.947185479786755	5.55836665198353	0.6833	1
ENSDARG00000071032	9	1.92919600649186	1.85991812483125	0.995940968078066	0.516246646129613	5.78758801947557	0.70936	1
ENSDARG00000071040	7	2.10919059857684	1.73728466212144	1.28756488034663	0.610454494352197	5.58039379146979	0.68698	1
ENSDARG00000071051	25	2.1825077060601	1.86604881574918	1.5003292126706	0.687433638151512	10.9125385303005	0.51132	0.994879556490155
ENSDARG00000071055	3	2.3503317907835	2.67960207799539	0.730196292562472	0.310677962756508	4.07089407628136	0.26839	0.816367381307853
ENSDARG00000071059	13	4.5223451622144	3.76555674011051	4.15994150463523	0.919863777624237	16.3055473677105	0.01753	0.215223570566948
ENSDARG00000071060	4	1.41343152234199	1.40806642269198	0.814484584707668	0.576246229005919	2.82686304468398	0.78678	1
ENSDARG00000071062	5	1.03551018178469	1.6244208892013	0.953414741574043	0.920719813619641	2.31547115786374	0.85957	1
ENSDARG00000071065	25	3.18802770652642	2.20920775863257	3.56258011203074	1.11748718643114	15.9401385326321	0.00638	0.111001094017094
ENSDARG00000071074	9	2.34332449158719	1.04782277521322	2.58134149307007	1.10157236112087	7.02997347476158	0.22901	0.765891156373193
ENSDARG00000071076	6	3.4050426769162	3.76185613229511	2.16051511791585	0.63450456364692	8.3406171108452	0.20722	0.736155378708551
ENSDARG00000071083	4	2.59834064968076	2.99875401918971	2.17614888951086	0.837514853865766	5.19668129936152	0.20359	0.729769767605634
ENSDARG00000071084	16	1.42513524985795	0.933895716935251	2.04434680126941	1.43449318334746	5.70054099943182	0.89661	1
ENSDARG00000071086	8	2.27851426747611	2.05513738239983	2.32016746058955	1.01828085683202	6.44461155825062	0.36615	0.906146374908826
ENSDARG00000071087	15	1.86191175766411	1.28370317467633	1.49834898280744	0.804736839240554	7.21115322954087	0.57628	1
ENSDARG00000071095	7	5.28362005583352	4.18656721241574	3.88071377321189	0.734480097395967	13.9791446898887	0.00295	0.0629457023060797
ENSDARG00000071097	21	1.30000370975134	1.00964874282909	1.24146506599128	0.954970402529656	5.9573654036589	0.97957	1
ENSDARG00000071113	2	1.76186299403904	1.76186299403904	0.477733391272766	0.27115240679275	2.49165054121328	0.45235	0.959297704166667
ENSDARG00000071150	51	2.08687665025746	1.62557311602634	1.81823355029297	0.871270254554168	14.9032802370109	0.97156	1
ENSDARG00000071152	1	2.77070257856102	2.77070257856102	NA	NA	2.77070257856102	0.24776	0.789759248355778
ENSDARG00000071196	22	1.14638509509864	0.579161361347626	0.989255081619061	0.862934354126385	5.37702271687735	0.99139	1
ENSDARG00000071197	20	2.54837679238138	2.32920412233722	1.86555851691659	0.732057567975763	11.3966874800953	0.09631	0.53361087642896
ENSDARG00000071198	4	1.67058709714884	1.38989046857174	1.10636107148354	0.662258839046313	3.34117419429768	0.63376	1
ENSDARG00000071203	5	4.78632465639015	4.78026522870358	2.02596606239453	0.423282206669723	10.7025472940717	0.01059	0.153758944365193
ENSDARG00000071205	7	1.89357773687325	0.969133266458554	2.10714149116066	1.11278319877168	5.00993577993511	0.48068	0.97776206662677
ENSDARG00000071209	8	1.9473311844968	1.17272494457648	1.89528454172398	0.973272834540331	5.50788434309488	0.69217	1
ENSDARG00000071212	2	0.775658390615293	0.775658390615293	0.0750943351598172	0.096813669610727	1.09694661577663	0.877	1
ENSDARG00000071213	13	2.30296017929952	2.47510545179259	1.5243940067412	0.661928078671714	8.30344101181617	0.23748	0.776137743589744
ENSDARG00000071217	5	2.20723758274344	2.77535991702767	1.48520842768251	0.672881088693906	4.93553327750665	0.38179	0.915420871203202
ENSDARG00000071224	4	4.66078745632319	3.2839471356884	4.23511609008488	0.90866964644337	9.32157491264637	0.66342	1
ENSDARG00000071230	6	2.76260823995828	2.95773880233793	1.16305787903121	0.420999931227591	6.76698054710609	0.26023	0.804729004854369
ENSDARG00000071259	22	2.21103210005887	2.03809669725071	1.27657416815171	0.577365732554367	10.3706598075916	0.6781	1
ENSDARG00000071271	1	1.31793152440493	1.31793152440493	NA	NA	1.31793152440493	0.6444	1
ENSDARG00000071272	9	1.65542775092395	1.61117979711589	1.37969029745979	0.833434317317526	4.96628325277186	0.94185	1
ENSDARG00000071288	7	1.74502767699129	1.6016534780358	0.769194950474784	0.440792407259123	4.61690926424369	0.51744	0.998957572078907
ENSDARG00000071336	8	1.57434967242865	0.885398192786993	1.70280806672569	1.08159457619023	4.45293331733247	0.98329	1
ENSDARG00000071345	4	19.1611142529076	16.6113073985806	7.29636098676977	0.38079001515596	38.3222285058152	0	0
ENSDARG00000071353	46	3.358979023412	3.11083050508527	2.12730798461496	0.633319818250629	22.781704143176	0.00345	0.0707945564516129
ENSDARG00000071374	21	5.23911448041147	1.37437251561747	15.4823412819833	2.95514467948167	24.0086386810248	2e-05	0.00120449704142012
ENSDARG00000071378	5	2.06542031979579	2.16653437017561	1.27525321793969	0.617430363068074	4.61842023717274	0.66461	1
ENSDARG00000071384	14	2.60290904558197	1.79194179115553	2.09672026246025	0.805529592368623	9.7391938575025	0.10894	0.563175774504825
ENSDARG00000071395	2	23.515685971183	23.515685971183	19.1995120106139	0.816455536706083	33.2562020289537	0	0
ENSDARG00000071403	3	4.54195630087006	4.16364247411975	3.58890379570983	0.790166958458482	7.86689907886454	0.74122	1
ENSDARG00000071413	20	2.18377608699761	2.19315229999806	1.75329160439043	0.802871509963716	9.76614355633032	0.26895	0.816669116945107
ENSDARG00000071418	8	1.63664378541123	1.27741690982928	0.921155325224616	0.562831896247454	4.62912767620442	0.65083	1
ENSDARG00000071424	10	2.25950050945061	2.45556675829033	1.35343375077777	0.598996877901504	7.14516798417472	0.67806	1
ENSDARG00000071425	3	1.36007041937868	1.37376327098721	0.112513412277616	0.0827261667296723	2.35571106823538	0.85329	1
ENSDARG00000071426	1	0.775047264124461	0.775047264124461	NA	NA	0.775047264124461	0.85982	1
ENSDARG00000071437	10	1.55919259210088	1.25646786207932	1.48711223642245	0.953770716944401	4.93059990190063	0.74138	1
ENSDARG00000071449	3	1.42157565627869	1.83056614575414	0.79490272929335	0.559170189629018	2.46224126347776	0.60915	1
ENSDARG00000071454	8	7.86367075169946	7.70935637424389	2.91216443068322	0.37033142951132	22.24181965418	0.09255	0.518020472787246
ENSDARG00000071460	33	1.85268880684438	1.90968754712783	1.26454297752002	0.682544727883294	10.6428869154573	0.59089	1
ENSDARG00000071468	7	1.00030530981954	1.04740955943941	0.546639858104922	0.546473014527472	2.64655908491992	0.99287	1
ENSDARG00000071475	1	0.380138875355413	0.380138875355413	NA	NA	0.380138875355413	1	1
ENSDARG00000071478	4	1.76470512072426	1.76470512072426	1.10701933071171	0.627311224810958	3.52941024144852	0.46946	0.971160312944523
ENSDARG00000071492	10	2.64610675950851	1.85202300918772	2.68321021576284	1.01402190449081	8.36772429201431	0.73614	1
ENSDARG00000071493	13	1.98726554038219	1.28792818639663	1.41393418002204	0.711497357192695	7.16518780381065	0.66049	1
ENSDARG00000071496	4	1.84428767497758	1.78893073384581	0.94763425965407	0.513821283149653	3.68857534995516	0.57077	1
ENSDARG00000071497	3	3.8031175802437	3.87709806736366	2.47530973597434	0.650863320354067	6.5871928761405	0.25135	0.794484565217391
ENSDARG00000071498	4	0.807308042805015	0.616447514069038	0.543255525338508	0.672922226131863	1.61461608561003	0.95088	1
ENSDARG00000071500	3	1.58688132829258	1.87636397003357	0.516884910059292	0.325723732987292	2.74855908618513	0.64546	1
ENSDARG00000071501	11	2.12609340984211	1.48854064905521	2.10628090121668	0.99068126144707	7.05145410969357	0.67042	1
ENSDARG00000071506	26	2.64420858020876	2.06334362433094	2.56892082105042	0.971527299426433	13.4828711484939	0.37049	0.909903005008347
ENSDARG00000071518	13	1.67533648217702	1.36729072740319	0.966458591317823	0.57687431844256	6.04051159014469	0.8178	1
ENSDARG00000071524	15	1.63745141116567	1.09201492195219	1.76872528324028	1.08016962896087	6.34182204566846	0.76108	1
ENSDARG00000071548	13	2.7904252509995	2.32151150023876	1.93195575811314	0.692351732919968	10.0610213228282	0.12871	0.602303622988506
ENSDARG00000071549	1	3.43343630546829	3.43343630546829	NA	NA	3.43343630546829	0.18275	0.700048739179526
ENSDARG00000071551	1	0.722558676995091	0.722558676995091	NA	NA	0.722558676995091	0.87084	1
ENSDARG00000071570	12	2.41632150060702	2.56605350540689	1.25234725042347	0.518286680853051	8.37038321294485	0.366	0.906141571393821
ENSDARG00000071578	3	0.900605828793841	0.69154966776939	0.456369146554439	0.506735723846739	1.55989505306361	0.88986	1
ENSDARG00000071581	8	2.16303912372904	1.0216001795452	3.40489564055092	1.57412577664381	6.11799852944246	0.31862	0.86106366339262
ENSDARG00000071585	2	1.15798527848534	1.15798527848534	0.659639566648279	0.569644173293027	1.63763848586236	0.70614	1
ENSDARG00000071586	5	2.90480222407742	3.25200367803084	0.789899381099339	0.271928799335113	6.49533523422969	0.14194	0.62675285032538
ENSDARG00000071589	15	1.66946126842244	1.26136120626724	1.22806932733536	0.735608157292455	6.46579568973842	0.71985	1
ENSDARG00000071604	1	1.51348207269889	1.51348207269889	NA	NA	1.51348207269889	0.57397	1
ENSDARG00000071629	14	0.924287004767279	0.73498915315945	0.61506029777637	0.665442978862645	3.45836529888665	0.99768	1
ENSDARG00000071648	1	1.96770110303155	1.96770110303155	NA	NA	1.96770110303155	0.47956	0.97776206662677
ENSDARG00000071669	6	3.30350507417915	3.48372626809332	1.55034349934097	0.469302593617537	8.09190179443401	0.0542	0.398877512653651
ENSDARG00000071670	2	4.84616209061806	4.84616209061806	6.04339677635639	1.24704800692823	6.85350815401042	0.12253	0.59329702188392
ENSDARG00000071679	8	2.16766170809543	1.42754531733172	2.14941579723599	0.991582676027673	6.13107317245078	0.3985	0.927282350251486
ENSDARG00000071683	10	2.46240059804827	1.7390264650896	2.00841202663243	0.815631716555109	7.78679440159329	0.3487	0.888143786893447
ENSDARG00000071685	1	4.0467121095094	4.0467121095094	NA	NA	4.0467121095094	0.07155	0.458907304785894
ENSDARG00000071697	30	2.48476093793687	1.81345427766483	2.46548420157059	0.992242015691742	13.6095961571572	0.09974	0.54112671641791
ENSDARG00000071699	13	1.81991498840922	1.50703813634281	1.21468740042605	0.667441835559472	6.56179680769491	0.58462	1
ENSDARG00000071709	12	3.07266054115001	3.14490020415316	1.86578025919957	0.607219780451655	10.6440083433678	0.64641	1
ENSDARG00000071724	14	4.59360037806413	5.39318912552028	2.87307227507692	0.625451070754159	17.1876787864712	3e-04	0.0112671586715867
ENSDARG00000071725	2	0.469078717368403	0.469078717368403	0.202660084849916	0.432038541392088	0.663377483922971	0.96668	1
ENSDARG00000071733	1	1.19615472203961	1.19615472203961	NA	NA	1.19615472203961	0.70168	1
ENSDARG00000071772	2	0.474064535717781	0.474064535717781	0.095149454708954	0.200709919304316	0.67042849585219	0.97799	1
ENSDARG00000071790	3	1.75789482345865	1.66266187498724	0.461293221144097	0.262412298499465	3.04476314859271	0.46127	0.968575948116121
ENSDARG00000071823	8	1.5952915711791	1.34119703183202	1.51019896938649	0.946660157096105	4.51216595180192	0.68942	1
ENSDARG00000071863	32	1.86407669045707	1.54706648547256	1.48602987653007	0.797193529717762	10.5448101477917	0.64739	1
ENSDARG00000071868	37	1.6129981501201	1.38555567604735	1.05582042423542	0.6545701395608	9.81148470899087	0.92159	1
ENSDARG00000071872	16	1.35856505336859	1.15144862853216	0.97142299282518	0.715036052500036	5.43426021347438	0.97132	1
ENSDARG00000071876	7	2.04160936969507	1.16491723718223	2.44618277848237	1.1981639655424	5.40159066655248	0.36548	0.906114403892944
ENSDARG00000071878	8	2.43704389178084	2.19512899750456	1.58465963240199	0.65023844574421	6.89300104770995	0.34725	0.887126129518072
ENSDARG00000071879	15	5.20102915372655	3.47228314973223	4.83434812491219	0.929498370807703	20.1434992955222	2e-05	0.00120449704142012
ENSDARG00000071881	15	1.92483723577977	1.17193618839342	1.47790950013101	0.767810115400378	7.45486255833498	0.62914	1
ENSDARG00000071904	12	3.14751931492595	1.52511017936022	4.39823245380644	1.39736472241789	10.9033267425123	0.10409	0.553515161964472
ENSDARG00000071905	4	6.91951962868115	6.37283776686334	6.28769746099948	0.908689879993578	13.8390392573623	0.00962	0.143295526315789
ENSDARG00000071906	20	1.94863212670565	1.64150792961832	1.34391690207512	0.689671941490125	8.71454779690764	0.88665	1
ENSDARG00000073673	9	2.65347339467246	2.40692615306148	1.37067302729707	0.516558044278511	7.96042018401737	0.13393	0.612233195691203
ENSDARG00000073688	52	2.09486142380976	1.41988748547392	2.29994156930565	1.09789675974028	15.1062605570751	0.31656	0.859303935037274
ENSDARG00000073695	1	0.623677269447383	0.623677269447383	NA	NA	0.623677269447383	0.80264	1
ENSDARG00000073696	9	2.04906915519327	2.26057270858876	1.32368082662207	0.645991289882659	6.1472074655798	0.3915	0.923450057937428
ENSDARG00000073704	7	4.21270510032922	4.56469169051028	1.59749614006396	0.379209107216909	11.1457700423245	0.68227	1
ENSDARG00000073705	6	2.49911193846147	2.27995855036619	2.05009145791948	0.820327983860373	6.12154905932835	0.21622	0.746088359824146
ENSDARG00000073707	11	2.6565163990744	1.92702127760676	3.00028998607863	1.12940766604114	8.81066814515581	0.58639	1
ENSDARG00000073708	8	2.25640992767528	2.17616615386934	1.42224327281435	0.630312451372542	6.38209104398336	0.26977	0.817664997022037
ENSDARG00000073713	10	0.584268366113842	0.486562710957845	0.37667823639226	0.644700720146238	1.84761880170488	0.99996	1
ENSDARG00000073716	4	1.03113803452798	0.938226989731617	0.45021796306207	0.436622399704386	2.06227606905596	0.85197	1
ENSDARG00000073721	13	2.9388550976675	1.94572537774222	2.78226748970265	0.946718159704733	10.5961927457989	0.04825	0.374876717557252
ENSDARG00000073728	17	2.56035354505614	1.56030140154889	2.38513788256996	0.93156583284191	10.5566081051911	0.11139	0.567715282924387
ENSDARG00000073741	6	3.44282763497109	3.09497531122695	2.79047207125421	0.810517506862537	8.43317097803216	0.13252	0.609117688487585
ENSDARG00000073753	11	2.51469410974626	1.77363546917865	2.4147937334174	0.96027334857879	8.34029682454515	0.69228	1
ENSDARG00000073757	7	2.23850253081864	1.83056614575414	1.94073942343142	0.866981116488475	5.92252100573483	0.30053	0.846373641394577
ENSDARG00000073769	9	2.28855585425212	1.48812427962682	1.47902776208396	0.646271210438641	6.86566756275636	0.24137	0.782626269512584
ENSDARG00000073784	6	3.1792691225952	1.61144910599651	4.03287652367073	1.26849170930793	7.78758710534423	0.07967	0.483212666666667
ENSDARG00000073799	8	2.79212372324242	3.00424885354129	0.669646782425718	0.239834208223436	7.89731847446619	0.10578	0.557866141895391
ENSDARG00000073802	22	2.19386215942289	2.02045911915877	1.24209032510225	0.566166073728618	10.2901256474374	0.35145	0.891107216135458
ENSDARG00000073808	1	4.09886970767191	4.09886970767191	NA	NA	4.09886970767191	0.16225	0.66518023246493
ENSDARG00000073837	12	2.20118126960497	1.5716821128543	1.83272955992055	0.832611827670812	7.62511559124955	0.55618	1
ENSDARG00000073841	51	1.49567597546299	1.28792818639663	1.15521634595409	0.772370730630002	10.6812629310599	0.99984	1
ENSDARG00000073843	36	2.85432973440726	2.70166011904485	2.15163349600488	0.753813923482004	17.1259784064436	0.11112	0.567446469408225
ENSDARG00000073845	12	8.18246606587226	4.95587258980109	9.22252782926231	1.12710859477047	28.344893914598	0	0
ENSDARG00000073847	7	0.763146350624297	0.567684098148464	0.707186519658843	0.926672215729426	2.01909545769839	0.99891	1
ENSDARG00000073848	22	1.6817340306741	1.39422388758539	1.29014241562112	0.767150091565895	7.88803180130518	0.90018	1
ENSDARG00000073857	8	2.06259680405527	2.032645571741	1.24102973677136	0.601683147346769	5.83390474800473	0.55092	1
ENSDARG00000073866	16	2.00618865646803	1.9110446738879	1.33586073611963	0.665869947879912	8.0247546258721	0.40418	0.93118802804161
ENSDARG00000073867	3	2.72077012695586	2.89017384886327	0.323730376916151	0.11898483216528	4.71251209560317	0.17459	0.684594932614555
ENSDARG00000073869	9	1.91664661826504	1.42405447347082	1.66633111556538	0.869399241198545	5.74993985479511	0.46232	0.968607031700288
ENSDARG00000073883	30	4.03664087776262	3.88112951790666	3.25594251378951	0.806597022719091	22.1095926529804	0.93895	1
ENSDARG00000073891	3	3.49818887050079	3.43303103519502	0.658222638997438	0.188160977970069	6.05904085817935	0.079	0.480323775388292
ENSDARG00000073905	7	2.43751033247282	2.30150738568303	1.34704728391195	0.552632440554782	6.44904615787345	0.3277	0.871753946680606
ENSDARG00000073909	3	4.36751503949722	3.43343630546829	4.22123981506203	0.966508363883727	7.56475795123038	0.05517	0.402609378127234
ENSDARG00000073914	7	2.12778548887947	1.39869324485607	2.26016554195975	1.0622149430815	5.62959124686708	0.68727	1
ENSDARG00000073917	6	2.07514982377423	1.11861496766114	2.45652339056339	1.18378122023764	5.0830582080733	0.50278	0.989805578336557
ENSDARG00000073920	14	0.79432032523885	0.731378342815646	0.637814861053974	0.80296933212956	2.97207451239462	0.99941	1
ENSDARG00000073931	2	0.979454413719108	0.979454413719108	0.574313912881439	0.586361044309044	1.38515771560775	0.8284	1
ENSDARG00000073933	6	2.26121584210844	2.23072248353477	1.21749330316148	0.538424187770703	5.53882501146344	0.27207	0.820725684647303
ENSDARG00000073944	39	1.68719282658835	1.21033581756191	1.77561702084555	1.05240906247569	10.5365158249564	0.84554	1
ENSDARG00000073948	2	1.65302234203714	1.65302234203714	1.45571376201836	0.880637681051771	2.33772661501466	0.4731	0.975171898785425
ENSDARG00000073961	1	0.623677269447383	0.623677269447383	NA	NA	0.623677269447383	0.7995	1
ENSDARG00000073974	2	1.37672761967036	1.37672761967036	0.350291181079186	0.254437534392648	1.94698687143145	0.63167	1
ENSDARG00000073997	6	1.73088551933908	1.73472099698364	1.16559642873641	0.673410468637741	4.23978632555301	0.85381	1
ENSDARG00000073999	20	2.45422195782711	1.97867169280847	1.53314000912668	0.624694927953489	10.9756142591481	0.12509	0.597169803001876
ENSDARG00000074017	18	2.53756236870616	2.15940004393278	2.12118029699393	0.835912576239639	10.7659653515755	0.2792	0.826308073234525
ENSDARG00000074023	5	2.13278375549435	1.95826104628529	1.33391193231433	0.625432338781642	4.76904945859267	0.41453	0.93900040247678
ENSDARG00000074030	5	2.47205798908128	1.80088849262936	2.03828929116782	0.824531341971203	5.52768970790718	0.37757	0.911338795637743
ENSDARG00000074031	14	1.36415206159689	1.36203233054911	0.857250501564844	0.628412715633285	5.10418963795689	0.90709	1
ENSDARG00000074034	9	1.07216655504598	0.710600367670586	1.29989463857402	1.21239991348011	3.21649966513793	0.99197	1
ENSDARG00000074041	31	1.53398252303656	1.51683460580087	1.06300852948884	0.692973038170337	8.54085322496703	0.9428	1
ENSDARG00000074050	4	1.13017965886058	1.07018788457645	1.14079079635324	1.00938889442	2.26035931772115	0.83866	1
ENSDARG00000074056	6	2.44806179102862	3.05464105873272	1.37465204624132	0.561526694824039	5.99650224682401	0.40791	0.933558813749719
ENSDARG00000074057	6	8.67640862488227	9.07282743999571	3.67155101525067	0.423164833975358	21.2527739308446	0.52386	1
ENSDARG00000074059	24	1.55112365833306	1.23292065072361	1.10928351848195	0.715148345860482	7.59892298175029	0.98256	1
ENSDARG00000074064	7	1.06565086819314	0.670627767272909	1.2219834410229	1.14670149248302	2.81944718165912	0.98629	1
ENSDARG00000074070	10	1.64583978008215	0.878563871360732	1.87266388370072	1.13781663705275	5.20460236877023	0.67226	1
ENSDARG00000074071	9	3.74993970382705	4.00885147864916	2.25977024592602	0.60261508834923	11.2498191114811	0.34319	0.884076896988104
ENSDARG00000074081	1	1.04782277521322	1.04782277521322	NA	NA	1.04782277521322	0.79117	1
ENSDARG00000074084	19	7.24063546202135	2.6736660587048	15.7292985715219	2.17236438072671	31.561198265968	0	0
ENSDARG00000074086	11	4.77130429562919	5.25719022651858	4.37612997715249	0.917176877853148	15.824626109213	0.00209	0.0490138709677419
ENSDARG00000074087	13	1.06543545221831	0.598498707937466	1.0720961351848	1.00625160628232	3.84148215367027	0.99506	1
ENSDARG00000074098	12	2.10924071164989	1.6244208892013	1.47311239870426	0.69840885896421	7.30662415594069	0.38175	0.915420871203202
ENSDARG00000074120	2	2.35936285613391	2.35936285613391	0.859434365640854	0.364265447091567	3.3366429497039	0.32339	0.86864798944591
ENSDARG00000074121	24	2.15058713464628	2.02030516535342	1.66064139465961	0.772180474767302	10.535682254555	0.31869	0.86106366339262
ENSDARG00000074125	12	3.91235735559282	2.97181113733211	3.44709745780642	0.881079396512361	13.5528034345052	0.00745	0.12389885620915
ENSDARG00000074129	6	3.49423072571159	2.59803593658736	2.83330826937247	0.810853229732124	8.55908232154837	0.04819	0.374876717557252
ENSDARG00000074131	4	3.45116434373949	3.94284106376696	2.03384728876625	0.589322062409375	6.90232868747897	0.32658	0.870822960440136
ENSDARG00000074143	23	1.70062391148291	1.3369455356059	1.81602371383075	1.06785733257579	8.15590576398912	0.78525	1
ENSDARG00000074146	3	0.963644907247345	0.623677269447383	0.725862217385527	0.75324656616404	1.6690819398074	0.87436	1
ENSDARG00000074153	5	1.20850524914513	0.679490609258273	1.18168410693744	0.977806350260651	2.70229988825383	0.81848	1
ENSDARG00000074156	9	2.61454781819544	2.53910534262441	0.652497662799246	0.24956424902934	7.84364345458633	0.14176	0.626678419452888
ENSDARG00000074161	20	2.35073994926954	1.99200952972124	1.75637783771714	0.747159564911855	10.5128286479822	0.57091	1
ENSDARG00000074168	1	0.343277026679018	0.343277026679018	NA	NA	0.343277026679018	0.89421	1
ENSDARG00000074169	14	2.0430706896532	2.16064914092886	1.1392019099907	0.557592997520838	7.64447053764224	0.47727	0.977300937437135
ENSDARG00000074170	1	1.17193618839342	1.17193618839342	NA	NA	1.17193618839342	0.65372	1
ENSDARG00000074184	2	2.1958801769827	2.1958801769827	0.947539531441225	0.43150784882225	3.10544352763516	0.395	0.926020013805798
ENSDARG00000074201	28	2.10977653207977	1.93052892102956	1.59535670272459	0.756173309574131	11.1638880516067	0.3879	0.919741346064276
ENSDARG00000074212	3	0.831904885314764	0.927420832205978	0.21452311978083	0.257869768007987	1.44090152842993	0.8918	1
ENSDARG00000074216	3	2.08015637327529	3.0371357930784	1.68016364794537	0.807710261368422	3.60293652620101	0.67558	1
ENSDARG00000074221	30	1.59913173819968	1.2926292630296	1.56635738645649	0.979504908219703	8.75880525434411	0.85201	1
ENSDARG00000074222	4	3.74582869416319	3.90759339373272	1.51050475618946	0.403249822540779	7.49165738832638	0.05459	0.400300446685879
ENSDARG00000074226	12	4.02723023268918	2.60540780062853	4.98397469842085	1.23756885264859	13.9507347535902	0.00824	0.130430357698289
ENSDARG00000074229	20	3.04571055839942	2.41319638990966	2.75798700215481	0.905531549788562	13.6208316967399	0.30512	0.849307986977754
ENSDARG00000074231	1	4.18656721241574	4.18656721241574	NA	NA	4.18656721241574	0.11803	0.583776054421769
ENSDARG00000074233	9	1.24673200871853	1.26136120626724	0.948898985723908	0.761109026709956	3.74019602615559	0.90088	1
ENSDARG00000074235	5	1.61531704634333	0.586213345141312	1.96184804978905	1.21452816599081	3.61195872083786	0.57953	1
ENSDARG00000074242	4	3.65022147950064	3.12138527973215	1.47199493756182	0.403261814612738	7.30044295900128	0.72866	1
ENSDARG00000074245	28	2.57397783892207	2.52828758371557	1.45436182895151	0.565025000199913	13.6202104839585	0.53923	1
ENSDARG00000074246	7	2.16613943826177	1.8561480436812	1.69862372545177	0.784170998158287	5.7310662587298	0.95765	1
ENSDARG00000074253	5	0.95330301147875	1.04782277521322	0.765013981627888	0.802487742529219	2.13165033682175	0.91858	1
ENSDARG00000074258	11	2.85370708220671	1.54184275175628	2.55588027424827	0.895635116226388	9.46467565325955	0.10564	0.557866141895391
ENSDARG00000074262	7	1.82461672119621	1.46258844270686	1.43885878144088	0.788581385189526	4.82748208229525	0.60178	1
ENSDARG00000074270	30	1.55076499637712	1.23571621545858	1.11680714106311	0.720165301430057	8.49388969905164	0.87463	1
ENSDARG00000074282	19	2.14870935677919	1.77105779235982	1.19068001705623	0.554137307262904	9.36600694524077	0.62569	1
ENSDARG00000074286	8	1.84340526665211	1.56922209391257	1.34046210675854	0.727166256388652	5.2139374580988	0.65803	1
ENSDARG00000074298	43	2.07056421093334	1.87878825269252	1.27152651805296	0.614096636722894	13.5775975238153	0.32623	0.870624412997903
ENSDARG00000074303	21	1.60775822459536	1.38241383146137	1.16493649022063	0.724571936501098	7.36767376339606	0.97302	1
ENSDARG00000074308	6	1.79551303891055	1.83711977675488	1.0168078698847	0.566304921128093	4.39809077184483	0.85687	1
ENSDARG00000074311	54	2.15473070204779	1.73530431045975	1.93758572694431	0.899224077098307	15.8339722593781	0.92989	1
ENSDARG00000074314	21	2.63868291674181	1.54184275175628	2.80785275950573	1.06411147079877	12.0919642009562	0.07617	0.473482051282051
ENSDARG00000074317	4	1.69056525468732	1.31863752275581	1.30368330431611	0.771152311749854	3.38113050937465	0.5115	0.995039564220183
ENSDARG00000074319	7	1.58161236209999	1.4235476489691	1.26969233069715	0.802783514546706	4.184552980622	0.773	1
ENSDARG00000074320	5	1.2674335807777	1.21359006692959	0.716589788396201	0.5653864622685	2.83406764358491	0.90878	1
ENSDARG00000074328	11	5.59432001062117	4.07322437351356	2.95554776631867	0.528312245403797	18.5542604324075	0.00033	0.0122136
ENSDARG00000074337	1	1.42579946951914	1.42579946951914	NA	NA	1.42579946951914	0.61134	1
ENSDARG00000074340	5	1.93967717206047	1.78214493080104	1.74470353702649	0.899481399357365	4.33725001113177	0.83529	1
ENSDARG00000074341	14	4.75856551797356	4.29036286602399	3.76272286571081	0.790726291673119	17.8049218207735	0.00029	0.0110547565543071
ENSDARG00000074346	7	3.20609139887338	3.10445513162734	2.74704795653861	0.856821473493838	8.48252052196214	0.05544	0.402694782608696
ENSDARG00000074363	30	2.79514021936965	2.20807275369971	3.0195686199751	1.08029235851934	15.309613495387	0.72112	1
ENSDARG00000074367	15	1.64199264334341	1.49495414549577	1.29887422062342	0.791035347136917	6.35941016226411	0.83145	1
ENSDARG00000074372	20	1.66470695323824	1.11017450121454	1.37510764595856	0.826035863719831	7.44479582011455	0.85003	1
ENSDARG00000074379	1	0.541345360368685	0.541345360368685	NA	NA	0.541345360368685	1	1
ENSDARG00000074381	7	1.63378280717292	1.47041023249601	1.31886310592714	0.807245063503446	4.32258300407254	0.82829	1
ENSDARG00000074401	5	2.98006315023564	2.24734457652802	1.99989802239265	0.671092497564864	6.66362378116907	0.10034	0.542988995215311
ENSDARG00000074424	18	3.17041359695131	3.1427637815404	1.12417752787472	0.354583871629788	13.4509257214218	0.08261	0.490837466433158
ENSDARG00000074425	2	2.53967048623005	2.53967048623005	3.59163644558521	1.41421356237309	3.59163644558521	0.44303	0.955322041940267
ENSDARG00000074431	4	4.05233063248187	3.82895142252455	2.76898167987344	0.683305961680022	8.10466126496375	0.17507	0.685595405925356
ENSDARG00000074435	7	1.09704807160743	0.553026406119765	1.00942676083273	0.920129925896214	2.90251637375624	0.99104	1
ENSDARG00000074443	15	2.55396936046108	2.41172043961231	1.86616498207584	0.730692000838621	9.89148079978979	0.18815	0.710044753429737
ENSDARG00000074447	3	3.97855574881226	2.22722501608062	3.73634370748243	0.939120611442446	6.89106069768807	0.08095	0.487004066193853
ENSDARG00000074456	3	0.73822822054906	0.74741962932381	0.282766955098558	0.383034605326046	1.27864878557213	0.92754	1
ENSDARG00000074465	47	1.47430434244995	1.17193618839342	1.42363811289096	0.965633805653183	10.1073213477083	0.98565	1
ENSDARG00000074468	26	2.1984665222534	1.94348508840308	1.40223526912003	0.637824253827052	11.2100236969506	0.24561	0.78753154619736
ENSDARG00000074471	24	1.99501377487104	1.85875069711826	1.49128497742729	0.747506105577484	9.77353155651554	0.50582	0.991938350992102
ENSDARG00000074480	13	1.25443917864798	1.40403782613278	0.909013162421866	0.724637095121337	4.52294478056622	0.98948	1
ENSDARG00000074488	10	1.84014090540975	1.35455445877626	1.40498809204292	0.763522015032901	5.81903647673928	0.7041	1
ENSDARG00000074490	7	2.28005288655444	2.35773290503446	1.35307991765834	0.593442338832358	6.03245291389802	0.68876	1
ENSDARG00000074502	1	11.2767240751552	11.2767240751552	NA	NA	11.2767240751552	0.0115	0.16180770718232
ENSDARG00000074505	2	4.73470036756565	4.73470036756565	1.06256747260926	0.22442127064433	6.69587747358423	0.38079	0.91465108541765
ENSDARG00000074507	1	12.4150559355003	12.4150559355003	NA	NA	12.4150559355003	0.004	0.079052427184466
ENSDARG00000074509	3	1.08929561653221	0.982080478597003	0.60868146951287	0.558784466103532	1.88671535229586	0.78918	1
ENSDARG00000074521	11	2.50686311295134	2.90114664480996	1.85323376710754	0.739264045784185	8.31432434644192	0.59603	1
ENSDARG00000074524	21	2.30802347347022	2.4132181699645	1.48045000500587	0.641436286078991	10.5766922729122	0.59282	1
ENSDARG00000074531	13	2.79302909901593	2.41319213507338	2.29537542758156	0.821822955009773	10.0704096303649	0.09922	0.539744072688402
ENSDARG00000074533	18	2.92453239893035	2.91272554428626	1.97916932739713	0.676747273554232	12.4077401465005	0.13146	0.607629373297003
ENSDARG00000074535	1	0.69154966776939	0.69154966776939	NA	NA	0.69154966776939	0.78161	1
ENSDARG00000074540	6	1.83057279861068	1.84907876712162	1.27379576427446	0.695845456264407	4.48396929361475	0.77401	1
ENSDARG00000074544	24	2.01551217196297	1.46383034466312	1.73639407153018	0.861515050955535	9.87395278335587	0.39216	0.923959782407408
ENSDARG00000074546	4	8.22390070540878	3.5141442176249	10.5410361962397	1.28175625823241	16.4478014108176	0.00103	0.0289595027624309
ENSDARG00000074548	13	2.61955101641908	1.55800453674383	2.53784865002592	0.968810545822144	9.44492550839279	0.22413	0.757992268349386
ENSDARG00000074552	7	3.50594993402613	2.18641395806165	2.87403725933042	0.81975992624343	9.27587163447645	0.44644	0.957164650673401
ENSDARG00000074554	7	0.799979197783761	0.438505594039577	0.732154733771334	0.915217215397193	2.11654601136079	0.99967	1
ENSDARG00000074556	13	1.60792318030702	1.12903435013942	1.78453258634944	1.10983696746551	5.79744947360409	0.69557	1
ENSDARG00000074558	36	3.33273623879926	1.77791346800693	4.27585281387091	1.28298566327932	19.9964174327956	0.00572	0.103038763250883
ENSDARG00000074560	14	1.38534001569852	1.18135309551717	1.12670686059841	0.813307092721421	5.18346770293188	0.92717	1
ENSDARG00000074563	14	2.1797934995154	1.32415420392804	2.15584274134029	0.989012372878243	8.15604044910361	0.2839	0.830755905963303
ENSDARG00000074564	5	1.71912290994202	1.50706727974698	0.876833810619788	0.510047190662685	3.84407568830761	0.85048	1
ENSDARG00000074565	15	1.34808202126013	1.17193618839342	0.917106831275408	0.680304919739332	5.22109921766211	0.97945	1
ENSDARG00000074571	5	2.11315302163363	1.6387878455389	1.68506700124946	0.79741835257476	4.72515380323187	0.38746	0.919741346064276
ENSDARG00000074575	7	1.60907670472216	1.25199291384201	1.3142673874747	0.816783552715488	4.25721680112215	0.68792	1
ENSDARG00000074581	2	6.31897793977225	6.31897793977225	1.3919988258771	0.220288603496417	8.93638430276231	0.01326	0.178047862796834
ENSDARG00000074582	15	2.61889151770564	1.64500960838496	1.90804617992446	0.728570147722674	10.1429232335978	0.10409	0.553515161964472
ENSDARG00000074589	20	1.82332607062063	2.24191537223258	1.00585114800739	0.551657305961195	8.15416207811061	0.57222	1
ENSDARG00000074599	21	1.35326940575384	0.929099184728405	0.96064761051287	0.709871668145591	6.20145948753487	0.97043	1
ENSDARG00000074600	10	1.77786701891772	1.00295222653457	1.98123476518663	1.1143886151804	5.62210915667366	0.5405	1
ENSDARG00000074601	2	2.06366674026955	2.06366674026955	0.0610132580461082	0.0295654607672452	2.91846549230748	0.81543	1
ENSDARG00000074604	4	3.87103606785588	1.49087415335204	5.56065635623834	1.43647753696036	7.74207213571177	0.055	0.402609378127234
ENSDARG00000074611	11	2.00079842258212	1.25477697714398	1.76142687992068	0.880361989513905	6.63589764883984	0.85603	1
ENSDARG00000074617	29	2.53434533874553	2.25762483436313	2.16757951156573	0.855281826997838	13.6478673273378	0.07634	0.473773487804878
ENSDARG00000074623	18	3.53762041217123	3.10893966221357	2.15808707694004	0.610039186091055	15.0088522962613	0.00293	0.0627821894736842
ENSDARG00000074628	2	1.12881241718156	1.12881241718156	1.59638182975332	1.4142135623731	1.59638182975332	0.75827	1
ENSDARG00000074634	7	2.47745765412691	2.01507861813244	2.11134034498964	0.852220558229361	6.55473683651327	0.4291	0.945452484848485
ENSDARG00000074635	2	6.40332220275182	6.40332220275182	0.497383836290981	0.0776759033111329	9.05566510337638	0.01102	0.157309340813464
ENSDARG00000074645	11	2.22534109136658	1.69244813146681	1.05154483921908	0.472531983208615	7.38062143062296	0.31685	0.859303935037274
ENSDARG00000074661	2	1.33612183220726	1.33612183220726	0.407716436420342	0.305149146277177	1.8895616160903	0.61542	1
ENSDARG00000074662	6	1.31122930590713	1.20084296146921	0.384946089432457	0.293576484065955	3.21184273525621	0.79744	1
ENSDARG00000074667	16	3.33597961299074	3.22735693325734	1.848565999795	0.554129885145714	13.3439184519629	0.7133	1
ENSDARG00000074669	14	1.03010536770952	0.871422790558786	0.541040344514444	0.525228157695623	3.85430135824581	0.9941	1
ENSDARG00000074671	11	4.9957380769839	3.9043872457804	2.63673016375519	0.527795917865068	16.5689887522472	0.54135	1
ENSDARG00000074676	16	1.88999963933383	2.00239420848228	1.03086993046334	0.545433929726405	7.55999855733531	0.72924	1
ENSDARG00000074680	21	1.97575056276056	1.53479993668396	1.74099627786454	0.881182225468781	9.05402650820185	0.9982	1
ENSDARG00000074688	13	2.11402727117216	1.45854242385161	1.55550952155664	0.735803905071744	7.62223372394045	0.80061	1
ENSDARG00000074690	25	1.7015297012017	1.69244813146681	1.1360499151617	0.667663875840294	8.5076485060085	0.91781	1
ENSDARG00000074695	22	2.44784699579884	1.95671324038689	2.16537862090377	0.884605379592818	11.4814201267313	0.12533	0.597522491803279
ENSDARG00000074696	1	1.04782277521322	1.04782277521322	NA	NA	1.04782277521322	0.78869	1
ENSDARG00000074702	23	2.34574202755797	2.32642442061769	1.35806693655505	0.578949825087487	11.249783561322	0.33014	0.873657942322681
ENSDARG00000074726	22	1.93808958710024	1.56554380557045	1.39533914233622	0.719955956434356	9.09044594328465	0.47864	0.97776206662677
ENSDARG00000074727	13	1.74953185340708	1.98964228258538	1.19303528130592	0.681916867636665	6.30802680551677	0.62511	1
ENSDARG00000074734	14	3.09820447642194	3.4575179965629	1.68625001501851	0.54426685774011	11.5924196649402	0.04913	0.377392558490566
ENSDARG00000074739	5	2.04314585431311	1.95826104628529	1.58336111904084	0.774962353127329	4.56861301819101	0.52242	1
ENSDARG00000074740	5	9.45437772976211	10.6492942557495	3.05260293181433	0.322877191822453	21.1406312887082	0	0
ENSDARG00000074750	30	1.57180663034669	1.06297002083158	1.50335625792209	0.956451149204339	8.60913947477066	0.93949	1
ENSDARG00000074756	12	2.55295218415881	2.38316803883098	2.27198094325049	0.88994261519986	8.843685784514	0.29816	0.844931973392461
ENSDARG00000074758	17	2.50697717255671	2.70363067912224	1.50844346966987	0.601698127203729	10.3365316834636	0.87896	1
ENSDARG00000074761	4	2.53177875575827	1.50715628315413	2.6244058217756	1.03658576635366	5.06355751151654	0.21126	0.742141447776629
ENSDARG00000074763	9	1.85407447224685	1.62198978994674	0.978577374660732	0.527798310860106	5.56222341674056	0.70583	1
ENSDARG00000074772	2	0.638750685527472	0.638750685527472	0.108454087351278	0.169790952571296	0.903329882448063	0.94833	1
ENSDARG00000074773	6	1.50731991235795	1.54217678643166	0.879806639992874	0.583689389876475	3.69216466441364	0.87613	1
ENSDARG00000074779	25	1.82162783881495	1.42405447347082	1.59124924479635	0.873531470528872	9.10813919407473	0.61355	1
ENSDARG00000074781	15	1.66239113136215	1.55956638478873	1.08208191090738	0.650918962747791	6.43841316664852	0.90744	1
ENSDARG00000074790	1	0.776029606075976	0.776029606075976	NA	NA	0.776029606075976	0.83423	1
ENSDARG00000074802	2	2.51058187441915	2.51058187441915	1.46563386766966	0.583782541650331	3.55049893625163	0.22347	0.757149687083888
ENSDARG00000074806	13	6.38566299591915	4.23596655407653	4.95548266747402	0.776032601570251	23.0238353596195	0	0
ENSDARG00000074807	12	2.41293983327306	1.86797017218308	1.98495400930412	0.822628886942285	8.35866877367145	0.20363	0.729769767605634
ENSDARG00000074820	14	2.2290184799268	2.29623923416955	0.804459128438031	0.360902852839717	8.34022346067372	0.24426	0.786484745333755
ENSDARG00000074843	4	1.06690852381225	0.876355809793403	0.625588177548009	0.586355965469912	2.13381704762449	0.83812	1
ENSDARG00000074844	19	11.6001297608946	6.4586331299016	13.4126691221699	1.15625164533811	50.563793359698	0	0
ENSDARG00000074848	4	5.87470591379563	6.02350316722667	0.690354304301103	0.117512998000451	11.7494118275913	0.00338	0.0699220325203252
ENSDARG00000074850	1	1.04782277521322	1.04782277521322	NA	NA	1.04782277521322	0.79321	1
ENSDARG00000074858	6	1.9782891103399	1.66665920971671	2.01032301173893	1.01619272998653	4.84579888403725	0.6363	1
ENSDARG00000074860	29	2.47547108814492	2.26308615599406	1.77220768223395	0.715907243159125	13.330819784957	0.12938	0.603313421896473
ENSDARG00000074865	32	1.8079932039566	1.53711509886367	1.43921085585207	0.796026695621703	10.2275540388552	0.95631	1
ENSDARG00000074866	34	1.92314208594879	1.47970098919406	2.17707249987133	1.13203934112713	11.2137489901199	0.90074	1
ENSDARG00000074869	5	1.87984868679533	2.18641395806165	1.20624652458613	0.641672137262535	4.20346945108807	0.52594	1
ENSDARG00000074876	1	0.881028429036563	0.881028429036563	NA	NA	0.881028429036563	0.83348	1
ENSDARG00000074889	2	1.49247394310127	1.49247394310127	1.05366591524866	0.705986138062289	2.11067689182226	0.58988	1
ENSDARG00000074894	22	3.66173566687306	3.20771514183155	2.21929875024381	0.606078360685981	17.175062680209	0.0013	0.0343672727272727
ENSDARG00000074902	15	1.61362935070336	1.27082850909354	1.52236816288406	0.943443525132014	6.24955960222561	0.84363	1
ENSDARG00000074903	12	2.00481610848674	1.46269093055029	2.03974598819023	1.01742298436032	6.9448867194631	0.48158	0.97776206662677
ENSDARG00000074904	27	2.1073198350356	1.48728884198193	2.19601891978324	1.04209094569935	10.949955066238	0.56543	1
ENSDARG00000074906	30	2.17042790556915	1.72682798858419	1.86394148771848	0.858789864862937	11.8879232331892	0.28138	0.829461365345675
ENSDARG00000074908	15	1.9861389597072	1.9826747803625	0.645660993556305	0.325083494485949	7.69228311419971	0.41528	0.93900040247678
ENSDARG00000074910	20	1.69076294858255	1.30819321676033	1.06617952760385	0.630590780628167	7.56132177373713	0.73567	1
ENSDARG00000074921	11	3.62258131068296	3.01392271055502	1.80286464479064	0.497674031352728	12.0147429800893	0.34496	0.885722219979818
ENSDARG00000074955	30	1.94316722629824	1.82976811172509	1.4197002003616	0.730611437424327	10.6431652284829	0.8189	1
ENSDARG00000074968	6	1.32005362818761	1.19330919025384	0.934314736815619	0.707785439064627	3.23345782216926	0.816	1
ENSDARG00000074979	1	0.380138875355413	0.380138875355413	NA	NA	0.380138875355413	1	1
ENSDARG00000074985	3	2.25557732163621	1.94572537774222	1.11456140456337	0.494135755787284	3.90677452147404	0.56987	1
ENSDARG00000074996	10	3.27820207881954	3.12586230866042	3.46668903713548	1.05749705289181	10.3665851993686	0.02853	0.285801429970617
ENSDARG00000075007	5	1.28609744052256	0.828087197597868	1.01641633902141	0.790310521579475	2.87580130269693	0.98407	1
ENSDARG00000075012	3	1.27340748542158	0.698866761185597	1.3591585742418	1.06733986551982	2.2056064634887	0.82017	1
ENSDARG00000075013	14	2.05554543843784	1.24816433907648	2.17044506943858	1.05589739290223	7.69114677358041	0.39292	0.92444284789644
ENSDARG00000075014	16	3.43992647185172	3.35145159311453	2.39553241897511	0.696390588164401	13.7597058874069	0.2432	0.785307287116176
ENSDARG00000075015	2	4.17420919348776	4.17420919348776	2.40289555538417	0.575652882738355	5.90322325361285	0.1502	0.641636129032258
ENSDARG00000075021	21	3.48574355736454	2.60073717598181	2.4362092280028	0.69890661430204	15.9736837048277	0.01722	0.21321795620438
ENSDARG00000075024	1	4.77252569378299	4.77252569378299	NA	NA	4.77252569378299	0.08528	0.497753222477064
ENSDARG00000075033	4	2.43546362200906	2.20813731160391	1.66449994833827	0.683442747120647	4.87092724401812	0.22424	0.757992268349386
ENSDARG00000075034	1	2.77070257856102	2.77070257856102	NA	NA	2.77070257856102	0.24807	0.790005150187735
ENSDARG00000075046	2	4.18656721241574	4.18656721241574	0	0	5.92070013158486	0.06588	0.441717154150198
ENSDARG00000075048	1	5.78837855920091	5.78837855920091	NA	NA	5.78837855920091	0.05119	0.386975255744996
ENSDARG00000075054	2	3.41843703704667	3.41843703704667	2.60038969840796	0.760695507984125	4.83440001990989	0.11344	0.572682806147744
ENSDARG00000075057	10	2.23141510133166	1.54932155852728	1.37211149293888	0.614906429610532	7.05635412550348	0.27555	0.824382098765432
ENSDARG00000075083	34	2.20504210261053	1.87531378967078	1.73575645791516	0.787176106914336	12.8574944264305	0.22539	0.759023592457823
ENSDARG00000075098	40	1.80211106174578	1.66156943774187	1.21875021470494	0.676290291190093	11.397551103402	0.94572	1
ENSDARG00000075100	20	1.64609127831533	1.301284693311	1.49527544794793	0.908379424425505	7.36154399096522	0.84033	1
ENSDARG00000075107	4	1.99719797992543	1.6511024446681	1.2717202128475	0.636752202650926	3.99439595985085	0.42844	0.944728310225303
ENSDARG00000075110	12	2.15422239497878	2.06385971329712	1.24271444059057	0.576873791437307	7.46244527781193	0.59508	1
ENSDARG00000075111	2	4.32589271494983	4.32589271494983	3.01615041984602	0.697231905318067	6.11773614685302	0.07595	0.472794556574924
ENSDARG00000075116	22	2.37051844402566	2.2987180840897	1.26119493703599	0.532033378695931	11.11871706881	0.62441	1
ENSDARG00000075123	1	2.89017384886327	2.89017384886327	NA	NA	2.89017384886327	0.20913	0.738558341429563
ENSDARG00000075126	14	2.67691356785516	2.64679363562747	1.46850214817436	0.548580337373751	10.0160934249207	0.16244	0.66518023246493
ENSDARG00000075129	10	1.7629481195634	1.92573260166565	0.72533118942673	0.411430819419893	5.5749314545312	0.72629	1
ENSDARG00000075132	5	3.7943804039289	3.25124218596974	3.37991075544644	0.890767502369214	8.48449251567813	0.06739	0.445981454545455
ENSDARG00000075133	27	2.7251219866732	2.48120828999224	1.54033771637845	0.565236244069529	14.160149213223	0.48003	0.97776206662677
ENSDARG00000075140	1	6.06028717726283	6.06028717726283	NA	NA	6.06028717726283	0.03835	0.335331872852234
ENSDARG00000075149	8	2.13290780963106	1.99351109241904	1.02074346971755	0.478568958821578	6.03277430334346	0.31284	0.854133394101877
ENSDARG00000075158	40	1.53078894904781	1.30081734954063	1.7075335504501	1.11545981012746	9.68155939201307	0.94688	1
ENSDARG00000075164	9	1.42917625649552	1.12903435013942	1.40883707465613	0.985768597996957	4.28752876948657	0.76015	1
ENSDARG00000075165	13	1.91503881296682	1.74070192985344	1.45183353246296	0.758122249341648	6.90477063465555	0.59917	1
ENSDARG00000075169	10	1.98224949118679	1.8094758847586	1.66441321923126	0.839658795036322	6.26842328286013	0.41448	0.93900040247678
ENSDARG00000075170	9	1.79766493665497	0.694670436327485	2.09451927904031	1.16513329950003	5.39299480996492	0.59584	1
ENSDARG00000075172	5	2.23814196553004	1.30164490062958	2.38780671979874	1.0668700898217	5.00463757822016	0.34779	0.887939237521946
ENSDARG00000075178	6	1.97231998975509	2.23112587526604	0.85776126062816	0.434899643609389	4.8311775843913	0.44949	0.958226135508156
ENSDARG00000075183	9	1.51916894371341	1.54184275175628	1.1056647044848	0.727808917540234	4.55750683114023	0.70235	1
ENSDARG00000075188	9	1.80931209443185	1.64500960838496	0.861361199471981	0.476071100239044	5.42793628329556	0.54587	1
ENSDARG00000075189	31	2.16450509605739	1.69369437941127	2.20222166097197	1.01742502939045	12.0514543369923	0.60953	1
ENSDARG00000075194	17	3.16650990649911	1.95826104628529	3.57471975302879	1.12891475428258	13.0558548090605	0.01726	0.213318033980583
ENSDARG00000075211	31	1.58973542571138	1.46562327218382	1.0677642861292	0.671661629262238	8.85127224960421	0.98918	1
ENSDARG00000075212	6	1.48202761834062	1.42356047900211	1.26261847261479	0.851953402884966	3.63021144964673	0.72659	1
ENSDARG00000075215	15	2.60501546484008	1.81325927515217	2.13657895709471	0.820178991615266	10.0891815119384	0.12667	0.598169149722736
ENSDARG00000075222	22	2.99423659937004	2.76870637813153	1.48783135363796	0.496898392715855	14.0442145343253	0.23068	0.768312441099476
ENSDARG00000075245	18	2.80186729244703	2.49356234790126	1.75647213593176	0.62689340807349	11.8873161748445	0.51024	0.99429881677197
ENSDARG00000075252	24	1.91589681796295	1.61170627316523	1.37905727833564	0.719797259124792	9.38593920766233	0.76066	1
ENSDARG00000075253	7	2.05115632651299	2.01922574346728	1.3528905371489	0.659574562729132	5.42684954007018	0.36891	0.909144305084746
ENSDARG00000075261	7	2.19036298582268	1.74477457455977	1.50396649686882	0.686628885989849	5.7951557414477	0.38085	0.91465108541765
ENSDARG00000075264	7	2.53131279513375	2.19315229999806	1.9862946578015	0.784689534071015	6.69722414643968	0.19209	0.715888692786525
ENSDARG00000075271	11	4.78319956505381	4.22017010229057	4.26734884451865	0.892153627813489	15.8640782546746	0.00074	0.0225500598802395
ENSDARG00000075273	2	2.05705910738867	2.05705910738867	1.93112196905808	0.938778065307774	2.90912088827216	0.33622	0.879703640102828
ENSDARG00000075277	10	2.33762915181445	1.61415980818389	2.07935873264084	0.889516085571937	7.39223244454119	0.22438	0.75821369189907
ENSDARG00000075282	28	2.33608154342762	1.85363079575979	1.94790182963477	0.833832977755006	12.3613816125549	0.89183	1
ENSDARG00000075285	2	6.04075949771416	6.04075949771416	7.9051453398569	1.30863434355369	8.54292400870146	0.01797	0.2177365
ENSDARG00000075297	11	2.79566727232984	2.46363907899164	1.57128906666542	0.562044375672767	9.27217938099442	0.11568	0.578349882352941
ENSDARG00000075307	7	2.78784853370921	1.84970835136764	2.44698875805164	0.87773375363257	7.37595391311064	0.11621	0.578945364659814
ENSDARG00000075314	11	4.25839710873116	5.06278006082336	2.75640559186024	0.64728711801177	14.1235054179955	0.0048	0.0911462686567164
ENSDARG00000075323	4	1.4387748444066	1.48899537958995	0.934297563392689	0.649370238175122	2.8775496888132	0.71147	1
ENSDARG00000075327	32	1.63755540883619	1.23884368358048	1.44040276546055	0.879605513003214	9.26341227325425	0.88397	1
ENSDARG00000075331	44	2.11808569910298	1.52348658756039	2.1570566959753	1.01839915962268	14.0497910754844	0.31822	0.860479054197662
ENSDARG00000075333	26	1.97266285560394	1.94604725384773	1.16474607074703	0.590443555744067	10.0586463944641	0.70963	1
ENSDARG00000075337	6	1.77789225517459	1.64354138209427	0.644468827177751	0.362490373250691	4.35492884282381	0.49838	0.986808850865254
ENSDARG00000075346	31	2.54837771489498	1.74446101063095	3.32879095818099	1.30623923554369	14.1887666240225	0.0606	0.423466273164036
ENSDARG00000075349	41	1.5165007758151	1.10092782285774	1.04119956710636	0.686580306262436	9.71034287370741	0.97862	1
ENSDARG00000075352	6	1.73956781952949	1.71070258532922	1.21774408874226	0.70002679692685	4.26105353081319	0.62058	1
ENSDARG00000075369	1	4.18656721241574	4.18656721241574	NA	NA	4.18656721241574	0.11582	0.578349882352941
ENSDARG00000075382	6	1.78026043712416	1.80982476822138	0.976621674831105	0.548583597357666	4.36072968021833	0.87447	1
ENSDARG00000075383	17	1.69527834953704	1.53924735785991	1.00432135808495	0.592422688792797	6.98981169996398	0.77671	1
ENSDARG00000075385	4	3.31734376029275	3.08909799945034	1.92621395791941	0.5806494885985	6.6346875205855	0.11333	0.572682806147744
ENSDARG00000075395	4	3.30912587473253	2.72850533082621	2.528052369138	0.763963797340388	6.61825174946506	0.07728	0.476246610169491
ENSDARG00000075397	16	1.93918894041549	2.09653050679401	1.30906922512113	0.675060174817546	7.75675576166194	0.45161	0.959297704166667
ENSDARG00000075400	3	1.33816126634466	1.26870125637086	0.559063513684231	0.417784857285084	2.31776330202966	0.82097	1
ENSDARG00000075416	2	1.68423108217249	1.68423108217249	0.92024154161736	0.546386746663255	2.38186243857865	0.53673	1
ENSDARG00000075422	1	0.684131116559062	0.684131116559062	NA	NA	0.684131116559062	0.8734	1
ENSDARG00000075435	19	3.99948335831908	3.64640791979524	3.17743370734087	0.794461039756969	17.4333437852855	0.06055	0.423466273164036
ENSDARG00000075445	7	3.1996289565276	2.88698087915772	0.983675802998988	0.307434335782022	8.46542250665313	0.66853	1
ENSDARG00000075446	11	1.97173766901169	2.07965261724826	1.28718038651544	0.652815233357399	6.53951403312175	0.59776	1
ENSDARG00000075454	13	6.90591379056958	5.25950401383921	5.02333800655989	0.727396570374154	24.8996262758325	0	0
ENSDARG00000075461	29	1.75478880180245	1.50377596723675	1.34196175460485	0.764742602201722	9.44982689942026	0.94403	1
ENSDARG00000075468	13	3.2515574209587	2.9700020859458	2.94189384462837	0.904764537038676	11.723657006382	0.02263	0.248734492440605
ENSDARG00000075470	1	4.68940019300684	4.68940019300684	NA	NA	4.68940019300684	0.10361	0.551827619047619
ENSDARG00000075492	4	0.872432908260071	0.490668312133222	1.11496437672811	1.27799440641427	1.74486581652014	0.92748	1
ENSDARG00000075513	25	5.79302402562274	4.47870500112749	4.47199661465188	0.771962380075085	28.9651201281137	0.04028	0.34655100591716
ENSDARG00000075526	14	2.23664938687929	1.67072921959639	2.14483944667404	0.958952019595099	8.36877570004031	0.44967	0.958226135508156
ENSDARG00000075530	6	1.58937036728273	1.63128986598302	0.94239508120011	0.592936108914172	3.89314641214258	0.72198	1
ENSDARG00000075532	7	1.07210888314253	1.07924517144365	0.965850447008578	0.900888391277487	2.83653348317834	0.97768	1
ENSDARG00000075536	14	3.16412387226234	1.89575869312277	3.98349569232233	1.25895693504381	11.8390674593182	0.06242	0.428974179608373
ENSDARG00000075539	6	14.6595037999327	8.02062226760351	22.0068072182196	1.50119727915488	35.9083041922263	0	0
ENSDARG00000075542	1	8.56562716476577	8.56562716476577	NA	NA	8.56562716476577	0.01693	0.211687395577396
ENSDARG00000075543	22	2.10749988896037	1.41404734688205	2.29255366466363	1.08780725288415	9.88505069300586	0.69368	1
ENSDARG00000075545	9	1.27858189500488	0.793323523231469	1.37428810787572	1.07485340848696	3.83574568501465	0.99121	1
ENSDARG00000075549	21	2.72416205430193	1.94572537774222	3.08380164568036	1.13201842776221	12.483678819165	0.05389	0.397605782608696
ENSDARG00000075556	36	1.97734706072761	1.57688171484497	1.34249625065175	0.678938097067162	11.8640823643657	0.92944	1
ENSDARG00000075557	8	1.24480708176015	1.51348207269889	0.624845396817332	0.501961634033931	3.52084611512654	0.85499	1
ENSDARG00000075559	11	1.53223222431246	1.56320714609642	1.29756737711357	0.846847727468867	5.08183937973608	0.94877	1
ENSDARG00000075560	37	2.44331464573966	1.6351304197089	2.84497901296613	1.16439322210377	14.8621027768341	0.14649	0.635669462915601
ENSDARG00000075561	1	2.61151477916175	2.61151477916175	NA	NA	2.61151477916175	0.22981	0.766987383606557
ENSDARG00000075565	5	1.4650421876171	1.43956230368816	1.47195198937788	1.0047164524129	3.27593392141684	0.67753	1
ENSDARG00000075567	5	1.62803211887768	1.38716476084012	0.730914302188858	0.448955701618916	3.6403904873635	0.65367	1
ENSDARG00000075569	22	2.95506054098166	2.10729970646914	3.04041915273548	1.02888557123282	13.8604625326527	0.58006	1
ENSDARG00000075584	8	9.13513907388712	4.36623758967694	14.1515562477314	1.5491341875882	25.8380751449111	0	0
ENSDARG00000075593	19	2.0542370010151	1.6351304197089	1.33535660406895	0.65004992287116	8.9542114935069	0.39352	0.925204394184168
ENSDARG00000075597	53	2.07720020891937	1.87878825269252	1.62937704158609	0.784410204943002	15.1222457829695	0.47507	0.976229045023218
ENSDARG00000075618	33	4.26221404210956	3.06621813316671	3.60434883383308	0.845651766481704	24.4845555778525	1e-05	0.000656645161290323
ENSDARG00000075624	7	1.26015948853965	1.42405447347082	0.75929835691827	0.602541474966942	3.33406861895427	0.8667	1
ENSDARG00000075639	9	3.75003021822652	2.10823393214556	3.5578664152136	0.948756732124735	11.2500906546796	0.0202	0.233366174801362
ENSDARG00000075643	2	3.79383374002051	3.79383374002051	3.76859543817339	0.993347546683216	5.36529112852565	0.11001	0.564858521126761
ENSDARG00000075650	3	1.47738473241366	1.9850992876978	1.15767407305248	0.783596884178669	2.55890541886702	0.81483	1
ENSDARG00000075666	7	3.71357149744461	3.26567804569207	3.00537401244661	0.809294775801321	9.82518665809616	0.5986	1
ENSDARG00000075672	15	1.26482034184782	1.04782277521322	1.12020536895473	0.885663625015853	4.89862811992097	0.94414	1
ENSDARG00000075673	18	2.66471259762488	1.5245135852048	2.5647626957756	0.962491301336448	11.3054180861626	0.80907	1
ENSDARG00000075685	11	3.199373412517	3.20389826256349	1.5076965402642	0.471247443129207	10.6111211735578	0.07184	0.45928864321608
ENSDARG00000075687	20	2.08066410629191	1.72988030873056	1.7785214632712	0.854785478296555	9.30501276002511	0.33369	0.876689938048529
ENSDARG00000075694	3	0.318358869386441	0.263298758437097	0.110256832256196	0.346328759329649	0.551413736817501	0.9984	1
ENSDARG00000075706	35	2.2796275513085	2.36018444189947	1.37196026844439	0.601835272457945	13.4864584692931	0.54732	1
ENSDARG00000075709	6	3.9130125889124	3.81465029163604	2.07204271665363	0.529526207639815	9.58488419992237	0.15046	0.641636129032258
ENSDARG00000075720	1	0	0	NA	NA	0	1	1
ENSDARG00000075721	4	1.69323579187087	1.89314259802878	1.03294102559914	0.610039682930301	3.38647158374173	0.68951	1
ENSDARG00000075723	2	2.17554235109086	2.17554235109086	0.716758878603284	0.329462158364276	3.07668149842974	0.3137	0.855235479378682
ENSDARG00000075727	4	1.0395948394285	0.733620887088938	0.786285319659094	0.756338228930941	2.07918967885699	0.87085	1
ENSDARG00000075730	2	0.915283072877072	0.915283072877072	1.29440573507328	1.4142135623731	1.29440573507328	0.78293	1
ENSDARG00000075735	15	2.43748865653621	2.41656166527818	1.84617586686719	0.757409008619017	9.44035297333423	0.35433	0.893550728444004
ENSDARG00000075747	26	1.7297686437794	1.65458757167673	1.36015109080569	0.786319659393225	8.82012406863206	0.82691	1
ENSDARG00000075748	7	2.88880275789861	1.96770110303155	2.59512357393169	0.898338789948903	7.64305368411726	0.09918	0.539744072688402
ENSDARG00000075759	26	1.92995483362712	1.83628027848163	1.1227923834771	0.581771326413346	9.84087735701739	0.47839	0.97776206662677
ENSDARG00000075765	7	4.82222937501259	4.51241753700628	1.95663700866869	0.405753616534174	12.7584196911937	0.00254	0.0568178461538462
ENSDARG00000075768	1	44.3339951875488	44.3339951875488	NA	NA	44.3339951875488	4e-05	0.00216553191489362
ENSDARG00000075774	11	1.73568330126046	1.60606811856494	1.13680571679534	0.654961487484371	5.75661026516635	0.87171	1
ENSDARG00000075793	31	1.95738519839859	1.28792818639663	1.40889523673745	0.719784352047887	10.8982595519747	0.75197	1
ENSDARG00000075795	7	1.34868418421209	1.31793152440493	0.470564932200256	0.348906688243818	3.56828294859122	0.83616	1
ENSDARG00000075798	26	1.61211842551577	1.1278635909815	1.27981503050281	0.793871597921446	8.2202233099274	0.90638	1
ENSDARG00000075802	11	2.16507373929589	2.19315229999806	1.12116867138569	0.51784318059777	7.1807372366962	0.30597	0.849307986977754
ENSDARG00000075805	8	1.28758485274432	0.640771684502442	1.49646239518507	1.16222429302081	3.64183992291436	0.86703	1
ENSDARG00000075806	1	1.21033581756191	1.21033581756191	NA	NA	1.21033581756191	0.64589	1
ENSDARG00000075812	1	0.69154966776939	0.69154966776939	NA	NA	0.69154966776939	0.78423	1
ENSDARG00000075813	13	2.06842385121602	1.48675911491599	2.09904865040064	1.01480586252504	7.45780825495206	0.81883	1
ENSDARG00000075819	21	1.15116889036223	0.929099184728405	0.785606479277337	0.682442416446934	5.27531857776325	0.99326	1
ENSDARG00000075821	32	1.31963440603362	1.12963449703504	1.08604674746411	0.822990627175598	7.46497949754766	0.99442	1
ENSDARG00000075824	30	1.88849866403196	1.9494536039696	1.11073434881355	0.588157338931937	10.3437331810867	0.78768	1
ENSDARG00000075829	2	0.346991749314953	0.346991749314953	0.111731425998046	0.322000238387891	0.490720437912771	0.97724	1
ENSDARG00000075842	3	1.62266355757963	1.51348207269889	0.26864470823523	0.165557861320273	2.81053572531839	0.50763	0.992716406909789
ENSDARG00000075849	20	1.89530634701262	1.60354286282442	1.52980767023417	0.807155884137384	8.47606766021405	0.99125	1
ENSDARG00000075850	1	0	0	NA	NA	0	1	1
ENSDARG00000075853	15	2.26544401520542	2.18934405778743	1.49074896514182	0.6580383161694	8.77402694265584	0.60406	1
ENSDARG00000075859	17	3.07018329000526	2.34748874283529	2.41807029259401	0.787598024022164	12.658689994698	0.10855	0.563175774504825
ENSDARG00000075864	2	1.72109560160988	1.72109560160988	0.29360986831806	0.170594746766782	2.43399674193737	0.45399	0.959895774006623
ENSDARG00000075867	7	2.37708018121773	1.95826104628529	1.45980000063034	0.614114749752578	6.28916300596245	0.22356	0.75715381237525
ENSDARG00000075883	3	2.75114345169117	2.40600159884632	2.19672506416914	0.798477106971203	4.76512023723952	0.21869	0.750623217771794
ENSDARG00000075892	8	3.54263353531253	3.13826435334734	1.66139464237338	0.468971635313902	10.0200807843134	0.26276	0.807723128964059
ENSDARG00000075905	1	5.25719022651858	5.25719022651858	NA	NA	5.25719022651858	0.10949	0.563962155870445
ENSDARG00000075916	9	2.08661902985108	2.10730811221127	1.38349331939059	0.663031104192186	6.25985708955325	0.43623	0.950026494117647
ENSDARG00000075917	10	2.76421233810012	2.50839500877384	1.7670337675373	0.639253990433963	8.74120692473582	0.12322	0.594343153409091
ENSDARG00000075919	14	2.12129109991824	1.40179077512724	2.03192504595738	0.957871857396514	7.93714451350689	0.33316	0.876265063291139
ENSDARG00000075924	18	2.69514885395079	1.43165433873341	2.17676879998982	0.807661809402076	11.4345481856145	0.19163	0.71548427732942
ENSDARG00000075928	19	1.60131877738393	1.2648401952659	1.03013915230324	0.643306733707432	6.97998672701066	0.97396	1
ENSDARG00000075930	9	2.54433386316701	2.66853832424476	1.19762164345217	0.47070145187686	7.63300158950102	0.16405	0.66607461722488
ENSDARG00000075933	9	2.20802272090711	1.78499821399274	1.76552642097797	0.799596129270199	6.62406816272132	0.68613	1
ENSDARG00000075936	2	1.650908171977	1.650908171977	2.33473672704245	1.41421356237309	2.33473672704245	0.61728	1
ENSDARG00000075948	8	4.20439872064138	1.84117832581385	5.04621352381338	1.20022240018273	11.8918353847103	0.00859	0.13471343605547
ENSDARG00000075949	4	2.44420005312946	2.74278310173722	0.871664338841702	0.356625611608861	4.88840010625891	0.42649	0.944348693009119
ENSDARG00000075960	8	3.84015852902846	2.55916199420709	3.36462592245727	0.876168495915847	10.8616085468295	0.01587	0.201654007490637
ENSDARG00000075962	6	1.81873770580045	1.42492697149498	1.44917440477908	0.796802309732332	4.4549793551712	0.48596	0.980303166864843
ENSDARG00000075972	3	1.36538665020832	1.57968384757476	0.451393784899439	0.330597772309089	2.36491905013708	0.74831	1
ENSDARG00000075977	5	1.56497484869839	1.30468221018607	1.08715994487123	0.694682055609667	3.49939014476706	0.71061	1
ENSDARG00000075980	14	3.33645115397207	2.8375779035116	1.9228793165377	0.576324731818267	12.48385710587	0.01908	0.224764166666667
ENSDARG00000075989	4	1.45812272536876	1.29714964891317	1.37074835321473	0.940077490986269	2.91624545073753	0.9768	1
ENSDARG00000075990	12	0.992607019461252	1.11121001276981	0.605616491732428	0.610127149877635	3.4384915793128	0.99505	1
ENSDARG00000076002	21	1.47904970095765	1.02322643906739	1.34438932826488	0.908954802123567	6.77785721124021	0.96344	1
ENSDARG00000076005	9	2.17400253903771	1.83056614575414	1.67258159739438	0.769355861992105	6.52200761711313	0.34043	0.883001156982671
ENSDARG00000076008	6	1.21132688933495	1.40215398264485	0.559944127315056	0.462256829469442	2.96713279058342	0.87905	1
ENSDARG00000076017	5	2.76461668296062	2.06978703272788	2.83731882355046	1.02629736738475	6.18187083482993	0.13721	0.617648153710247
ENSDARG00000076020	11	1.97388092344714	1.35502522725343	1.79632501333085	0.910047304268889	6.54662240391439	0.43238	0.947412755058115
ENSDARG00000076025	36	2.45130274106077	2.45715240899832	1.69712469844827	0.692335822099991	14.7078164463646	0.36391	0.906030849609375
ENSDARG00000076027	10	4.73113881052631	4.64339474094779	2.74107559002227	0.579369090571525	14.9611745676829	0.00931	0.140381007407407
ENSDARG00000076030	2	2.02482907101504	2.02482907101504	0.92989964331623	0.459248465279132	2.86354073371679	0.40917	0.934959533108866
ENSDARG00000076041	15	1.76664199881401	1.71874194078945	1.57850886268301	0.893508058646124	6.84217504011723	0.6418	1
ENSDARG00000076052	12	4.36641238474997	2.35337547736485	5.50177056591098	1.26002083200532	15.1256961943699	0.68418	1
ENSDARG00000076058	2	3.03302188594739	3.03302188594739	2.92511150697601	0.964421496768172	4.28934068608122	0.18046	0.695355412566238
ENSDARG00000076060	7	0.821477785165059	0.325776397095186	1.10055913948019	1.33973085986623	2.17342592711089	0.98589	1
ENSDARG00000076066	16	3.30728775282401	2.73454443083667	2.40693785894632	0.727767898904802	13.229151011296	0.25398	0.797344582691715
ENSDARG00000076068	8	1.63098107166945	1.82600297676629	0.971188453766605	0.595462737512035	4.61311110305749	0.77198	1
ENSDARG00000076074	9	1.83399086904901	1.23346508645198	1.50763402966396	0.822051000965846	5.50197260714704	0.85298	1
ENSDARG00000076076	14	1.26611548802418	0.988460979970813	1.04876373535042	0.828331811173915	4.73737036827458	0.97637	1
ENSDARG00000076082	7	1.34320787110372	1.25199291384201	1.09898296101792	0.818177874519808	3.55379398600496	0.86874	1
ENSDARG00000076090	19	1.51553020573226	0.954244979688225	1.21861692900527	0.804086203228444	6.60604301267031	0.94829	1
ENSDARG00000076092	1	0.462082040168606	0.462082040168606	NA	NA	0.462082040168606	0.87429	1
ENSDARG00000076103	29	2.12790589361911	1.491078054182	1.66628820241885	0.783064799724227	11.4591239312117	0.91313	1
ENSDARG00000076104	17	2.19365618145166	2.3803428662894	1.36239443567039	0.62106106106784	9.0446761424143	0.27444	0.822754144329897
ENSDARG00000076111	2	1.90672379041666	1.90672379041666	0.0157555340964565	0.00826314444475126	2.69651464410667	0.45367	0.959895774006623
ENSDARG00000076117	5	1.77917973494014	0.982080478597003	2.03642702490508	1.14458757871002	3.97836683151622	0.48446	0.978922747667262
ENSDARG00000076118	9	2.42212760243771	2.72727982680837	1.46860136576305	0.606327001221984	7.26638280731312	0.75484	1
ENSDARG00000076119	5	2.07619467350378	2.44566415994445	1.06009990563172	0.510597546155292	4.64251242447742	0.44026	0.952940408250053
ENSDARG00000076120	19	2.02471198613586	1.74446101063095	1.66697359922563	0.823313938298468	8.82551493734175	0.61465	1
ENSDARG00000076121	10	2.31821346449816	2.12603680824438	1.63249723189044	0.704204878839248	7.33083465028407	0.26632	0.813506890756302
ENSDARG00000076134	11	2.11972763228866	2.3331065642714	1.02303577977362	0.482626052607074	7.03034121404994	0.32749	0.871753946680606
ENSDARG00000076135	4	2.82841660457262	2.17553413448319	2.51701394774546	0.889902125336228	5.65683320914525	0.14916	0.64053203539823
ENSDARG00000076143	32	1.7345474724657	1.58152301738951	1.36131703102098	0.784825467524294	9.81208224056386	0.9408	1
ENSDARG00000076170	25	5.52219668210792	4.51328929348649	4.14567392184236	0.750729131990983	27.6109834105396	0.26961	0.817664997022037
ENSDARG00000076171	21	2.59674232502462	2.02182070465121	2.02051550232955	0.778096264253092	11.899768264721	0.3357	0.879204286081811
ENSDARG00000076174	16	1.99984629572853	1.47354138005598	1.77870111262596	0.889418910055783	7.99938518291412	0.97611	1
ENSDARG00000076176	15	2.19356827633352	2.28911530755229	1.0751658568787	0.490144696419394	8.49565340300861	0.30732	0.849307986977754
ENSDARG00000076179	1	8.10414172658932	8.10414172658932	NA	NA	8.10414172658932	0.02432	0.260282818086225
ENSDARG00000076183	1	2.47510545179259	2.47510545179259	NA	NA	2.47510545179259	0.27327	0.821909592198582
ENSDARG00000076202	2	1.80084015985755	1.80084015985755	2.54677257773668	1.4142135623731	2.54677257773668	0.45365	0.959895774006623
ENSDARG00000076213	23	2.30263102092399	2.09967151460726	1.80577268194335	0.784221469064868	11.043030436705	0.20512	0.73211677532422
ENSDARG00000076218	3	1.06401621381579	0.786809982937022	0.99275714217502	0.93302820886045	1.84293014240601	0.88285	1
ENSDARG00000076221	3	2.10239814165575	1.19186501729813	1.81064202491771	0.861226990760051	3.64146039908615	0.55302	1
ENSDARG00000076228	1	2.50839500877384	2.50839500877384	NA	NA	2.50839500877384	0.30579	0.849307986977754
ENSDARG00000076229	14	2.29256094040938	2.0019084387807	1.10738050556668	0.483032091338401	8.57797757731219	0.53453	1
ENSDARG00000076239	12	3.00055345050824	2.2549976212729	3.21485160635501	1.07141954288815	10.3942220542128	0.0604	0.42329
ENSDARG00000076246	11	1.87357849064381	2.10823393214556	1.1675276258367	0.623153837251572	6.21395686874591	0.49657	0.986808850865254
ENSDARG00000076247	5	2.7682204855279	2.74239380432961	1.42736706067419	0.515626218408679	6.18992918234786	0.16	0.662832419682798
ENSDARG00000076259	6	2.02540283529754	1.39817853879736	2.18345688035394	1.07803585652292	4.96120347006528	0.37629	0.911033869203329
ENSDARG00000076262	6	3.66681702945534	2.59796280738662	3.0127059858053	0.821613394288397	8.98183070231355	0.0467	0.367889009287926
ENSDARG00000076265	10	2.25542147356081	2.08037175081442	1.10920395448268	0.49179453485095	7.13226894010541	0.45021	0.958226135508156
ENSDARG00000076292	9	1.76985526974435	1.66266187498724	1.29666143890203	0.732636990757625	5.30956580923305	0.53922	1
ENSDARG00000076296	1	0.394683665046189	0.394683665046189	NA	NA	0.394683665046189	1	1
ENSDARG00000076299	23	1.38470689625866	1.28792818639663	0.81374750905033	0.587667694332277	6.64082098362579	0.94801	1
ENSDARG00000076303	4	2.63179844296391	2.6123801065039	0.512566031004085	0.194758847272072	5.26359688592783	0.18617	0.705414566430964
ENSDARG00000076306	1	0.69154966776939	0.69154966776939	NA	NA	0.69154966776939	0.78181	1
ENSDARG00000076308	13	2.53771236839556	2.13603995748791	1.68932394181368	0.665687712623528	9.14985206662936	0.29001	0.837367880851064
ENSDARG00000076310	23	1.72066272302569	1.78214493080104	1.00217937156812	0.58243800958612	8.2520085280757	0.71057	1
ENSDARG00000076324	45	2.70560506696933	2.57810156793251	1.82566021691251	0.674769662136062	18.1497505500339	0.17732	0.688130583301563
ENSDARG00000076330	4	1.04137666786584	0.669492953872438	0.888700402836147	0.853389969507787	2.08275333573167	0.87316	1
ENSDARG00000076339	1	1.42579946951914	1.42579946951914	NA	NA	1.42579946951914	0.61137	1
ENSDARG00000076351	8	1.71146055145236	1.07342488408057	1.62820739994841	0.951355494911465	4.84074144666093	0.87542	1
ENSDARG00000076362	3	3.09892747412836	2.74239380432961	0.933846321524053	0.30134500704529	5.36749983416141	0.11652	0.580205753424658
ENSDARG00000076364	10	1.94058849719649	1.19070619347143	1.7988782007494	0.926975607321274	6.13667965226419	0.95747	1
ENSDARG00000076371	1	1.83056614575414	1.83056614575414	NA	NA	1.83056614575414	0.42384	0.942620580786026
ENSDARG00000076373	3	1.46960916427188	1.06691198632378	0.855125233425905	0.581872551025891	2.54543773978773	0.80487	1
ENSDARG00000076401	13	1.8054111123289	0.87772846828978	2.27203178608728	1.25845674183121	6.50950233879433	0.90486	1
ENSDARG00000076402	2	2.02629370766165	2.02629370766165	0.725225169107057	0.35790723050903	2.86561204272637	0.35391	0.893192019826518
ENSDARG00000076404	11	1.67772062248608	1.53856384849944	1.24651138132794	0.742979113817432	5.56436980782783	0.91648	1
ENSDARG00000076406	4	7.24118827099906	6.0881797769147	3.7424248107809	0.516824679972665	14.4823765419981	0.00082	0.0245469411764706
ENSDARG00000076425	5	3.11806852208329	3.1558792745996	2.15495762476427	0.691119393144211	6.97221317388054	0.10143	0.54538818373812
ENSDARG00000076435	31	2.30041210730293	1.491078054182	2.30559115844891	1.00225135797605	12.808152550864	0.31676	0.859303935037274
ENSDARG00000076437	6	1.39346597111616	1.21197580994461	1.14646118675855	0.82274071310133	3.41328060316644	0.73059	1
ENSDARG00000076440	10	8.00557238562149	7.97329145625523	6.16535802021627	0.770133317548866	25.3158427119117	0.00012	0.00547695067264574
ENSDARG00000076442	8	4.40844314321683	4.73069480709786	1.55501944677978	0.352736645627935	12.4689601641758	0.00298	0.0634528033472803
ENSDARG00000076451	15	1.61567410118506	0.937795657558067	1.42873246291688	0.884294958908448	6.25747888678836	0.88742	1
ENSDARG00000076462	1	2.50839500877384	2.50839500877384	NA	NA	2.50839500877384	0.30284	0.84841880539499
ENSDARG00000076464	1	1.78115703764388	1.78115703764388	NA	NA	1.78115703764388	0.59651	1
ENSDARG00000076466	6	0.559695821635688	0.270672680184342	0.84998690225981	1.51865865243689	1.37096917417522	0.99614	1
ENSDARG00000076473	20	2.01128307108549	1.82243906299642	1.24769685163895	0.62034870654262	8.99473133788341	0.92837	1
ENSDARG00000076484	5	2.8346772428342	4.09886970767191	1.76504307516123	0.62266103826215	6.33853100924895	0.15982	0.662832419682798
ENSDARG00000076486	3	1.66139736782704	1.77789374447781	0.730781532870461	0.439859570637372	2.87762465263763	0.65482	1
ENSDARG00000076487	2	1.32125821141916	1.32125821141916	0.271845591633524	0.205747513456537	1.86854128198579	0.57951	1
ENSDARG00000076490	10	2.28792962879894	2.16294571505247	1.61075702227259	0.704023848459959	7.23506875318822	0.36169	0.903825391603241
ENSDARG00000076495	6	1.53826540085888	1.6373981153396	0.924321365828457	0.600885494344715	3.76796532108207	0.76339	1
ENSDARG00000076496	20	2.75144710914784	2.33730079363753	2.77216506305566	1.00752983905776	12.3048455450997	0.05429	0.399251170520231
ENSDARG00000076500	19	3.73325346018877	3.74369404205473	1.97625250127426	0.529364674096982	16.2728745635864	0.16257	0.66518023246493
ENSDARG00000076501	30	1.91394460520979	1.5665261744082	1.89969965973863	0.992557284347526	10.4831063408872	0.53574	1
ENSDARG00000076508	14	1.63045267822002	1.7151914410499	0.977553998395767	0.599559871595275	6.10059530724729	0.89585	1
ENSDARG00000076509	2	3.41922261160417	3.41922261160417	0.483966258372189	0.141542775462967	4.83551099010337	0.30455	0.849307986977754
ENSDARG00000076510	1	5.25719022651858	5.25719022651858	NA	NA	5.25719022651858	0.10716	0.561492444673186
ENSDARG00000076512	2	0.84169773912222	0.84169773912222	0.55256168924086	0.656484701761359	1.19034035808541	0.89952	1
ENSDARG00000076518	2	2.70309043761942	2.70309043761942	2.28502635660129	0.845338478062051	3.82274715720241	0.2207	0.752974368932039
ENSDARG00000076520	1	2.40600159884632	2.40600159884632	NA	NA	2.40600159884632	0.38603	0.917993771028037
ENSDARG00000076532	2	13.9799942555701	13.9799942555701	15.5687161888394	1.1136425311932	19.7706974781252	0.02961	0.292137173281704
ENSDARG00000076533	24	1.80718452442985	1.54325015599696	1.29770468910264	0.718080899631462	8.85335991181485	0.98975	1
ENSDARG00000076541	5	1.40187106922724	1.23241785660833	0.754906706426627	0.538499383429574	3.13467900648243	0.75912	1
ENSDARG00000076542	23	1.88588139638306	2.16591278013657	1.25382812171738	0.664849933894094	9.04436945000287	0.70466	1
ENSDARG00000076546	1	0	0	NA	NA	0	1	1
ENSDARG00000076557	1	0.982080478597003	0.982080478597003	NA	NA	0.982080478597003	0.80793	1
ENSDARG00000076560	12	2.1395398000906	2.13612181997245	1.3096777042775	0.612130563882026	7.41158327714535	0.86952	1
ENSDARG00000076564	12	2.36438323307232	1.84063828981244	2.31467603880421	0.978976676211871	8.19046377649044	0.21296	0.742760383693046
ENSDARG00000076568	2	2.8658731278804	2.8658731278804	0.357019246676264	0.124576082312588	4.05295664548907	0.39286	0.92444284789644
ENSDARG00000076585	27	2.71797775395259	1.74446101063095	2.83123268198487	1.04166882082371	14.1230266910635	0.11264	0.570423731343284
ENSDARG00000076595	12	1.20969441608574	1.08675149584022	0.968816173977668	0.8008767843308	4.19050438058572	0.94727	1
ENSDARG00000076602	8	2.23672719450347	2.48783436608783	1.274845801072	0.569960343936802	6.32641986759107	0.29812	0.844931973392461
ENSDARG00000076609	1	1.12903435013942	1.12903435013942	NA	NA	1.12903435013942	0.76929	1
ENSDARG00000076618	9	1.73984171794634	2.28353550035798	1.23435680641474	0.709465001144901	5.21952515383901	0.96402	1
ENSDARG00000076620	1	1.04782277521322	1.04782277521322	NA	NA	1.04782277521322	0.78926	1
ENSDARG00000076622	8	1.62482664336677	1.52536222054297	1.16348616543514	0.716067877262465	4.59570375110889	0.62545	1
ENSDARG00000076624	35	1.34871321046854	1.1692680663301	1.02370520426559	0.759023635506585	7.9790949576523	0.99539	1
ENSDARG00000076627	2	1.64706762806183	1.64706762806183	0.772280349256273	0.468881991302958	2.32930537775073	0.54518	1
ENSDARG00000076634	16	2.28332087889186	1.64753494755665	1.95728738780611	0.857210830899955	9.13328351556745	0.42595	0.943897038972349
ENSDARG00000076659	2	1.00961287173364	1.00961287173364	1.42780821595216	1.41421356237309	1.42780821595216	0.77252	1
ENSDARG00000076667	7	1.61250347073634	1.45315265891775	1.46867234603714	0.910802595275331	4.26628317179687	0.995	1
ENSDARG00000076679	21	2.41686216651103	1.84209874503597	1.72925332364852	0.715495218390901	11.0754538223118	0.60644	1
ENSDARG00000076697	23	2.0928356662425	2.04719534281684	1.19764504634481	0.572259478210762	10.036887261279	0.44799	0.957676703065939
ENSDARG00000076701	25	1.67050911367422	1.18276169929682	2.04769036682566	1.22578820436475	8.35254556837108	0.94296	1
ENSDARG00000076702	5	2.01596019871829	0.690454107725849	2.01380215148696	0.998929518929634	4.50782404426809	0.65387	1
ENSDARG00000076718	6	4.68345917353943	4.15135618217798	3.08177875443232	0.658013370084174	11.4720852063286	0.00493	0.0930937662337663
ENSDARG00000076730	6	1.10851079519858	0.979149364426428	0.828293376166163	0.747212728783379	2.71528582260334	0.98842	1
ENSDARG00000076742	1	0.958081677855914	0.958081677855914	NA	NA	0.958081677855914	0.70642	1
ENSDARG00000076748	6	2.47485798314604	1.38872508042008	2.41316675757306	0.975072821958635	6.06213924456128	0.21665	0.746088359824146
ENSDARG00000076752	8	1.17534059486643	1.18374846752888	0.94101119585644	0.800628515654548	3.32436521933552	0.91225	1
ENSDARG00000076755	1	2.07347399587834	2.07347399587834	NA	NA	2.07347399587834	0.53675	1
ENSDARG00000076757	1	1.21359006692959	1.21359006692959	NA	NA	1.21359006692959	0.69652	1
ENSDARG00000076765	9	2.13226966725436	2.44662019335071	0.982722984387808	0.46088119128629	6.39680900176307	0.36525	0.906114403892944
ENSDARG00000076768	5	1.63087119557552	1.38555567604735	0.676285750535923	0.414677598311048	3.64673885585321	0.62261	1
ENSDARG00000076773	1	2.19132179951918	2.19132179951918	NA	NA	2.19132179951918	0.39424	0.925409298892989
ENSDARG00000076779	29	4.13187910735743	2.75147014947022	6.53728231386077	1.58215720838012	22.2508499562756	0.19028	0.713059587628866
ENSDARG00000076780	9	4.08171983819401	4.298194228231	2.56466622547621	0.628329803892412	12.245159514582	0.12697	0.598169149722736
ENSDARG00000076787	12	1.12239422665218	1.04782277521322	0.889000688769362	0.792057431924816	3.88808765336709	0.95722	1
ENSDARG00000076791	9	0.958019973195009	0.420027193048777	0.811647181698472	0.847213215181327	2.87405991958503	0.99727	1
ENSDARG00000076797	1	2.50839500877384	2.50839500877384	NA	NA	2.50839500877384	0.30721	0.849307986977754
ENSDARG00000076799	24	3.28253666510685	1.84808425538959	5.27604460626396	1.60730713607801	16.0810797829779	0.01252	0.172243076923077
ENSDARG00000076801	2	0.463710416102989	0.463710416102989	0.655785559466518	1.41421356237309	0.655785559466518	0.95821	1
ENSDARG00000076805	33	3.37995371522657	3.40219750205864	1.9911818743506	0.589115130594955	19.416355859518	0.5245	1
ENSDARG00000076807	2	2.71154961968381	2.71154961968381	1.17770241941944	0.434328182995511	3.83471024720445	0.17734	0.688130583301563
ENSDARG00000076811	2	2.40998396292654	2.40998396292654	0.451561610664288	0.187371209771844	3.40823200547237	0.48578	0.980303166864843
ENSDARG00000076831	3	1.11727559115036	0.450977621636113	1.56099205268012	1.39714146182403	1.93517808992897	0.79598	1
ENSDARG00000076833	6	6.17241497259756	2.21830547762777	10.57440669221	1.71317170656138	15.119267163579	0.67151	1
ENSDARG00000076836	2	2.17147205141055	2.17147205141055	1.16999431650498	0.538802383270362	3.07092522541892	0.87238	1
ENSDARG00000076847	35	1.91228028492905	1.72583297960492	1.29520368103747	0.677308494599431	11.3132027332887	0.97738	1
ENSDARG00000076856	51	2.38145582374496	1.86434111241728	2.08711104441488	0.876401327122999	17.0069963210112	0.07976	0.483212666666667
ENSDARG00000076861	1	1.6244208892013	1.6244208892013	NA	NA	1.6244208892013	0.56329	1
ENSDARG00000076865	4	1.04753355505208	0.696012230095259	0.963815554935905	0.920080841599381	2.09506711010415	0.95227	1
ENSDARG00000076867	11	1.48430656432012	1.77278219853602	1.1203870731684	0.754821881207264	4.92288794771135	0.83387	1
ENSDARG00000076873	16	3.22731414905167	3.46903629223668	1.90093804335501	0.589015495722224	12.9092565962067	0.42543	0.943493947712418
ENSDARG00000076888	11	1.68127857986171	1.19500419975371	1.43284676128378	0.852236374415499	5.57617021746286	0.72594	1
ENSDARG00000076889	32	1.28070135981384	0.884446959615421	1.07694891036156	0.840905572645058	7.24474092959358	0.99984	1
ENSDARG00000076891	10	2.04762362746412	1.82937976851479	1.09755055686238	0.536011863772858	6.47515445356273	0.70894	1
ENSDARG00000076895	4	2.5497777845784	1.28826213140649	2.67110469652138	1.04758332772244	5.0995555691568	0.41314	0.937692218506132
ENSDARG00000076896	2	1.65772415410054	1.65772415410054	0.74768029105018	0.451028169675107	2.34437598140245	0.48056	0.97776206662677
ENSDARG00000076903	22	1.9580560956972	1.77077987655242	1.61343265239558	0.823997155107596	9.18409716987649	0.47482	0.976109464754595
ENSDARG00000076919	21	1.56419513634186	1.6244208892013	0.8597403622863	0.549637537102277	7.16804261396835	0.79452	1
ENSDARG00000076920	26	1.84638282329159	1.92324467786204	1.26822105938538	0.686867882102856	9.41474204552633	0.57731	1
ENSDARG00000076928	1	5.64786388835134	5.64786388835134	NA	NA	5.64786388835134	0.0425	0.354561475409836
ENSDARG00000076933	7	1.39429035962644	1.08612743914641	1.25440599240429	0.899673431537159	3.68894554698636	0.77042	1
ENSDARG00000076934	21	2.35733298818659	1.9826747803625	2.22875917472972	0.945457933138339	10.8026568565815	0.1595	0.662338229294166
ENSDARG00000076939	14	2.5004157660914	2.32756340243916	1.5870846550906	0.634728302634042	9.35569912120193	0.32975	0.873554268610099
ENSDARG00000076943	5	1.7264495255416	0.978902423796484	1.99225409764528	1.15396023351467	3.86045849883327	0.79299	1
ENSDARG00000076945	1	0.586213345141312	0.586213345141312	NA	NA	0.586213345141312	1	1
ENSDARG00000076960	4	2.0807504707323	1.16789812028915	2.15498453391825	1.0356765812288	4.16150094146461	0.44455	0.956439602872835
ENSDARG00000076964	11	1.83435068584262	1.29177380535467	1.41934497768608	0.773758795763797	6.08385295887107	0.58694	1
ENSDARG00000076965	10	3.62950692105572	3.75593708056491	2.46398455143791	0.678875837691256	11.477508653881	0.02443	0.261185441176471
ENSDARG00000076966	4	2.18187752527436	1.61714156712985	1.50331847639256	0.689002228117057	4.36375505054872	0.52159	1
ENSDARG00000076978	2	2.69184939064597	2.69184939064597	3.56930581124091	1.32596787310763	3.80684991611728	0.44538	0.956817890295359
ENSDARG00000076995	21	2.16869888539476	1.50077154190183	2.11560207092794	0.975516741939419	9.93822680188784	0.84014	1
ENSDARG00000076996	6	2.52811125269138	0.579161361347626	4.05074704771651	1.60228195788621	6.19258258208226	0.23589	0.773895365775056
ENSDARG00000076997	10	4.75015327832394	2.83542661926566	4.78871914063931	1.0081188669198	15.0213035944194	0.00299	0.0635328183716075
ENSDARG00000076998	3	1.63124993518022	1.06562983502618	1.59638622384803	0.978627609062042	2.82540776757558	0.53857	1
ENSDARG00000077002	18	2.28776729319658	2.11281321205193	2.02477907509407	0.885045905287401	9.70617460077655	0.78605	1
ENSDARG00000077007	1	1.6244208892013	1.6244208892013	NA	NA	1.6244208892013	0.55961	1
ENSDARG00000077011	20	2.03842102170445	1.48612257891132	1.74352427093533	0.855330793967899	9.11609594259147	0.57136	1
ENSDARG00000077013	8	4.20401016557866	2.74066498882684	5.24428603683828	1.2474484671272	11.8907363850314	0.01452	0.191430777202073
ENSDARG00000077034	11	3.32230446005908	1.42579946951914	3.45368190986429	1.03954407291223	11.0188373333402	0.02542	0.266726556701031
ENSDARG00000077037	14	2.23497625008432	1.41988748547392	2.11939962160124	0.948287312458589	8.36251539539234	0.28967	0.836860987794493
ENSDARG00000077039	7	1.9340499091471	2.18641395806165	1.08728276171661	0.562179267750172	5.1170150827903	0.4651	0.968863311555737
ENSDARG00000077040	3	1.54191471535412	1.42579946951914	0.913971449783243	0.592750974280271	2.67067462793144	0.56568	1
ENSDARG00000077044	3	1.38957391526542	1.12903435013942	1.01397452784522	0.729701757284028	2.40681262211212	0.63108	1
ENSDARG00000077047	15	3.54522113851172	3.10897373385804	2.08490123239375	0.588087780969563	13.7305824280784	0.76986	1
ENSDARG00000077053	17	2.44886027996693	2.54601127184824	1.3859680577635	0.565964530153684	10.0969095966833	0.99031	1
ENSDARG00000077057	28	1.88948823383303	1.5646713075463	1.72873614034285	0.914922945477106	9.9982319438097	0.55682	1
ENSDARG00000077060	16	2.65959938895271	2.16318557278517	2.10650363795465	0.792037946280377	10.6383975558108	0.30794	0.849342252301029
ENSDARG00000077069	4	2.21095140039369	2.29564902922559	0.798812182464508	0.361297938218935	4.42190280078739	0.36517	0.906114403892944
ENSDARG00000077072	12	1.69523084605407	1.42405447347082	1.03231549554498	0.608952755872664	5.87245191184726	0.62399	1
ENSDARG00000077073	30	2.68329406628787	1.52487394190534	3.25122831302821	1.21165561161398	14.6970068852563	0.21676	0.746088359824146
ENSDARG00000077075	28	1.92487783218794	1.74691651144793	1.20651524264501	0.626800944179198	10.1854960963008	0.87042	1
ENSDARG00000077080	9	5.12854877180682	5.25762222288611	3.03089039918128	0.590984025703918	15.3856463154205	0.15927	0.661923258472846
ENSDARG00000077086	4	1.27858008758648	1.1248046666139	1.02181503624937	0.799179532177929	2.55716017517295	0.84445	1
ENSDARG00000077092	9	1.83185761731515	1.51348207269889	2.00756882500587	1.09591968613164	5.49557285194545	0.49725	0.986808850865254
ENSDARG00000077093	10	3.44672745813448	3.42748955051353	2.33828932277235	0.678408534232623	10.8995092415476	0.0317	0.30324536950421
ENSDARG00000077095	31	3.69107168552125	2.6995141989697	3.45870474414626	0.937046212814971	20.5510173912962	0.00036	0.0128564210526316
ENSDARG00000077098	7	1.38854900036772	0.722558676995091	1.30634612690545	0.94079944356267	3.67375533820032	0.80832	1
ENSDARG00000077112	8	2.09194550287057	1.99078202262141	1.58309362460595	0.756756627949258	5.91691540380994	0.85638	1
ENSDARG00000077116	3	1.06078741178154	0.541345360368685	0.899700024634875	0.848143572069611	1.83733769323512	0.86623	1
ENSDARG00000077119	13	2.06479989990586	1.80088231997924	1.33457267655615	0.646344799133803	7.44474191268349	0.6039	1
ENSDARG00000077121	1	1.51348207269889	1.51348207269889	NA	NA	1.51348207269889	0.57508	1
ENSDARG00000077124	6	2.54410183918612	2.0188195295829	1.80620977674885	0.709959699304596	6.23175135968222	0.23059	0.768312441099476
ENSDARG00000077126	27	4.26391359601863	3.96829859393858	2.57922406303585	0.604895949449857	22.155944962164	0.06766	0.446880908500973
ENSDARG00000077139	9	1.57625508469782	1.51348207269889	1.12318314418285	0.712564327364674	4.72876525409345	0.67933	1
ENSDARG00000077143	19	1.56553683912504	1.31793152440493	1.17718329573307	0.751935863988347	6.82401687413615	0.82148	1
ENSDARG00000077145	15	2.3252918582532	1.99541599334156	1.94944646286451	0.838366356440507	9.00581664208633	0.39044	0.922300092785897
ENSDARG00000077155	8	4.11825793896065	2.47702958435914	3.75442067206146	0.911652627812087	11.6481924612576	0.02151	0.241867924944812
ENSDARG00000077162	32	1.83346171106172	1.58851742536235	1.64446465736063	0.896917916223271	10.3716256715011	0.92249	1
ENSDARG00000077165	6	1.48919480896872	1.26022489006321	0.649592443464527	0.436203805944218	3.64776740957483	0.75389	1
ENSDARG00000077174	4	1.14149402252597	1.21428628932397	0.332739041014207	0.291494335010097	2.28298804505193	0.86125	1
ENSDARG00000077180	7	2.00378867642544	1.12240324871771	1.65134851642056	0.824113109255811	5.30152651774899	0.48841	0.9818362591349
ENSDARG00000077205	16	2.37199914776544	2.49354752106011	0.932775105069791	0.393244283392142	9.48799659106175	0.16136	0.664781504854369
ENSDARG00000077215	29	2.10108559386343	2.20429511946846	1.14044813666054	0.542789946297956	11.3146921968507	0.82619	1
ENSDARG00000077224	4	4.16239619381991	1.64359106489211	6.13068185705462	1.4728732133085	8.32479238763983	0.03179	0.30324536950421
ENSDARG00000077227	1	0.578129226484094	0.578129226484094	NA	NA	0.578129226484094	0.89954	1
ENSDARG00000077228	75	2.04096534549897	1.19500419975371	2.15509071118873	1.05591734614282	17.6752783744579	0.76359	1
ENSDARG00000077229	9	1.37624431420878	1.05640713734353	1.3502079313141	0.981081569147371	4.12873294262635	0.88397	1
ENSDARG00000077248	4	2.61366460488456	3.09660336734947	1.31425912797934	0.502841537327775	5.22732920976912	0.2008	0.726355496453901
ENSDARG00000077249	1	1.92870913052087	1.92870913052087	NA	NA	1.92870913052087	0.37407	0.909903005008347
ENSDARG00000077261	2	2.01093854073637	2.01093854073637	0.703509683788815	0.349841464339931	2.84389655740813	0.35783	0.899035729449519
ENSDARG00000077291	3	4.86103130880502	4.19370048082626	1.56926026573447	0.322824554306406	8.41955320403334	0.75008	1
ENSDARG00000077295	35	2.02542122717067	1.81739094857982	1.61441112209174	0.797074258151688	11.9825535743252	0.91874	1
ENSDARG00000077297	20	2.32017193350446	1.45837274993872	2.78484580058688	1.20027561766966	10.3761243256062	0.67306	1
ENSDARG00000077298	10	1.98377364376625	1.81829196679189	1.73152060424278	0.872841823301695	6.27324307651285	0.45554	0.959895774006623
ENSDARG00000077300	19	1.90645695623536	1.85311946637375	1.16310270435173	0.610086003016025	8.31005321244008	0.54818	1
ENSDARG00000077304	2	1.26105790676177	1.26105790676177	0.805406275466238	0.638675092672323	1.78340519468032	0.63871	1
ENSDARG00000077306	4	3.79333513105693	3.88387071526467	1.64600179151768	0.433919423053733	7.58667026211387	0.04984	0.381120601051841
ENSDARG00000077307	12	1.8076974576344	1.88200015901352	0.962884151603915	0.532657800417538	6.26204768267174	0.68262	1
ENSDARG00000077314	11	2.54071945820603	2.09967151460726	1.70147146233418	0.669680966483238	8.42661314042445	0.16606	0.668713515223408
ENSDARG00000077316	9	3.74682060901888	2.40692615306148	4.30490119568524	1.14894777329959	11.2404618270566	0.01511	0.196410702426564
ENSDARG00000077323	4	0.730064297017379	0.536486075446107	0.569763567175969	0.780429298492877	1.46012859403476	0.99238	1
ENSDARG00000077326	21	1.4779998940949	0.908646593915662	1.30256907796312	0.881305257982298	6.77304639182662	0.904	1
ENSDARG00000077327	9	1.44155093476102	0.904759713331097	1.32002650395471	0.91569882972851	4.32465280428307	0.95639	1
ENSDARG00000077339	3	1.64884568716503	2.26038658306408	1.19402369857127	0.724157334956087	2.85588450401065	0.57132	1
ENSDARG00000077341	31	3.48927287000208	3.28291478621058	2.38685646421163	0.684055547713642	19.4274491377872	0.02187	0.242723173913043
ENSDARG00000077352	6	2.44331152077959	2.37949367115434	1.51414084271468	0.61970846936111	5.98486650857357	0.37265	0.909903005008347
ENSDARG00000077353	15	1.75507092465704	1.34726224399402	1.53899336721992	0.876883860132694	6.79736046260955	0.99708	1
ENSDARG00000077357	7	1.9475540234639	2.09967151460726	0.898875165791034	0.461540555466751	5.15274361094873	0.41313	0.937692218506132
ENSDARG00000077361	26	2.21668050693417	1.65271525911248	1.86664043649848	0.842088172228382	11.3028971602581	0.7017	1
ENSDARG00000077364	4	3.00128856695438	2.84934287603709	1.18033190461655	0.393275047795328	6.00257713390876	0.29439	0.842718937007874
ENSDARG00000077368	3	1.42133091542733	0.982080478597003	1.4796499890948	1.04103131299999	2.46181735988852	0.78204	1
ENSDARG00000077371	5	1.1456224615325	0.828967040168161	0.578096218159034	0.504613201617671	2.56168970053732	0.9497	1
ENSDARG00000077372	17	1.93830797161744	2.09967151460726	1.29878737754137	0.670062444440953	7.99184850195544	0.80134	1
ENSDARG00000077377	7	1.6822127928476	0.749316609790035	1.94870654440065	1.15841857384876	4.45071670216617	0.76489	1
ENSDARG00000077383	5	2.09535157898749	2.49451626963833	1.1706381264584	0.558683391464105	4.68534856737754	0.43558	0.949932127705164
ENSDARG00000077385	1	3.3996289497378	3.3996289497378	NA	NA	3.3996289497378	0.14041	0.622427256097561
ENSDARG00000077396	1	5.53525083754129	5.53525083754129	NA	NA	5.53525083754129	0.04682	0.368421576506955
ENSDARG00000077400	28	2.3267778199958	1.82456397295093	1.7827689226111	0.766196457302619	12.3121509356198	0.25948	0.803925715155204
ENSDARG00000077405	24	3.27529934345591	3.42171204247468	1.77421072204764	0.541694219672634	16.0456242926794	0.0078	0.126414649681529
ENSDARG00000077409	11	8.33866223381232	3.1558792745996	10.9470893216405	1.3128112177576	27.6562138830623	0	0
ENSDARG00000077410	4	1.11813245903574	1.42405447347082	0.751381999673679	0.671997305508565	2.23626491807147	0.794	1
ENSDARG00000077415	1	2.18641395806165	2.18641395806165	NA	NA	2.18641395806165	0.40651	0.932452393605044
ENSDARG00000077428	40	2.40105165765108	1.49914855581128	2.57942209656506	1.07428846370114	15.1855840358005	0.85777	1
ENSDARG00000077434	21	2.03812589210064	1.85324033046778	1.60444068741872	0.787213730828507	9.33986617640056	0.55877	1
ENSDARG00000077440	15	1.79194427825342	1.12903435013942	1.3225050464219	0.738027997003862	6.94017034700715	0.58546	1
ENSDARG00000077465	52	2.48589214854215	2.24249796949672	1.94308256840375	0.781643954080337	17.9260232136841	0.1865	0.705762951672863
ENSDARG00000077470	3	1.94177564809706	2.37863390141371	0.899219830998188	0.463091517230337	3.36325407940409	0.45138	0.959297704166667
ENSDARG00000077473	9	1.62965464919167	0.927420832205978	1.81651286142204	1.11466123348469	4.88896394757499	0.68618	1
ENSDARG00000077489	12	2.08874881833769	1.32567717839749	2.22426204808726	1.06487770504517	7.23563815522067	0.5159	0.998446510743487
ENSDARG00000077495	19	1.9705895340908	1.38555567604735	1.3494105548418	0.684775054113133	8.5896006383007	0.5188	1
ENSDARG00000077499	12	2.033426601317	1.31782924446574	1.66695098735792	0.819774358355632	7.0439963738863	0.37397	0.909903005008347
ENSDARG00000077504	2	8.46216403498176	8.46216403498176	0.29062466180876	0.0343440118399202	11.967307145297	0.00241	0.0547521875
ENSDARG00000077506	31	2.33966180074919	1.9210821858108	1.98451658453834	0.848206601442512	13.0266855952861	0.8439	1
ENSDARG00000077513	12	3.19205462867774	2.1908444993149	2.83298325468218	0.887510893212909	11.0576015948105	0.02859	0.285801429970617
ENSDARG00000077515	16	1.69924720571299	1.41621362038085	1.20679068574781	0.710191361027694	6.79698882285196	0.99199	1
ENSDARG00000077523	30	1.67898431689707	1.57079325867221	1.094975070878	0.652165157147878	9.19617584061928	0.86044	1
ENSDARG00000077526	5	2.73304899538416	1.09201492195219	3.66159038010388	1.33974560510548	6.11128333951648	0.19237	0.716219978054133
ENSDARG00000077530	29	1.77075565266896	1.38555567604735	1.25502398544938	0.70875051764356	9.53581102278736	0.83464	1
ENSDARG00000077531	14	2.09343024284251	1.67384633620908	1.52202769500038	0.727049635498592	7.83289873182765	0.79128	1
ENSDARG00000077533	1	1.60606811856494	1.60606811856494	NA	NA	1.60606811856494	0.59221	1
ENSDARG00000077536	25	3.26310718486502	2.01922574346728	3.60250943555976	1.1040119835073	16.3155359243251	0.02827	0.28516556987116
ENSDARG00000077544	9	2.47834547281251	1.57275094726751	2.23833770517947	0.90315806643346	7.43503641843753	0.22544	0.759023592457823
ENSDARG00000077545	13	1.63510042640091	1.10580433095936	1.50207786258659	0.918645630771972	5.89543842792152	0.99135	1
ENSDARG00000077546	1	3.5443109866751	3.5443109866751	NA	NA	3.5443109866751	0.09221	0.517372315325248
ENSDARG00000077553	1	1.28535252274564	1.28535252274564	NA	NA	1.28535252274564	0.66741	1
ENSDARG00000077560	7	1.45236144129764	1.42579946951914	0.920626844579037	0.633882736350042	3.84258718745288	0.74601	1
ENSDARG00000077567	16	1.51934125556107	1.33115375985478	1.10399867973629	0.726629830984614	6.07736502224427	0.85094	1
ENSDARG00000077569	16	1.66247002346678	1.60695030021174	1.23040232226205	0.740104967244019	6.64988009386713	0.99561	1
ENSDARG00000077581	11	1.60544368192727	1.01594494474636	1.38747366480806	0.864230667464116	5.32465431499944	0.93448	1
ENSDARG00000077583	38	1.44167930007138	1.47826439806106	0.760194446828576	0.527297885730162	8.8871080651505	0.99371	1
ENSDARG00000077596	33	2.19791465437536	1.63069635337405	2.58202418820384	1.17476089577174	12.6260584238033	0.91783	1
ENSDARG00000077605	4	7.60997956051744	6.90296973249895	7.28330452440816	0.957072810312901	15.2199591210349	0.00228	0.052851746031746
ENSDARG00000077606	1	1.6244208892013	1.6244208892013	NA	NA	1.6244208892013	0.56104	1
ENSDARG00000077607	4	1.82191215127682	1.72293767932714	0.867586660745986	0.4761956607721	3.64382430255365	0.5998	1
ENSDARG00000077609	9	0.623336577229124	0.450977621636113	0.535977166473132	0.859851942036956	1.87000973168737	0.99912	1
ENSDARG00000077614	9	1.19635366492884	1.13998094391514	0.658183502856401	0.550157969295436	3.58906099478651	0.97752	1
ENSDARG00000077622	1	0.586213345141312	0.586213345141312	NA	NA	0.586213345141312	1	1
ENSDARG00000077633	13	1.66310371733873	1.66363743321075	1.29339902814531	0.77770196450224	5.99640572927956	0.72934	1
ENSDARG00000077639	22	1.37142016810982	1.24220538522517	0.928933758405011	0.677351682588515	6.432530769842	0.95102	1
ENSDARG00000077643	5	14.69728822347	5.57683928076151	14.5687070329143	0.991251366333665	32.864135552586	0	0
ENSDARG00000077645	1	0.982080478597003	0.982080478597003	NA	NA	0.982080478597003	0.80862	1
ENSDARG00000077648	6	1.46868571678747	1.38985417182852	0.575992433582024	0.39218222591687	3.59753059864307	0.73201	1
ENSDARG00000077653	22	1.72927589555933	1.04811852696535	1.54687552106874	0.894522108959606	8.11102291361425	0.90359	1
ENSDARG00000077654	11	1.25688000400418	0.917280365565487	1.25665104502601	0.999817835451719	4.16859937978226	0.99628	1
ENSDARG00000077656	27	2.38273776555464	1.53479993668396	2.40947787319835	1.01122242994184	12.3810686131613	0.19474	0.720747430025445
ENSDARG00000077664	18	1.80114020197888	1.21011079154212	1.66867417437289	0.926454349605629	7.64159070412184	0.86937	1
ENSDARG00000077677	2	0.564517175069712	0.564517175069712	0.798347845176133	1.4142135623731	0.798347845176133	0.94588	1
ENSDARG00000077686	11	2.33555371725957	2.01922574346728	1.78378497033543	0.763752491391396	7.74615535786979	0.2569	0.799855674518201
ENSDARG00000077688	1	0	0	NA	NA	0	1	1
ENSDARG00000077690	36	3.0451115223373	2.5750632617719	2.31044893628776	0.758740334907129	18.2706691340238	0.01546	0.199056460176991
ENSDARG00000077694	10	1.49017026577365	1.10831437930848	1.44757786036135	0.971417759171169	4.7123321413032	0.84858	1
ENSDARG00000077696	17	1.94711245286184	1.87878825269252	1.61224032281937	0.828016029813646	8.02815030810487	0.48348	0.97850301489573
ENSDARG00000077698	6	2.63619939877156	2.2593719040677	1.58707933896331	0.602033116198595	6.45734338722212	0.1658	0.668713515223408
ENSDARG00000077709	18	3.34464450745606	2.7553760894281	2.97302760828697	0.888891958968835	14.1901248712831	0.65753	1
ENSDARG00000077710	9	1.62480155481772	0.964655703637856	2.13096363229334	1.31152239851986	4.87440466445317	0.78156	1
ENSDARG00000077722	6	1.90284889675828	1.30317602490494	2.16061798956051	1.13546482500075	4.66100885467571	0.43875	0.952602615187713
ENSDARG00000077726	13	2.33364291249273	1.79434871282275	2.03965604159029	0.874022341066566	8.41406917961565	0.28657	0.834054802744425
ENSDARG00000077728	10	2.61285173969259	2.50403944336788	0.652939254998357	0.249895256236459	8.26256268576197	0.15397	0.649982024056408
ENSDARG00000077732	1	1.39439353621479	1.39439353621479	NA	NA	1.39439353621479	0.78308	1
ENSDARG00000077740	9	2.27874124767025	1.92870913052087	1.36289849250704	0.598092694333085	6.83622374301075	0.25702	0.799984574923548
ENSDARG00000077749	9	2.44291510488445	2.51747195985716	1.3402896431999	0.548643561341971	7.32874531465334	0.63534	1
ENSDARG00000077751	16	2.11137064001138	2.35453530511208	1.20959356942341	0.572894946297486	8.44548256004551	0.43319	0.947766083404987
ENSDARG00000077761	16	3.16833857665595	3.00025656877597	1.46952755825683	0.463816452283284	12.6733543066238	0.01437	0.189698910505837
ENSDARG00000077762	7	1.1511566652356	1.08612743914641	0.815519516266276	0.708434864597141	3.04567425628782	0.89762	1
ENSDARG00000077769	4	2.04263519555221	0.675870952548583	3.20163005609441	1.56740178719425	4.08527039110443	0.48542	0.980278722222222
ENSDARG00000077775	1	1.30468221018607	1.30468221018607	NA	NA	1.30468221018607	0.63666	1
ENSDARG00000077776	3	0.470709088847445	0.360883114044313	0.534158099813543	1.13479453120707	0.815292057468228	0.99703	1
ENSDARG00000077783	18	2.89862606792288	2.17045878622604	2.05433722928524	0.708727921831377	12.2978288925142	0.04472	0.36168683081811
ENSDARG00000077791	15	2.28803002787731	2.22410309368306	1.18567312790917	0.518206978694754	8.86150219359132	0.73913	1
ENSDARG00000077799	3	1.43052061277259	1.67665841402569	0.537002217333899	0.375389360026836	2.47773438259668	0.96535	1
ENSDARG00000077804	23	2.00350150999753	1.51683460580087	1.61318516618225	0.805182905095111	9.60845569865078	0.56833	1
ENSDARG00000077810	26	2.07603000130157	1.55756777536734	1.96940063023162	0.948637846754091	10.5857174874408	0.35492	0.894152415841584
ENSDARG00000077811	2	4.04742423961414	4.04742423961414	0.643982442405064	0.159109202366801	5.72392225233993	0.38859	0.920710977653631
ENSDARG00000077815	1	2.16916566520944	2.16916566520944	NA	NA	2.16916566520944	0.4271	0.944348693009119
ENSDARG00000077817	1	15.8055195783931	15.8055195783931	NA	NA	15.8055195783931	0.00057	0.0186542122186495
ENSDARG00000077818	2	0.93102407247731	0.93102407247731	0.797517557492761	0.85660251014852	1.31666687019324	0.85675	1
ENSDARG00000077822	1	1.51348207269889	1.51348207269889	NA	NA	1.51348207269889	0.57809	1
ENSDARG00000077823	14	1.31186804213088	0.765632484850217	1.27976767196521	0.97553079339174	4.90856075031168	0.9166	1
ENSDARG00000077826	7	1.81783707871134	1.74446101063095	0.61485159232493	0.338232506931148	4.80954483430234	0.4799	0.97776206662677
ENSDARG00000077828	3	2.49318333297949	0	4.31832020530438	1.73205080756888	4.31832020530438	0.22232	0.7552076
ENSDARG00000077830	4	1.35311932448852	1.20224248002075	0.702983845402228	0.51952834659867	2.70623864897703	0.76331	1
ENSDARG00000077839	17	1.68540225061272	0.982080478597003	2.81435536671879	1.66984194170599	6.94909150092996	0.68563	1
ENSDARG00000077840	8	2.27426148661961	2.49994955068354	1.56398580595996	0.687689526978985	6.43258287752051	0.44074	0.953040721102863
ENSDARG00000077847	10	3.29179336278702	2.95150001182719	2.01543175544997	0.612259499102821	10.4095646130319	0.59557	1
ENSDARG00000077850	8	3.93721636125173	4.84246511381403	2.19895186204708	0.558504196946898	11.1361295521589	0.18908	0.710655923190546
ENSDARG00000077852	12	1.75719433983884	1.60931262912853	1.09470940395221	0.622987098884357	6.08709975074666	0.73648	1
ENSDARG00000077855	1	2.6823674146269	2.6823674146269	NA	NA	2.6823674146269	0.27793	0.825739895165987
ENSDARG00000077859	2	0.453011266373516	0.453011266373516	0.319785312284214	0.705910285287575	0.640654676813237	0.96892	1
ENSDARG00000077860	1	0.758585433370847	0.758585433370847	NA	NA	0.758585433370847	0.85989	1
ENSDARG00000077881	2	0.712027236735411	0.712027236735411	1.00695857497026	1.4142135623731	1.00695857497026	0.86151	1
ENSDARG00000077883	2	2.62793068429908	2.62793068429908	0.519785852736771	0.197792832148237	3.71645521471217	0.21252	0.74246309540151
ENSDARG00000077897	5	1.16144434007804	1.28792818639663	0.42297332318116	0.364178728661883	2.59706849649688	0.84035	1
ENSDARG00000077901	42	2.17648823670225	1.89652512146908	1.58744894266375	0.729362518893741	14.1052558952022	0.39821	0.927282350251486
ENSDARG00000077907	2	1.47242580900927	1.47242580900927	0.700425037914631	0.475694621507562	2.08232454868909	0.59515	1
ENSDARG00000077912	10	1.99231186061953	1.45841450698671	2.49443479762386	1.25203029050291	6.30024328892564	0.56816	1
ENSDARG00000077915	2	0.397930905345504	0.397930905345504	0.562759283227016	1.41421356237309	0.562759283227016	0.96197	1
ENSDARG00000077920	7	2.4914457954081	2.18641395806165	1.66370252852327	0.667765893839467	6.59174597964733	0.22234	0.7552076
ENSDARG00000077928	13	1.38519128682139	0.958081677855914	1.13593744891246	0.820058182375018	4.99437821096048	0.8827	1
ENSDARG00000077934	1	1.9966332637722	1.9966332637722	NA	NA	1.9966332637722	0.72124	1
ENSDARG00000077948	28	2.43201952838304	1.61084441856801	3.99447220051408	1.64245070974815	12.8690377115082	0.64437	1
ENSDARG00000077967	4	4.44880568511427	2.57262282451409	4.90724083397788	1.10304679082692	8.89761137022855	0.03451	0.317671392405063
ENSDARG00000077986	37	2.62608067126027	2.28911530755229	1.83582237476088	0.699073107255253	15.9738251086824	0.04212	0.352341117502054
ENSDARG00000077987	11	4.35913964971352	1.92870913052087	4.07490212237555	0.934795039806388	14.457630626861	0.00287	0.0620188110403397
ENSDARG00000077994	10	1.61913194249336	1.04877780795073	1.58978027537164	0.981871973276918	5.12014477061178	0.89426	1
ENSDARG00000077996	9	2.75618160310666	2.65023872574526	2.05352501905996	0.745061579667068	8.26854480931998	0.26421	0.810528312236287
ENSDARG00000078001	10	2.75243126999344	2.96126757677151	1.54762362327502	0.56227512023532	8.70395191624914	0.09792	0.536110683162991
ENSDARG00000078011	28	1.75520787510751	1.41561204707544	1.8182770140844	1.03593257520738	9.28768707351317	0.82707	1
ENSDARG00000078014	17	2.18324411614239	1.83056614575414	1.72389660771475	0.789603230792503	9.00174609736334	0.29476	0.843189229904441
ENSDARG00000078016	7	2.53644123933741	2.62416161976867	1.42721188179889	0.562682809151818	6.71079273441525	0.23157	0.768691127770535
ENSDARG00000078018	2	1.09657614999903	1.09657614999903	1.5507928635035	1.41421356237309	1.5507928635035	0.75817	1
ENSDARG00000078022	17	1.57517151276157	1.37850849577057	1.02278902631742	0.649319149077472	6.49459852557993	0.81429	1
ENSDARG00000078026	1	1.12903435013942	1.12903435013942	NA	NA	1.12903435013942	0.76954	1
ENSDARG00000078034	4	1.36953184289162	1.12282262100373	1.26394446795047	0.922902577629587	2.73906368578323	0.92283	1
ENSDARG00000078037	11	0.942197921063774	0.982080478597003	0.558332740470453	0.592585409061481	3.12491698242143	0.98544	1
ENSDARG00000078042	10	2.33410445274151	2.14504504276446	2.20763878908808	0.945818335805455	7.38108636740402	0.6753	1
ENSDARG00000078056	1	6.72596069776452	6.72596069776452	NA	NA	6.72596069776452	0.36688	0.906513619602135
ENSDARG00000078058	18	2.08637269822398	2.30268037096463	1.18880374227652	0.569794525823925	8.85172969797991	0.55126	1
ENSDARG00000078059	7	1.76675090890096	1.06691198632378	1.44959329076437	0.820485379948732	4.67438353354927	0.82983	1
ENSDARG00000078060	55	2.02655613185533	1.85311946637375	1.67047179470996	0.824290908330594	15.0293425190799	0.45099	0.959284476489028
ENSDARG00000078065	1	0.50545169256105	0.50545169256105	NA	NA	0.50545169256105	1	1
ENSDARG00000078066	3	1.00027679956559	0.780383098033193	0.584339731697813	0.584178031472472	1.73253023848	0.91477	1
ENSDARG00000078075	9	1.37315186375083	0.679490609258273	1.51819122783721	1.1056251445417	4.1194555912525	0.93557	1
ENSDARG00000078076	11	2.01519542851509	2.09508506355708	1.37453685985628	0.682086134380084	6.68364711562403	0.52765	1
ENSDARG00000078077	15	1.49489905454414	1.54184275175628	1.03845474189783	0.694665461685305	5.78971914251066	0.81417	1
ENSDARG00000078078	17	3.55038175237852	2.7414965121902	2.77064876327355	0.780380521451643	14.6385989763221	0.16714	0.670536428852976
ENSDARG00000078083	23	2.19688679619176	1.66871728755481	2.01955158893181	0.9192788597176	10.5358989503259	0.24694	0.788379962358846
ENSDARG00000078088	39	1.50874057303747	1.46314412437316	0.972673015791017	0.644692025371059	9.42208185872144	0.99881	1
ENSDARG00000078092	2	1.47411059836514	1.47411059836514	0.0239956061351755	0.0162780229392474	2.0847072006459	0.7604	1
ENSDARG00000078102	2	0.773418774953524	0.773418774953524	0.231826114668066	0.299742031323194	1.09377932093326	0.90867	1
ENSDARG00000078105	2	1.61190145413353	1.61190145413353	1.67199864289013	1.03728341369908	2.27957289764455	0.54686	1
ENSDARG00000078114	5	1.06771734866155	0.69154966776939	1.23348381361507	1.15525313432559	2.38748857236308	0.87999	1
ENSDARG00000078123	1	1.83190189230108	1.83190189230108	NA	NA	1.83190189230108	0.59712	1
ENSDARG00000078127	1	6.30011688749088	6.30011688749088	NA	NA	6.30011688749088	0.02879	0.286716849315068
ENSDARG00000078132	19	2.7940742903871	2.59118631323788	1.30201013914564	0.465989806937187	12.1790874725425	0.07531	0.469672291666667
ENSDARG00000078133	24	2.83004578288458	2.20862769684056	2.06649181075744	0.730197307497666	13.8643362335651	0.06122	0.425121904761905
ENSDARG00000078136	7	2.90868641880235	2.9768000458065	1.70205142995706	0.585161541978073	7.69566090602209	0.31886	0.861107395225464
ENSDARG00000078139	5	1.99062185149183	1.83545146593575	1.00292701223022	0.503825983563173	4.45116577743223	0.71784	1
ENSDARG00000078140	8	1.22865624129017	1.03678191554894	1.18515905901634	0.96459776069818	3.47516463985381	0.88723	1
ENSDARG00000078142	15	3.43519630804776	3.21389249457381	2.04367676010468	0.594922844821674	13.3044580920222	0.02447	0.261338572927597
ENSDARG00000078145	15	1.71412738595668	1.08612743914641	1.74617435833265	1.01869579392904	6.63878681908826	0.66313	1
ENSDARG00000078149	8	4.74961571328421	4.60753454050664	2.17954464771582	0.458888630004286	13.4339419155738	0.0034	0.070051012145749
ENSDARG00000078151	19	1.817337114308	1.43956230368816	1.40568087233269	0.773483830416317	7.92158882761441	0.8287	1
ENSDARG00000078155	11	1.67591429288573	1.06691198632378	1.21317352463529	0.723887569779207	5.55837889029577	0.81369	1
ENSDARG00000078159	11	1.1985951876015	1.17944658449393	1.04771987582698	0.874123212461381	3.97529051279982	0.98438	1
ENSDARG00000078164	4	2.23950320634064	2.30130772480889	1.91103367435941	0.85332928702614	4.47900641268127	0.63363	1
ENSDARG00000078166	1	4.09886970767191	4.09886970767191	NA	NA	4.09886970767191	0.16304	0.66518023246493
ENSDARG00000078169	14	2.49605069883315	2.03208645333269	2.23906555073494	0.8970432979513	9.33936653505132	0.46955	0.971160312944523
ENSDARG00000078172	32	1.71347423131931	0.894837511476113	2.56424536555614	1.49651819600565	9.69287398683432	0.76096	1
ENSDARG00000078179	12	1.174904330521	0.965786193316448	1.16562461275513	0.992101724774683	4.06998798899015	0.95647	1
ENSDARG00000078185	11	1.61793519659999	2.16000882407617	0.985447277686346	0.609077100094747	5.36608398223206	0.77009	1
ENSDARG00000078187	35	2.28195529803955	1.97761201680774	1.64186496024402	0.71949917759325	13.5002296046689	0.95806	1
ENSDARG00000078191	4	3.55509846700958	3.61109573382094	1.06736649650642	0.300235424253734	7.11019693401916	0.20862	0.738294283727399
ENSDARG00000078195	3	1.67893194196417	2.19132179951918	1.02570623771236	0.610927823859491	2.90799542593223	0.50863	0.992872293824319
ENSDARG00000078204	3	1.19383758186781	1.42579946951914	0.582311959895415	0.487764808831334	2.06778734778022	0.7387	1
ENSDARG00000078215	10	4.82959123772147	4.91259407620305	3.21725111339444	0.666153915525217	15.2725084787916	0.00098	0.0280180898876404
ENSDARG00000078222	24	2.86535898160958	2.21439796046317	2.46145537167355	0.859039089856328	14.0373348696887	0.58098	1
ENSDARG00000078226	9	1.20408537677581	0.982080478597003	0.674998590934143	0.560590306927897	3.61225613032743	0.89649	1
ENSDARG00000078227	6	2.44555966425321	1.93612716373014	2.23269505385484	0.912958733532523	5.99037331295252	0.22254	0.7552076
ENSDARG00000078233	11	2.19864393079543	1.66953481930634	2.04398516589205	0.929657202452316	7.29207696604058	0.66231	1
ENSDARG00000078234	2	1.72109560160988	1.72109560160988	0.29360986831806	0.170594746766782	2.43399674193737	0.45483	0.959895774006623
ENSDARG00000078241	16	2.75259064791431	2.66707057332058	1.39070311276476	0.505234264970899	11.0103625916572	0.30127	0.847024228539884
ENSDARG00000078247	1	2.81966625077649	2.81966625077649	NA	NA	2.81966625077649	0.5	0.988293681553398
ENSDARG00000078250	1	3.50403380755984	3.50403380755984	NA	NA	3.50403380755984	0.14427	0.632377286821705
ENSDARG00000078251	3	1.02775117205273	0.497058573279206	1.07852459219915	1.04940244441173	1.78011724753379	0.94074	1
ENSDARG00000078258	22	2.72880395578852	2.4011633055546	2.22523644933128	0.815462189803322	12.799225079699	0.12333	0.594343153409091
ENSDARG00000078259	3	1.63484271844695	1.74446101063095	0.311165280959123	0.190333465995261	2.83163065073414	0.53654	1
ENSDARG00000078267	8	1.96498748894573	1.75908075927839	1.62267765979764	0.82579541545491	5.55782391352099	0.43466	0.949145994421798
ENSDARG00000078270	7	2.81368082633705	2.22806176374261	3.58073872250579	1.27261723824138	7.44429973519855	0.32214	0.866245360443623
ENSDARG00000078281	3	0.900889171434716	1.07514487469401	0.56190782615573	0.623725807760416	1.56038581691356	0.90671	1
ENSDARG00000078284	10	2.77736899422808	3.09426600222423	1.82377275860702	0.656654827787441	8.78281192449178	0.21092	0.742141447776629
ENSDARG00000078285	7	1.59022375932874	1.6244208892013	0.708769674656063	0.445704367387423	4.20733659613006	0.77258	1
ENSDARG00000078302	6	2.20762984089424	2.4238862057598	1.7706943143186	0.802079352941411	5.40756665113249	0.63959	1
ENSDARG00000078308	10	2.16680624515615	2.55262179047549	1.3956701521652	0.644113960482252	6.85204298297061	0.9135	1
ENSDARG00000078310	21	2.31593595449937	1.51348207269889	2.88242147064078	1.24460327369625	10.6129518161632	0.21909	0.750623217771794
ENSDARG00000078313	18	2.86410827160177	1.89552951170548	3.15114977691491	1.10022020052776	12.1513822854126	0.04088	0.348764995808885
ENSDARG00000078317	3	2.50323499453391	2.33494011657969	0.78330020594737	0.312915170832061	4.33573019381713	0.23424	0.772697142857143
ENSDARG00000078322	10	4.605146324866	4.33283565591745	1.42991176213935	0.3105030027859	14.5627513449303	0.00146	0.0373363819095477
ENSDARG00000078326	19	1.84651151414816	1.90968754712783	1.18538192226784	0.641957503749811	8.04875708825611	0.60358	1
ENSDARG00000078333	11	1.91768959661926	1.17193618839342	2.15520672598628	1.12385587833701	6.36025685635408	0.48406	0.97850301489573
ENSDARG00000078335	21	1.94840455713591	1.6016534780358	2.17650510165367	1.11707042240399	8.92871136747223	0.46746	0.969718224394217
ENSDARG00000078352	3	2.47124699587999	2.43520659541506	1.47331043270606	0.59618097064451	4.2803253549161	0.36642	0.906299577156744
ENSDARG00000078362	25	2.36603424172572	1.6016534780358	2.63213170578533	1.11246560145534	11.8301712086286	0.13397	0.612233195691203
ENSDARG00000078366	3	1.52720684160408	1.35335877023845	0.744939393519283	0.487778978737973	2.64519984332506	0.75	1
ENSDARG00000078381	38	1.52740802141754	1.2877384900155	1.51853193547981	0.994188791853081	9.41557539547342	0.97008	1
ENSDARG00000078383	7	2.05583668306391	1.25199291384201	1.71316738643047	0.833318813962038	5.43923259955101	0.65576	1
ENSDARG00000078388	39	1.96606847755062	1.87878825269252	1.64963936047141	0.839054885070214	12.2780937070178	0.50494	0.991594935440355
ENSDARG00000078392	10	1.6899256773133	1.54836772658549	1.21705359342196	0.720181727374471	5.34401421671276	0.61329	1
ENSDARG00000078399	3	1.76660807212099	1.96683242694907	1.16104407791703	0.657216558805303	3.05985493797486	0.71884	1
ENSDARG00000078401	5	0.971035263951439	0.805998257847476	0.92423749650321	0.951806315192103	2.17130085874487	0.97233	1
ENSDARG00000078411	12	3.28083219641532	3.40397452649654	2.85655084518034	0.870678740687023	11.3651361105983	0.04726	0.370009446153846
ENSDARG00000078415	8	4.00580565900523	3.68588380381687	3.79400277390876	0.947126020799255	11.3301293823922	0.01825	0.21890492343934
ENSDARG00000078416	1	7.36632068937966	7.36632068937966	NA	NA	7.36632068937966	0.02118	0.239788698553949
ENSDARG00000078425	10	3.04847790910201	4.22696775890754	2.29782596175003	0.753761723150195	9.64013358947009	0.12333	0.594343153409091
ENSDARG00000078430	27	1.92530373104965	2.17514976442408	1.31562888221174	0.68333575684418	10.0041716465398	0.77672	1
ENSDARG00000078433	1	0	0	NA	NA	0	1	1
ENSDARG00000078434	8	4.01793140767555	3.01744107314555	3.45188704679169	0.859120451931426	11.3644261788392	0.01675	0.210470987654321
ENSDARG00000078440	20	2.53539898202308	1.52511017936022	2.47304009682518	0.975404705279112	11.3386489477747	0.12003	0.586872670509126
ENSDARG00000078442	9	2.51794374692465	1.70528814162177	1.66378832474215	0.66077263512112	7.55383124077396	0.16999	0.677165643835616
ENSDARG00000078448	11	2.44318557085154	2.3052351085532	1.65221882597263	0.676255969126721	8.10312983172483	0.21673	0.746088359824146
ENSDARG00000078458	15	2.21010200342091	2.09627620565278	1.78796647185019	0.80899726305966	8.55968825266883	0.90565	1
ENSDARG00000078459	34	2.3491812509844	2.12117851357489	1.75539944768748	0.747238829252488	13.6979628667625	0.28889	0.835556243250923
ENSDARG00000078473	14	4.39199594876914	4.04248142673397	2.53198848245058	0.576500641618344	16.4333440843933	0.5798	1
ENSDARG00000078475	7	1.81584426120338	2.35063583201308	1.27567941855392	0.70252688835138	4.80427233476795	0.67514	1
ENSDARG00000078476	1	0	0	NA	NA	0	1	1
ENSDARG00000078479	5	3.37177297399424	4.68940019300684	1.90487470526136	0.564947497934542	7.53951357454776	0.06902	0.450600102629891
ENSDARG00000078481	5	1.64280792805565	1.44343139942018	1.18700127607446	0.722544161008122	3.67343020110801	0.58373	1
ENSDARG00000078492	2	0.928551191941034	0.928551191941034	0.59835305025644	0.644394251442022	1.31316968900071	0.87182	1
ENSDARG00000078497	19	2.71093413886125	1.85324033046778	2.17737489020506	0.803182511516008	11.8166879538906	0.08139	0.488148155568651
ENSDARG00000078502	9	5.08376831182132	4.23265028766078	3.29232563509592	0.647615200606263	15.2513049354639	0.00074	0.0225500598802395
ENSDARG00000078512	24	3.01769175619646	2.40932329633689	2.36820791509662	0.784774624589735	14.7836100073692	0.0699	0.452859452577976
ENSDARG00000078520	11	1.41974167029583	0.908646593915662	1.2244700540673	0.862459755662565	4.70875041960373	0.88096	1
ENSDARG00000078522	1	4.5705554612355	4.5705554612355	NA	NA	4.5705554612355	0.07973	0.483212666666667
ENSDARG00000078523	1	42.5813199497726	42.5813199497726	NA	NA	42.5813199497726	0	0
ENSDARG00000078525	9	3.30592321143532	2.33494011657969	2.58589412043203	0.782200297782876	9.91776963430596	0.03521	0.320543273703041
ENSDARG00000078527	13	1.78409846221329	1.57450180900074	0.914785014964235	0.512743570121901	6.43265848598646	0.71974	1
ENSDARG00000078535	17	5.14527157288829	4.68940019300684	3.56423904656883	0.692721267687732	21.2144981675063	4e-05	0.00216553191489362
ENSDARG00000078536	2	0.575412749402575	0.575412749402575	0.0906795672432624	0.157590472816966	0.813756514167513	0.95867	1
ENSDARG00000078561	45	1.71586300964818	1.54184275175628	1.26415974259206	0.736748642218975	11.5103589889521	0.90057	1
ENSDARG00000078571	19	1.86323315279942	1.74446101063095	1.60550210626083	0.861675364593336	8.12164502130736	0.53414	1
ENSDARG00000078572	50	1.69732054029752	1.18489682723871	1.34481914720994	0.792318902223502	12.0018686389159	0.96654	1
ENSDARG00000078574	10	1.93612370074024	1.21412846143805	2.06448986070354	1.06630059841436	6.12256072617338	0.52955	1
ENSDARG00000078578	1	3.3116452755554	3.3116452755554	NA	NA	3.3116452755554	0.12577	0.598169149722736
ENSDARG00000078582	19	3.00543140511092	2.43433985982736	2.15224745517585	0.716119307037193	13.100371776622	0.12897	0.602782470156107
ENSDARG00000078593	22	2.73792717556772	2.47056662043069	2.09825984394353	0.766368025661037	12.8420167735317	0.04315	0.356890909090909
ENSDARG00000078600	10	3.69101769245475	4.10016393896762	1.12784204837602	0.305563977837759	11.6720227921359	0.00838	0.132440434782609
ENSDARG00000078604	33	2.65659154602698	1.74467443837441	2.13929197772915	0.805276965112884	15.2609565624153	0.67573	1
ENSDARG00000078606	4	0.421254774953663	0.388186252949495	0.373380073522218	0.886352145357377	0.842509549907326	0.99393	1
ENSDARG00000078615	2	0.541345360368685	0.541345360368685	0	0	0.765577950561145	1	1
ENSDARG00000078618	2	0.604945307294348	0.604945307294348	0.0264909949266822	0.0437907272066704	0.855521858069626	0.95619	1
ENSDARG00000078619	10	7.06541234703662	3.19440768713419	6.63990962779064	0.939776661524299	22.3427956249117	7e-05	0.00347541463414634
ENSDARG00000078624	25	3.74925634202891	2.95207872574435	2.57331392585095	0.68635315675919	18.7462817101445	0.2278	0.763802430029634
ENSDARG00000078650	11	1.64599471600655	1.51049194547627	1.12963474768335	0.686293058354421	5.45914687990131	0.71961	1
ENSDARG00000078658	7	1.07019201221258	1.21033581756191	0.861911771280438	0.805380493822293	2.83146191940228	0.93828	1
ENSDARG00000078659	7	9.70235143309235	9.87798600106623	4.21638288670555	0.434573300687141	25.6700090245135	1e-05	0.000656645161290323
ENSDARG00000078675	21	2.01461903095494	2.19132179951918	1.09950640706953	0.54576393361496	9.23214420584961	0.79039	1
ENSDARG00000078676	30	2.43533260958196	2.36528091264601	1.662668746176	0.682727582932259	13.3388660529596	0.77156	1
ENSDARG00000078691	22	2.03426851730282	1.28411206558638	2.09232764666282	1.0285405436235	9.5415651132698	0.85864	1
ENSDARG00000078694	27	2.40085594687078	2.10730811221127	1.5511005805767	0.646061494275974	12.4752134449022	0.4501	0.958226135508156
ENSDARG00000078696	11	12.2060565802005	13.4623180330076	4.40187426410878	0.360630334226787	40.4829098463737	0	0
ENSDARG00000078701	7	1.29009596487584	1.51348207269889	0.833709560522701	0.646238406460669	3.41327309046939	0.81392	1
ENSDARG00000078703	5	1.78176229723279	1.57968384757476	1.25507978011752	0.704403602021856	3.98414161635871	0.57241	1
ENSDARG00000078707	18	3.13115240242487	1.88239992275272	3.69440962500452	1.1798881530466	13.2843545800991	0.02271	0.249344530744337
ENSDARG00000078717	6	1.65916978248679	1.42492697149498	1.39817198465315	0.842693737200025	4.06411936373719	0.56814	1
ENSDARG00000078722	4	1.44169717648644	1.81537437422892	0.974652178278629	0.676045007353038	2.88339435297288	0.73501	1
ENSDARG00000078725	31	2.17472757269346	2.18641395806165	1.43118394761331	0.658098037466249	12.1083706781065	0.24803	0.790005150187735
ENSDARG00000078733	18	4.55774176458223	3.81754938202291	3.08208257234119	0.676230188443705	19.3368606517994	0.00017	0.00727
ENSDARG00000078734	6	2.18583808174861	2.57666047213896	1.02223568523783	0.467663041363094	5.35418796062808	0.29755	0.844931973392461
ENSDARG00000078736	3	2.08470802156564	2.71909338950166	1.74995274710136	0.839423424766755	3.61082021229809	0.65476	1
ENSDARG00000078745	6	1.94393220074506	1.63450163491659	0.746868619201274	0.384205076141553	4.76164198639096	0.68979	1
ENSDARG00000078751	1	23.3124588389961	23.3124588389961	NA	NA	23.3124588389961	0.00018	0.0075704132231405
ENSDARG00000078752	12	8.76538577336339	7.1125253333965	6.50047754570152	0.74160769574517	30.3641870148136	0	0
ENSDARG00000078755	10	1.77699791965869	1.3729090717664	0.985938577899776	0.554833839135359	5.61936082350235	0.79604	1
ENSDARG00000078762	8	1.49390474756755	1.17661015086256	1.18850783541224	0.795571362462988	4.22540070980717	0.70844	1
ENSDARG00000078767	21	1.60026923029991	1.28063326167805	1.4804079124649	0.925099279817721	7.33335488015806	0.83732	1
ENSDARG00000078770	3	3.54556439862285	4.09886970767191	2.04520448792336	0.576834675099329	6.14109767992216	0.1089	0.563175774504825
ENSDARG00000078772	18	3.30483137575641	3.15024074961021	1.91528081992824	0.579539650336886	14.0212120588525	0.2114	0.742141447776629
ENSDARG00000078773	7	2.30245356567028	2.39220599973591	0.851020389552	0.369614572141981	6.09171954003749	0.42412	0.942620580786026
ENSDARG00000078775	8	1.39649188328572	1.40199946370885	0.985572786158848	0.705749025794519	3.94987552217321	0.81244	1
ENSDARG00000078778	16	1.95952353946841	1.9106519795078	1.45667123068713	0.743380317381796	7.83809415787363	0.59274	1
ENSDARG00000078784	46	2.40964705448295	1.96003852049732	2.11987046899993	0.879743141243898	16.3430214663692	0.10881	0.563175774504825
ENSDARG00000078785	4	2.37422560771712	1.85518663840805	2.46426982077026	1.03792571892092	4.74845121543424	0.82689	1
ENSDARG00000078789	46	1.89560630144133	1.58940953291623	1.30443208045618	0.688134492623467	12.8566274544668	0.73735	1
ENSDARG00000078797	13	3.55171312301361	2.69078811211254	3.63585528349621	1.02369058467515	12.8058837807639	0.01489	0.195045585585586
ENSDARG00000078800	3	0.959628917315961	1.13998094391514	0.446672925177988	0.465464219677031	1.66212604120356	0.85806	1
ENSDARG00000078802	4	1.97616448867576	1.87322400944541	2.1235632865054	1.07458832433954	3.95232897735152	0.55601	1
ENSDARG00000078803	30	1.71738444657719	1.29734734745448	1.35264736591352	0.787620598643126	9.40650201298852	0.97553	1
ENSDARG00000078814	8	2.39535701106258	2.63859574531996	1.12257584749899	0.468646570141549	6.77509274354036	0.20908	0.738558341429563
ENSDARG00000078822	4	1.70818646108561	1.5671395583037	1.30610221723007	0.764613376223578	3.41637292217122	0.519	1
ENSDARG00000078828	6	1.43216713730587	0.843875496258433	1.99045783599781	1.38982230785031	3.50807871278188	0.97542	1
ENSDARG00000078829	5	2.90401638405851	2.6823674146269	0.47966189570039	0.165171897215689	6.49357804252797	0.12083	0.589553087248322
ENSDARG00000078839	4	2.00646183337065	1.8358263403091	1.18537384777028	0.590778168842103	4.0129236667413	0.4058	0.932452393605044
ENSDARG00000078842	1	4.47363288543858	4.47363288543858	NA	NA	4.47363288543858	0.05035	0.383292670157068
ENSDARG00000078847	3	9.24684041137352	8.98978992739713	1.07890316202585	0.116678034228731	16.01599740198	0.00088	0.0257374712643678
ENSDARG00000078850	10	2.11123067115183	1.40713255548334	1.76389616518114	0.835482445989102	6.67629758684572	0.41276	0.937529854943093
ENSDARG00000078853	2	1.2652982630657	1.2652982630657	0.799409506071925	0.63179530819479	1.78940196407463	0.6706	1
ENSDARG00000078854	2	4.31830809786833	4.31830809786833	0.964596173228968	0.223373634156657	6.10700987851096	0.33786	0.881337089418396
ENSDARG00000078859	3	2.31337047126108	2.55483363774512	1.19479334773721	0.516472982853412	4.00687519295375	0.26332	0.808467861236802
ENSDARG00000078864	7	1.37797138174153	1.28063326167805	0.977515305643086	0.709387232997296	3.64576958985214	0.77877	1
ENSDARG00000078865	7	2.38679115459132	2.25050639726209	1.53438989907571	0.64286726390958	6.31485582649735	0.76272	1
ENSDARG00000078888	13	1.9711007519143	1.74446101063095	1.98078587286068	1.00491355956157	7.10690483013263	0.4132	0.937692218506132
ENSDARG00000078891	27	2.02618787099941	2.00126727297952	1.16364771999426	0.574303960974902	10.5283810147524	0.61791	1
ENSDARG00000078894	6	4.506379286903	2.88061190829454	4.63110014071779	1.02767651053636	11.0383298403595	0.00751	0.124085681818182
ENSDARG00000078898	31	2.50774891691277	1.83742502526632	2.40559279757187	0.959263816783275	13.9625550505125	0.89087	1
ENSDARG00000078901	8	1.66246871341488	1.87035254122543	0.825746833117547	0.49669917181261	4.70217160306455	0.63892	1
ENSDARG00000078902	12	3.44808402740455	2.91557519434697	1.77454370703493	0.514646305870529	11.9445134484628	0.1027	0.548991911764706
ENSDARG00000078904	18	1.82932635868707	1.59725010535492	1.21084989235446	0.661910263635792	7.76117443938554	0.9138	1
ENSDARG00000078908	13	2.86657417186252	3.09998065507724	1.58927529733357	0.554416248124135	10.335580161571	0.42821	0.944586341569137
ENSDARG00000078935	7	1.49813332345601	0.881028429036563	1.56895352967524	1.04727229887382	3.96368820468328	0.7006	1
ENSDARG00000078942	6	1.88279450664557	1.75407938463798	1.56411148664471	0.830739351067773	4.61188583179684	0.59366	1
ENSDARG00000078953	7	1.88484303538257	2.17626921828956	0.766668121481679	0.406754359429229	4.98682593201439	0.52466	1
ENSDARG00000078954	10	1.78269971180753	1.35692998316186	1.42114814458677	0.797188744225371	5.63739147343755	0.89764	1
ENSDARG00000078964	9	3.99588448138861	2.64024438175962	3.74189217605082	0.936436524498944	11.9876534441658	0.01086	0.155823746478873
ENSDARG00000078973	9	1.73810959700703	1.3332656122172	0.847501721317776	0.487599701869862	5.2143287910211	0.70541	1
ENSDARG00000078974	1	0	0	NA	NA	0	1	1
ENSDARG00000078981	6	2.42638125479455	2.6513684575512	2.32709943262024	0.959082348671248	5.94339599570062	0.72207	1
ENSDARG00000078983	2	6.53557297488959	6.53557297488959	2.61088258662265	0.399487940331163	9.24269593896793	0.01763	0.216190530120482
ENSDARG00000078986	1	1.44343139942018	1.44343139942018	NA	NA	1.44343139942018	0.60104	1
ENSDARG00000078992	22	1.31812945017625	1.05064410163144	1.07353876952486	0.814441077377734	6.18257514659405	0.99884	1
ENSDARG00000079000	4	1.95981801458575	1.80931155536029	0.971197229756877	0.495554802807627	3.9196360291715	0.78035	1
ENSDARG00000079012	5	2.881033836545	1.83499047718184	2.85662077562654	0.991526284554944	6.44218750399163	0.33711	0.881004544287548
ENSDARG00000079013	20	2.69952399961629	1.86801425444449	2.84345640015295	1.05331769621501	12.0726383400683	0.18112	0.69688731394031
ENSDARG00000079015	10	2.17085601616725	1.92870913052087	2.08120910666662	0.958704350342447	6.86484948336782	0.3061	0.849307986977754
ENSDARG00000079017	11	2.24425726635122	2.12664862755447	1.83769256608199	0.818842203893033	7.44335928551571	0.26512	0.811302273000601
ENSDARG00000079024	17	1.22028339302656	1.24133723250111	0.762993652419709	0.625259392023128	5.03135732263564	0.98801	1
ENSDARG00000079027	17	2.0809033825165	1.42049606959635	2.82466734481981	1.35742359234567	8.57978444282061	0.38016	0.913425042492918
ENSDARG00000079046	5	2.36411926175826	3.06336883915592	1.68942423381569	0.714610409526977	5.28633137620809	0.26988	0.817754879428401
ENSDARG00000079049	2	0.183546999729423	0.183546999729423	0.259574656350241	1.4142135623731	0.259574656350241	1	1
ENSDARG00000079056	13	3.63295595613081	2.79360329568254	3.30081186784764	0.908574699970514	13.0988089813319	0.03544	0.321773702051739
ENSDARG00000079059	4	2.18975883368713	2.22826919824083	0.807660936886025	0.368835565113844	4.37951766737426	0.49313	0.985098555446516
ENSDARG00000079064	2	2.32865786997388	2.32865786997388	0.249765853071467	0.107257427676256	3.2932195418439	0.41444	0.93900040247678
ENSDARG00000079065	3	2.19376955320149	2.48416663422125	1.14737309629513	0.52301441353341	3.79972032624265	0.34308	0.884076896988104
ENSDARG00000079067	6	3.88009623140623	2.2262118862517	3.79704474218754	0.978595507877754	9.50425591984123	0.0177	0.216511596638655
ENSDARG00000079080	9	2.05094958421389	2.01038949386681	1.4052788412414	0.685184488228184	6.15284875264168	0.35913	0.900230440778133
ENSDARG00000079095	13	1.72432640704999	1.66266187498724	0.314895976844166	0.182619703297878	6.21714727625534	0.62638	1
ENSDARG00000079102	5	1.53689840761099	1.10092782285774	1.59060133766628	1.03494240724653	3.43660931392935	0.68203	1
ENSDARG00000079110	8	2.48463059182334	1.38695467553289	2.11022936577551	0.849313122328951	7.02759656088731	0.27793	0.825739895165987
ENSDARG00000079124	10	1.7821617867044	1.59040409674954	1.54327492599353	0.865956692319939	5.63569040490109	0.65775	1
ENSDARG00000079129	1	0.623677269447383	0.623677269447383	NA	NA	0.623677269447383	0.80298	1
ENSDARG00000079143	4	4.94651478799881	4.84123640041269	0.946763154646531	0.191400045329604	9.89302957599762	0.05534	0.402609378127234
ENSDARG00000079144	2	2.39300479904924	2.39300479904924	0.292163569186714	0.122090674161119	3.38421984163934	0.25364	0.797344582691715
ENSDARG00000079148	1	0.267587307870747	0.267587307870747	NA	NA	0.267587307870747	0.92101	1
ENSDARG00000079167	5	1.12660654119411	0.871048508794701	0.785131566102901	0.696899527381339	2.51916881000595	0.96023	1
ENSDARG00000079175	1	2.59959564003683	2.59959564003683	NA	NA	2.59959564003683	0.2001	0.726355496453901
ENSDARG00000079188	10	1.31754807421809	0.885346314600326	1.39353431324227	1.05767246031556	4.16645284129774	0.91768	1
ENSDARG00000079202	10	2.72492869131158	2.40139829742971	2.04937479113421	0.752083824310205	8.61698112608646	0.10978	0.564313555555556
ENSDARG00000079204	1	9.57184237357839	9.57184237357839	NA	NA	9.57184237357839	0.01406	0.186331614583333
ENSDARG00000079217	4	1.44989066286548	1.36269096121365	0.566869898346335	0.390974238861575	2.89978132573096	0.64711	1
ENSDARG00000079219	20	2.90280870035841	2.57078524785313	2.20683746455852	0.760242128351771	12.9817551593585	0.07449	0.467134454713494
ENSDARG00000079220	3	3.15591754483494	3.43884177923243	1.39008466027104	0.440469258313193	5.46620953215215	0.15046	0.641636129032258
ENSDARG00000079229	3	3.895334340982	1.56030140154889	4.22786581858344	1.08536660745727	6.74691699104865	0.06137	0.425121904761905
ENSDARG00000079236	1	0	0	NA	NA	0	1	1
ENSDARG00000079241	10	5.50000069070512	5.41701475364004	2.15087529150089	0.391068185706925	17.3925293151275	0.00094	0.0271028895184136
ENSDARG00000079244	4	5.53553294218894	6.10502701081303	4.0937929969254	0.739548122950304	11.0710658843779	0.01025	0.150107194244604
ENSDARG00000079249	20	1.78962724539123	1.38036871949738	1.66052146119298	0.927858840699519	8.00345635016098	0.90887	1
ENSDARG00000079250	3	1.47588197510299	1.69370789882307	0.444344572228336	0.301070532552123	2.55630256685348	0.71929	1
ENSDARG00000079251	10	1.67309507422442	0.900562549362046	2.5144181163533	1.50285429387143	5.29079117655762	0.96083	1
ENSDARG00000079252	1	1.04782277521322	1.04782277521322	NA	NA	1.04782277521322	0.78893	1
ENSDARG00000079253	34	2.38800854148535	2.47474462106289	1.38496286768868	0.579965625594968	13.9243629298807	0.66887	1
ENSDARG00000079257	23	1.74825284427997	1.76196513349038	1.30849878565299	0.748460836162351	8.384326101319	0.67122	1
ENSDARG00000079264	15	1.56425687787844	1.45854242385161	1.10199155108182	0.704482471303828	6.05834083721362	0.86391	1
ENSDARG00000079280	3	2.36113710836321	1.04346016188906	2.63281575069342	1.11506262866647	4.08960943532133	0.39954	0.928899424394701
ENSDARG00000079283	43	2.0270246793424	1.63636215651383	1.49922878216265	0.739620389155312	13.2920897220308	0.95252	1
ENSDARG00000079291	4	1.5585951820169	1.87963763813751	1.07705811604326	0.691044171360451	3.1171903640338	0.57104	1
ENSDARG00000079306	6	1.99330381699047	2.12693671893817	1.24135114053931	0.62276062984394	4.88257725396871	0.70837	1
ENSDARG00000079307	6	2.6723761049027	2.64139979926702	1.82326776245063	0.682264655452385	6.54595785781802	0.74923	1
ENSDARG00000079313	17	2.34620863778447	2.62416161976867	1.5026889224962	0.640475402867495	9.67366603332189	0.6917	1
ENSDARG00000079317	13	1.2479189672058	1.10524752050862	0.955452866359395	0.765636945561249	4.49943582388457	0.96861	1
ENSDARG00000079323	17	2.4000080747313	2.10173434918762	1.79718634914968	0.748825126078333	9.89548679445242	0.63259	1
ENSDARG00000079326	18	1.55918507132668	0.881028429036563	1.60425957247303	1.0289090127755	6.61506202235957	0.91902	1
ENSDARG00000079327	1	1.87878825269252	1.87878825269252	NA	NA	1.87878825269252	0.41076	0.936467180291154
ENSDARG00000079329	9	1.99625675029583	2.29825162269531	1.04319930237456	0.52257772063637	5.98877025088749	0.4814	0.97776206662677
ENSDARG00000079350	22	2.01616989358046	1.98521516382394	1.61818297287588	0.802602488028521	9.45667504333132	0.53982	1
ENSDARG00000079352	18	1.99992957653456	1.61867453560506	1.89869546315264	0.949381160932008	8.48498259277877	0.43273	0.947766083404987
ENSDARG00000079353	9	2.80114989908472	1.57968384757476	3.63936775370523	1.29924062789157	8.40344969725415	0.11339	0.572682806147744
ENSDARG00000079355	38	1.78270689577063	1.51577895945073	1.44156638986278	0.808639038353871	10.9893433514778	0.77623	1
ENSDARG00000079366	36	2.05520690371588	1.98141893776036	1.76646151663759	0.859505441249624	12.3312414222953	0.91702	1
ENSDARG00000079369	41	2.35190810345361	2.04354020666604	1.96160315351941	0.834047533846639	15.0595597814385	0.41207	0.937217532960894
ENSDARG00000079374	1	3.41587508977387	3.41587508977387	NA	NA	3.41587508977387	0.30463	0.849307986977754
ENSDARG00000079387	2	2.28715761143576	2.28715761143576	0.1329435863703	0.0581261150108692	3.2345293133773	0.3072	0.849307986977754
ENSDARG00000079388	21	2.46865532560338	1.91873496009535	1.84081167936102	0.745673833146834	11.3127998943333	0.86795	1
ENSDARG00000079393	8	2.48168283551451	2.53735054591471	1.39083943647754	0.56044205833788	7.01925904698628	0.20002	0.726355496453901
ENSDARG00000079397	5	1.132015574123	1.00415155442692	0.39044363905118	0.344910130192923	2.53126377532747	0.87493	1
ENSDARG00000079402	13	1.77431402194477	1.81776120317886	1.29796097814946	0.731528332694349	6.39738018489661	0.59255	1
ENSDARG00000079414	1	4.76790185218572	4.76790185218572	NA	NA	4.76790185218572	0.04486	0.361794833597464
ENSDARG00000079415	1	3.29350064346113	3.29350064346113	NA	NA	3.29350064346113	0.16365	0.66607461722488
ENSDARG00000079423	2	1.52423768133606	1.52423768133606	0.141680451285063	0.0929516787440091	2.15559760122557	0.5149	0.997614472782642
ENSDARG00000079438	15	3.41273240478932	2.2625378028765	3.12755141369765	0.916436169829355	13.2174557688114	0.00942	0.141411150442478
ENSDARG00000079443	2	4.03086368778571	4.03086368778571	3.47629637548293	0.86241973054479	5.70050209534378	0.06492	0.437903229649239
ENSDARG00000079446	2	4.32628576027233	4.32628576027233	3.42760542130466	0.792274392223435	6.11829199687873	0.11383	0.573829489846459
ENSDARG00000079455	17	1.86877471047787	1.18463230429166	1.67850087477192	0.898182571371967	7.70515552178333	0.9683	1
ENSDARG00000079456	4	7.24118827099906	6.0881797769147	3.7424248107809	0.516824679972665	14.4823765419981	0.00061	0.0195238364779874
ENSDARG00000079457	6	2.5096484447691	2.05023202145089	1.6038277727374	0.639064716845213	6.14735812345367	0.20443	0.73083545486477
ENSDARG00000079469	8	1.66296645645503	1.45252707543967	0.996690977256198	0.599345208309768	4.70357943298047	0.59174	1
ENSDARG00000079473	4	1.92749123635705	1.61435293237334	1.11188527586832	0.576856202972821	3.8549824727141	0.39334	0.925003354898337
ENSDARG00000079474	13	2.36750464261904	1.61529001766055	1.95277525025432	0.824824253816063	8.53615938386201	0.23256	0.770435530253741
ENSDARG00000079483	5	3.84218387732873	3.77562833190426	0.847224156114328	0.220505884976895	8.59138433176074	0.03484	0.319460828828829
ENSDARG00000079497	3	4.2241299617369	3.14594855566565	3.81366415701784	0.902828320047643	7.31640771150228	0.43002	0.945571160077771
ENSDARG00000079499	1	1.28063326167805	1.28063326167805	NA	NA	1.28063326167805	0.62844	1
ENSDARG00000079500	21	1.96541894534619	1.74536935421247	1.51951344659141	0.773124452773484	9.0066810893492	0.99487	1
ENSDARG00000079508	4	1.36174055206605	1.41351087728219	1.03626337781165	0.76098444467958	2.72348110413211	0.87532	1
ENSDARG00000079542	16	1.74074880913941	0.858728845592799	2.57776336901596	1.48083592272589	6.96299523655766	0.80123	1
ENSDARG00000079552	12	2.25477131606171	1.34042956305013	2.34741178843761	1.04108641604405	7.81075695773565	0.52282	1
ENSDARG00000079570	4	2.49078560948563	2.88786854295247	1.5452651632267	0.620392681466398	4.98157121897125	0.21131	0.742141447776629
ENSDARG00000079575	14	1.68736546799488	1.75252137633241	1.37135995560286	0.812722543879286	6.31354346751032	0.63723	1
ENSDARG00000079578	4	1.2150424525388	0.679006531526549	1.58312598620504	1.30293882563292	2.4300849050776	0.82151	1
ENSDARG00000079586	6	3.76365762011361	1.78264791784179	6.2009925445308	1.64759740933704	9.21904073581603	0.63696	1
ENSDARG00000079591	2	4.12543337844346	4.12543337844346	1.15087017200215	0.278969520636492	5.83424383446139	0.05906	0.417439361111111
ENSDARG00000079605	7	1.75027430423616	1.13321794395813	1.46415677862057	0.836529894243949	4.63079053515548	0.75153	1
ENSDARG00000079613	13	1.71442928441269	1.17193618839342	1.47869613707547	0.862500512864269	6.181462693107	0.60561	1
ENSDARG00000079618	12	3.91771315424183	3.48033747498961	2.10377130152459	0.536989620908506	13.5713564652556	0.0051	0.0948954296160878
ENSDARG00000079620	7	1.19494939832972	1.32391443998959	0.932052055092881	0.779992907143759	3.16153893728669	0.9925	1
ENSDARG00000079623	2	1.13019329153204	1.13019329153204	1.5983346809877	1.4142135623731	1.5983346809877	0.71568	1
ENSDARG00000079624	44	2.38261030558499	2.04840100984985	1.70276911698394	0.714665387366344	15.8044488105189	0.13019	0.604873290734824
ENSDARG00000079625	19	1.46365704948171	1.18350424452053	1.54451841474929	1.0552461147208	6.37993316669166	0.86169	1
ENSDARG00000079626	10	2.12655600453944	1.80039906267496	1.40281618629032	0.659665761586246	6.724760546252	0.68707	1
ENSDARG00000079631	11	1.95355250474209	2.09967151460726	0.803305626570636	0.411202475807883	6.47920066648849	0.61342	1
ENSDARG00000079632	2	5.95671372265268	5.95671372265268	0.656957447817488	0.110288571585899	8.42406533374935	0.02574	0.268149150460594
ENSDARG00000079634	14	1.49969162782035	1.24688953143778	0.842424088256242	0.561731540423828	5.61133225711704	0.81006	1
ENSDARG00000079636	10	2.80870307725978	2.10569087225851	2.53038677859659	0.900909319708253	8.88189899526479	0.37132	0.909903005008347
ENSDARG00000079639	43	2.23670249732227	1.74681740293493	1.74884591885036	0.781885798823954	14.6670391233436	0.9985	1
ENSDARG00000079651	24	2.5244851603053	1.65307840693034	3.27840197761545	1.29864180988846	12.3674010119524	0.14766	0.636944415254237
ENSDARG00000079656	9	1.84586308502499	1.6976887238254	1.19947991957543	0.649820633668065	5.53758925507497	0.89419	1
ENSDARG00000079665	49	2.10735304684105	1.71536862335705	1.43365767458197	0.680312051524086	14.7514713278873	0.80294	1
ENSDARG00000079671	4	0.763483066544086	0.714588824630465	0.427255670735576	0.559613813924588	1.52696613308817	0.9898	1
ENSDARG00000079672	14	2.37040457332324	1.39817853879736	2.80222817015925	1.18217295127414	8.86924178141764	0.198	0.72490343761237
ENSDARG00000079684	1	3.53846164330715	3.53846164330715	NA	NA	3.53846164330715	0.13058	0.605674426229508
ENSDARG00000079686	14	1.45909604824274	1.15536558969231	1.15857564158376	0.794036583800698	5.45943750692012	0.96631	1
ENSDARG00000079688	21	2.14551089483518	2.21668873914701	1.69775120444192	0.791303930699611	9.83196607993464	0.93803	1
ENSDARG00000079697	1	1.11578321501167	1.11578321501167	NA	NA	1.11578321501167	0.69648	1
ENSDARG00000079698	4	3.14837023761719	3.40270777201634	1.06384395705945	0.337903066274889	6.29674047523438	0.12363	0.594855037807183
ENSDARG00000079705	3	1.31597176101422	1.42579946951914	0.577396075884465	0.4387602325444	2.27932995140253	0.67618	1
ENSDARG00000079712	23	1.75662088868036	1.51716562814312	1.38258692241003	0.787071889739783	8.42445783244289	0.99156	1
ENSDARG00000079716	19	1.54546286387299	0.781643058574546	1.68740634801812	1.09184528950079	6.73651644461733	0.97875	1
ENSDARG00000079725	12	2.51670425280621	2.42722240079167	1.69342123148014	0.672872559257574	8.71811926697006	0.22362	0.75715381237525
ENSDARG00000079731	51	4.98193412507909	4.08580265637457	3.39340923011285	0.681142934634644	35.5781259899675	0	0
ENSDARG00000079738	14	2.13427181964885	1.82823046755635	1.57665794886747	0.738733433273217	7.98571391937258	0.50684	0.99246261053441
ENSDARG00000079741	9	1.64870767173141	1.69440452371168	1.06394549938418	0.645320888370017	4.94612301519423	0.85769	1
ENSDARG00000079742	16	4.21028268246293	2.63321425970613	4.27287545188267	1.01486664296449	16.8411307298517	0.00108	0.0297087567567568
ENSDARG00000079745	10	2.30086754240174	2.36860606742033	0.848707681011456	0.368864206813722	7.27598202834355	0.25399	0.797344582691715
ENSDARG00000079751	33	1.74423823528075	1.34995904567657	1.43854869578647	0.824743241312404	10.0198858130572	0.9832	1
ENSDARG00000079753	7	3.29690491941704	3.25755367604435	1.52160564139023	0.461525484835418	8.72279051300293	0.05214	0.390206558823529
ENSDARG00000079756	23	1.73043737216004	1.73274151221359	0.994974859057236	0.574984610864735	8.29888609852356	0.80754	1
ENSDARG00000079760	1	3.26360482801612	3.26360482801612	NA	NA	3.26360482801612	0.18155	0.697289018867924
ENSDARG00000079762	12	3.41189804765466	3.50158685438044	2.22653159049377	0.652578582183688	11.8191615375659	0.02143	0.241614911504425
ENSDARG00000079766	7	3.78056885900111	3.82830826485372	2.47587682524167	0.654895312737628	10.0024450152721	0.03604	0.324418125552608
ENSDARG00000079777	4	0.781269363646378	0.686685867454219	0.635131506837292	0.812948179451164	1.56253872729276	0.99577	1
ENSDARG00000079779	13	1.52627348920981	1.54210501327889	0.871685794447025	0.571120314025973	5.50305732572731	0.82832	1
ENSDARG00000079781	8	2.83338816502309	2.96174886310003	1.54527307194548	0.545379941591198	8.01403194088613	0.52582	1
ENSDARG00000079783	11	1.15863807215577	1.14511977526276	0.704917273238982	0.608401614084203	3.84276775316143	0.97286	1
ENSDARG00000079784	11	3.15830648692487	2.18745012741693	2.45107245313139	0.776071753415519	10.4749175900753	0.05256	0.391335537673738
ENSDARG00000079788	12	1.52767179933007	1.6676530328697	0.896417621995359	0.586786783907685	5.2920103474597	0.95604	1
ENSDARG00000079805	4	1.7841507743917	1.44889589339837	1.1485633993571	0.64375915748976	3.5683015487834	0.92318	1
ENSDARG00000079815	3	0.663855370352488	0.775047264124461	0.234280456963999	0.35290888260737	1.14983123032796	0.96067	1
ENSDARG00000079816	9	2.41884131551014	2.04719534281684	1.95724997040892	0.809168405491754	7.25652394653043	0.22833	0.764706396841066
ENSDARG00000079835	13	4.47924077256831	2.10823393214556	5.73853899719263	1.2811409987908	16.150132280644	0.00131	0.0345419170984456
ENSDARG00000079840	12	6.0993172785399	1.71483696338891	14.5309419753985	2.38238827590176	21.1286548358277	5e-05	0.00263678756476684
ENSDARG00000079850	52	2.41294079601675	1.77953193798213	2.14425464326932	0.888647846979515	17.3999635293946	0.0657	0.440800659195781
ENSDARG00000079858	3	6.20700782587915	3.50870338348878	6.25723266007983	1.00809163378066	10.7508529174003	0.00653	0.112648033898305
ENSDARG00000079862	4	1.04070409052946	0.985267449205796	0.424331278549464	0.407734804168574	2.08140818105892	0.89293	1
ENSDARG00000079873	9	1.42733011803305	1.28815909059927	0.685987524195737	0.480608876341146	4.28199035409914	0.97202	1
ENSDARG00000079876	3	4.23818559547408	4.30499497820208	0.651443638540932	0.153708143229169	7.34075278326766	0.05213	0.390206558823529
ENSDARG00000079878	11	2.81660508368556	2.3803428662894	2.37253410688134	0.842338217957361	9.34162224519257	0.08414	0.494158638199654
ENSDARG00000079881	22	1.96994104176725	1.60199564078148	1.62751725655269	0.826175617465501	9.23984250822809	0.58887	1
ENSDARG00000079886	6	6.03672123939722	6.04863975656176	2.30297752199453	0.381494760262359	14.7868867559449	0.00039	0.0135475085324232
ENSDARG00000079895	20	1.47197204219101	1.35165069132102	0.867140836884297	0.589101431297276	6.58285909463656	0.86657	1
ENSDARG00000079905	8	1.6053644777184	1.58718912124964	0.562604375235235	0.35045273708487	4.54065643388271	0.91728	1
ENSDARG00000079912	9	4.17911348931415	3.29703599155909	2.97431728383645	0.7117101010637	12.5373404679425	0.0402	0.346155329949239
ENSDARG00000079915	1	1.79709874247389	1.79709874247389	NA	NA	1.79709874247389	0.51071	0.994799200153081
ENSDARG00000079917	6	1.44623566208849	1.72573813159919	0.786106516582533	0.543553541922296	3.54253941993298	0.75677	1
ENSDARG00000079930	3	2.40819109886187	2.98903812798466	2.1766894575351	0.903869073581337	4.17110933756389	0.25749	0.800223883969466
ENSDARG00000079933	8	1.51470643400702	0.77829019289669	1.56410706191623	1.03261399489703	4.28423676397303	0.73064	1
ENSDARG00000079934	19	2.17853099427314	1.81776120317886	1.497041844466	0.687179502335007	9.4959964494078	0.30654	0.849307986977754
ENSDARG00000079939	23	3.20428160895877	2.5631543152335	2.85839436357788	0.892054666976263	15.3671947498157	0.05641	0.406040297029703
ENSDARG00000079949	13	3.65296969832328	3.92029238991401	1.81162937342114	0.495933315366037	13.1709695550208	0.17465	0.684594932614555
ENSDARG00000079967	3	3.43834914039606	3.43343630546829	1.8163896516162	0.528273766696938	5.95539540532675	0.11575	0.578349882352941
ENSDARG00000079972	1	3.18832385644941	3.18832385644941	NA	NA	3.18832385644941	0.14356	0.630394935289042
ENSDARG00000079977	19	2.06818522487221	2.13677230477683	1.38919827857651	0.671699160147682	9.01501039174189	0.67847	1
ENSDARG00000079978	2	1.29979782001842	1.29979782001842	1.83819170541303	1.4142135623731	1.83819170541303	0.62806	1
ENSDARG00000080015	18	1.52911640297821	1.29060189262698	1.19109811923863	0.778945354924428	6.48749146661685	0.94976	1
ENSDARG00000080016	5	1.31687733450896	1.54184275175628	0.875626034131771	0.664926042225701	2.94462723799075	0.73839	1
ENSDARG00000080019	6	4.60776829915055	3.33760215546533	2.44654555580845	0.530961063354568	11.2866811858908	0.0114	0.16151735744089
ENSDARG00000080147	2	2.48107530558741	2.48107530558741	0.184469272597632	0.0743505334893324	3.50877034643069	0.24029	0.780616540057453
ENSDARG00000080372	1	2.92464778916901	2.92464778916901	NA	NA	2.92464778916901	0.17962	0.693540349013657
ENSDARG00000080804	1	1.43651996268591	1.43651996268591	NA	NA	1.43651996268591	0.74205	1
ENSDARG00000081270	1	2.33494011657969	2.33494011657969	NA	NA	2.33494011657969	0.37473	0.909903005008347
ENSDARG00000081946	1	2.79418303265584	2.79418303265584	NA	NA	2.79418303265584	0.25642	0.799584178921569
ENSDARG00000082113	1	2.56676733853946	2.56676733853946	NA	NA	2.56676733853946	0.34149	0.88351556402439
ENSDARG00000082321	1	1.71077433334494	1.71077433334494	NA	NA	1.71077433334494	0.48733	0.981103672662581
ENSDARG00000083050	3	1.51233232184815	1.60417261135525	0.238714703707845	0.157845402269868	2.61943641936961	0.68066	1
ENSDARG00000086027	19	1.87562662766536	1.64500960838496	0.890592958452802	0.474824224244111	8.17566692580728	0.55174	1
ENSDARG00000086033	1	4.13249268990563	4.13249268990563	NA	NA	4.13249268990563	0.20714	0.73612811452514
ENSDARG00000086075	9	1.94973720690598	1.62007730573395	1.37391831889515	0.704668462000278	5.84921162071793	0.63056	1
ENSDARG00000086103	14	1.7055668082265	1.48972305822736	1.00304846369786	0.588102710993107	6.38164664663713	0.6546	1
ENSDARG00000086104	25	2.15207917906644	1.67942880679039	1.51301421477715	0.703047652472289	10.7603958953322	0.9776	1
ENSDARG00000086112	1	0.982080478597003	0.982080478597003	NA	NA	0.982080478597003	0.80604	1
ENSDARG00000086159	1	4.09886970767191	4.09886970767191	NA	NA	4.09886970767191	0.16159	0.664839296969697
ENSDARG00000086162	4	1.49637162672807	1.49758120798481	0.698535496176429	0.466819527782566	2.99274325345614	0.66914	1
ENSDARG00000086173	1	6.75024640414586	6.75024640414586	NA	NA	6.75024640414586	0.02146	0.241614911504425
ENSDARG00000086207	43	2.75732944580264	2.41223627623915	1.97775326456693	0.717271295810364	18.0810183320985	0.01254	0.172243076923077
ENSDARG00000086214	11	1.9336733141737	1.74090354219462	1.7052939405699	0.881893507072891	6.41326885023717	0.88208	1
ENSDARG00000086215	1	1.12903435013942	1.12903435013942	NA	NA	1.12903435013942	0.76794	1
ENSDARG00000086216	5	6.23094267596485	7.20617104445889	3.85853529431733	0.61925385852147	13.9328113873618	0.00125	0.0335686015831135
ENSDARG00000086222	43	6.26894642000206	4.80719540321785	6.18577470906563	0.986732744967949	41.1082307613066	0.00612	0.107921896551724
ENSDARG00000086245	11	1.56723697810269	1.70528814162177	0.765686821208268	0.488558419630459	5.19793701393707	0.7209	1
ENSDARG00000086256	11	1.91243261403156	2.0906816859023	0.949198188386341	0.496330266186665	6.34282141758124	0.4651	0.968863311555737
ENSDARG00000086269	26	2.09005332588334	1.70455482467269	1.65868976618494	0.793611218261101	10.6572226931286	0.67619	1
ENSDARG00000086271	2	1.80957602749073	1.80957602749073	1.67711410722632	0.926799472223282	2.55912696022262	0.40413	0.93118802804161
ENSDARG00000086283	18	2.41208522776791	2.19599447118918	1.68616341937848	0.699048026979884	10.2336109281275	0.23489	0.772870294022617
ENSDARG00000086288	11	2.315480331339	2.32315355349858	1.21672808174413	0.525475455470837	7.67957946849926	0.97628	1
ENSDARG00000086302	16	1.62837259121758	1.48892181474954	1.23996743036466	0.761476480906317	6.51349036487031	0.93646	1
ENSDARG00000086309	8	3.59508437198366	3.67080409404581	2.3213878325739	0.645711641892016	10.1684341534697	0.04372	0.358856580645161
ENSDARG00000086317	6	4.06001572971675	3.77796333845409	2.59129407176049	0.638247298598834	9.94496688547955	0.01882	0.223251701631702
ENSDARG00000086326	5	1.90502782465928	2.09967151460726	1.83572492961499	0.963621058890997	4.2597717149667	0.43837	0.95254693851409
ENSDARG00000086327	2	4.31544486962613	4.31544486962613	0.132293596030834	0.0306558419879189	6.10296066229867	0.04881	0.376925781487102
ENSDARG00000086332	17	2.04872819158296	1.68289588439128	1.44473897613246	0.705188214848636	8.44712273207719	0.80727	1
ENSDARG00000086342	21	2.69849558827975	2.32454382101486	1.75551727394125	0.650554064852249	12.3660602957964	0.28139	0.829461365345675
ENSDARG00000086345	10	1.38564119246408	1.03410395887171	0.970267183824682	0.700229748582503	4.38178218793823	0.81748	1
ENSDARG00000086374	4	0.680995772588519	0.549781100576389	0.682925584230423	1.00283380854857	1.36199154517704	0.96367	1
ENSDARG00000086393	1	0.531292386882995	0.531292386882995	NA	NA	0.531292386882995	0.82773	1
ENSDARG00000086405	19	1.62083884049783	1.35502522725343	1.49671890716862	0.923422409293271	7.06507270949568	0.78409	1
ENSDARG00000086416	6	1.80005775064283	1.0808113583744	2.15338985913636	1.19628931814402	4.40922299661696	0.5676	1
ENSDARG00000086425	6	1.97309058851124	2.17245176243905	0.80800249167465	0.409511097148516	4.83306515814032	0.55255	1
ENSDARG00000086450	28	2.04283357188373	1.88140350675079	1.45515146957681	0.712320127104135	10.8096592021963	0.43178	0.947117616892911
ENSDARG00000086457	2	1.49677407647772	1.49677407647772	0.634913019093305	0.424187610589443	2.11675819876326	0.55083	1
ENSDARG00000086459	19	2.42288073199893	2.44662019335071	1.41444555814508	0.583786704588688	10.5610922630352	0.12423	0.59614
ENSDARG00000086471	2	5.34325321719721	5.34325321719721	7.19685673331107	1.3469054227391	7.55650116695397	0.03506	0.320323770197487
ENSDARG00000086481	1	1.01628741068726	1.01628741068726	NA	NA	1.01628741068726	0.69166	1
ENSDARG00000086490	14	1.7503727259478	1.72798370119621	1.15809412465288	0.661627153739954	6.54929503965021	0.71673	1
ENSDARG00000086493	3	1.57214265210108	1.94572537774222	1.42262828398154	0.904897708919913	2.72303095018516	0.56911	1
ENSDARG00000086523	1	3.04247269180471	3.04247269180471	NA	NA	3.04247269180471	0.15029	0.641636129032258
ENSDARG00000086553	2	0.58688071319925	0.58688071319925	0.158372187858857	0.269854136108045	0.829974664101574	0.94733	1
ENSDARG00000086585	6	2.02384340347601	1.69702321338664	1.16120776344861	0.573763642707832	4.95738365781388	0.57351	1
ENSDARG00000086618	5	2.34751569342478	2.04865736227675	2.5258636584221	1.07597306612129	5.24920466874536	0.34483	0.8856118445622
ENSDARG00000086626	9	1.60245056202308	1.10199968114603	1.50768536780594	0.940862328946047	4.80735168606924	0.85111	1
ENSDARG00000086631	1	1.04782277521322	1.04782277521322	NA	NA	1.04782277521322	0.79109	1
ENSDARG00000086645	34	2.29901760903938	1.9185246494889	1.93068774694667	0.839788150971749	13.4054610837109	0.14801	0.63751408379179
ENSDARG00000086655	9	4.52013282259122	4.15851817625753	2.2548358278227	0.498842825271247	13.5603984677737	0.00322	0.0672960164271047
ENSDARG00000086665	4	1.5898666591336	1.49696981217745	0.955274811238645	0.600852156846425	3.17973331826721	0.96372	1
ENSDARG00000086670	15	1.03289070151305	0.907587700253051	0.788659027292627	0.76354548079225	4.00036848541254	0.99501	1
ENSDARG00000086678	13	1.80874180899294	1.83056614575414	1.05313101229332	0.582245076139241	6.52151133639954	0.5828	1
ENSDARG00000086691	3	4.15016859800149	4.26658309652129	0.795868476527046	0.191767745751413	7.18830287171547	0.04233	0.353723103448276
ENSDARG00000086712	13	2.27478085458694	1.6244208892013	2.15067917518348	0.945444556053291	8.20183901165701	0.25216	0.795972603843769
ENSDARG00000086737	13	2.16317055393702	1.79709874247389	1.57123465033847	0.726357266411004	7.79942234979377	0.35444	0.893606717859797
ENSDARG00000086740	1	0.841000624206828	0.841000624206828	NA	NA	0.841000624206828	0.84366	1
ENSDARG00000086753	9	5.57073406563823	5.45311845114445	2.30566540862532	0.413888974317995	16.7122021969147	0.00066	0.0206691692307692
ENSDARG00000086756	1	0.952112171101756	0.952112171101756	NA	NA	0.952112171101756	0.81074	1
ENSDARG00000086775	9	4.08063145497065	3.40166971124151	2.95955939877755	0.725269956729978	12.241894364912	0.00707	0.119532325581395
ENSDARG00000086778	15	1.83147323956539	1.64500960838496	1.27784556711221	0.697714571803105	7.09326535586129	0.60534	1
ENSDARG00000086808	37	1.52177986415371	1.3332656122172	1.09784958653022	0.721424703001148	9.25662553703653	0.93802	1
ENSDARG00000086815	3	3.56941862122838	2.09967151460726	3.42087410897803	0.958384115730524	6.18241440545	0.09718	0.535484738262277
ENSDARG00000086826	10	2.20340426955384	2.20059378457571	0.981821757269231	0.445593108280596	6.96777609792973	0.38344	0.915900567941798
ENSDARG00000086853	9	6.74376607990867	5.25719022651858	7.13565002111195	1.0581105478096	20.231298239726	0.00016	0.00690033898305085
ENSDARG00000086856	3	1.38926959930215	1.00415155442692	0.962003544762407	0.692452742970577	2.40628553140218	0.70613	1
ENSDARG00000086877	14	8.23410051060937	6.08110475912923	6.43116354005246	0.781040203695124	30.8091829989606	0	0
ENSDARG00000086879	6	3.93679286033481	2.66945340788918	3.4956028482242	0.887931616480049	9.64313373085216	0.03518	0.320543273703041
ENSDARG00000086896	5	2.05312597043829	1.50703813634281	2.02453675577673	0.986075274935297	4.59092923627023	0.53762	1
ENSDARG00000086927	25	1.43404807484507	1.37860434503322	0.93592888469664	0.652648192981782	7.17024037422536	0.98752	1
ENSDARG00000086931	4	2.0546835169183	1.88742527590505	0.445778550442503	0.216957281630945	4.10936703383659	0.53366	1
ENSDARG00000086950	3	10.7732421517414	10.2007615715099	6.61671166552048	0.614180167151534	18.6598027690588	1e-05	0.000656645161290323
ENSDARG00000086971	2	2.31375223975987	2.31375223975987	0.347431592252023	0.150159375875129	3.27213979743953	0.31732	0.859496620542842
ENSDARG00000086990	45	2.4872288514783	2.49451626963833	1.96640540266696	0.790600913743107	16.6848383625126	0.23194	0.768952872964169
ENSDARG00000087020	1	3.43343630546829	3.43343630546829	NA	NA	3.43343630546829	0.18131	0.696893194864048
ENSDARG00000087040	4	1.38946032849159	1.29027993790053	0.328223220041793	0.236223527445447	2.77892065698318	0.74197	1
ENSDARG00000087046	2	4.44772378487784	4.44772378487784	0.256171618171426	0.0575961167018519	6.29003129826363	0.04096	0.348862661087866
ENSDARG00000087048	2	0.151284400351694	0.151284400351694	0.213948450752847	1.4142135623731	0.213948450752847	1	1
ENSDARG00000087074	13	2.13426464504106	1.78493868961357	1.65255124061693	0.774295373564196	7.6952006131055	0.32479	0.86992437368421
ENSDARG00000087181	6	1.25371412588153	1.26418728253676	0.706355591628663	0.56341041154976	3.0709598917292	0.87001	1
ENSDARG00000087186	18	1.6378389051385	1.58926426444328	1.06943465056476	0.652954724185357	6.94876197788751	0.99056	1
ENSDARG00000087187	17	2.42616252524646	1.70958820901628	2.61686827346391	1.07860386360476	10.0033243565064	0.2606	0.804729004854369
ENSDARG00000087198	1	0	0	NA	NA	0	1	1
ENSDARG00000087229	7	2.63892138573138	1.47454361887713	3.26580772167011	1.23755400192226	6.98192971609518	0.17723	0.688130583301563
ENSDARG00000087243	6	33.7471508196962	12.9595115351129	54.4485541803732	1.61342669996884	82.6632997810028	0	0
ENSDARG00000087247	4	6.90591503928017	7.04688330582365	5.13974660735442	0.744252800406613	13.8118300785603	0.00117	0.0316709042553191
ENSDARG00000087260	9	2.51516528977612	2.93289246316487	1.71779442811757	0.682974767145611	7.54549586932835	0.51173	0.995296759029238
ENSDARG00000087277	1	38.6571969379142	38.6571969379142	NA	NA	38.6571969379142	0	0
ENSDARG00000087299	9	2.99191769949993	1.97864232221319	2.11135735788669	0.705686977365582	8.97575309849979	0.0722	0.460433333333333
ENSDARG00000087303	1	2.83676813123205	2.83676813123205	NA	NA	2.83676813123205	0.40639	0.932452393605044
ENSDARG00000087306	1	1.43956230368816	1.43956230368816	NA	NA	1.43956230368816	0.59505	1
ENSDARG00000087319	6	3.16794630566582	1.84345344010809	3.73062235694864	1.17761540032307	7.75985198141628	0.06459	0.436518605577689
ENSDARG00000087331	5	1.67901531372284	0.990122463133154	2.04477184416192	1.21783990142895	3.7543923767474	0.6604	1
ENSDARG00000087333	14	1.80843300147399	1.3664761475406	1.46537840712199	0.81030284557272	6.76653669845092	0.96271	1
ENSDARG00000087341	10	1.79118712948044	1.75734634630172	0.857116083402625	0.478518446953805	5.66423104473713	0.88907	1
ENSDARG00000087369	4	3.13257532562783	2.70056870424992	2.28982868473548	0.730973223852665	6.26515065125565	0.11033	0.564858521126761
ENSDARG00000087373	1	1.92870913052087	1.92870913052087	NA	NA	1.92870913052087	0.37188	0.909903005008347
ENSDARG00000087393	1	2.3331065642714	2.3331065642714	NA	NA	2.3331065642714	0.32886	0.873242128880772
ENSDARG00000087394	16	1.98810117751416	1.85373615062546	1.35828972966065	0.683209559464677	7.95240471005663	0.8675	1
ENSDARG00000087402	21	2.09116850369005	1.90968754712783	1.3522884516188	0.646666420822888	9.58293795906718	0.74077	1
ENSDARG00000087413	32	1.84269587722811	1.71018127118061	1.35950395511333	0.737779886477183	10.4238620036199	0.75673	1
ENSDARG00000087417	27	2.24994868978342	2.04719534281684	1.86837704715899	0.830408735827144	11.6910763353838	0.34091	0.883197761953204
ENSDARG00000087426	13	4.18122718663678	3.80857204900458	2.91556794372296	0.697299575837717	15.0756290157829	0.39025	0.922300092785897
ENSDARG00000087443	4	4.62721169331363	4.59304840365672	0.918090219997631	0.198411112533339	9.25442338662726	0.20356	0.729769767605634
ENSDARG00000087453	1	1.12903435013942	1.12903435013942	NA	NA	1.12903435013942	0.76928	1
ENSDARG00000087457	2	1.9651188301807	1.9651188301807	0.190286231169744	0.0968319209237063	2.7790977013163	0.38513	0.91723450163781
ENSDARG00000087489	8	1.74533633892502	1.77726833283018	0.857329179352969	0.491211441733352	4.93655664282074	0.5503	1
ENSDARG00000087517	1	2.96325535845267	2.96325535845267	NA	NA	2.96325535845267	0.42726	0.944348693009119
ENSDARG00000087525	5	1.99027542585156	0.927420832205978	1.96429779717841	0.986947721739545	4.45039114615144	0.38488	0.91723450163781
ENSDARG00000087529	15	2.49514078122084	2.49853183635452	1.45798823006754	0.584331048989613	9.66363869211129	0.13746	0.617690013245033
ENSDARG00000087530	15	2.70479103242733	2.49364256359938	0.990869365412041	0.366338601959508	10.4756106235622	0.07478	0.468664310344828
ENSDARG00000087536	13	2.25579634658985	1.6351304197089	2.2356016871306	0.991047658406851	8.13338939463405	0.24911	0.790396211838006
ENSDARG00000087538	16	2.50009844636972	2.3116349346637	1.39119501415747	0.556456093230074	10.0003937854789	0.91367	1
ENSDARG00000087555	15	1.80124992116821	1.51683460580087	1.25362714781214	0.695976240209411	6.97621094704188	0.58811	1
ENSDARG00000087556	2	5.89930065036627	5.89930065036627	2.54619385727453	0.431609441216807	8.3428709882644	0.03248	0.306471936978684
ENSDARG00000087573	10	2.5278524909283	1.73206619789728	2.93801527948857	1.16225740624986	7.99377146026356	0.21163	0.742236436940041
ENSDARG00000087596	1	2.40692615306148	2.40692615306148	NA	NA	2.40692615306148	0.28816	0.835343913414982
ENSDARG00000087599	1	4.05034476585969	4.05034476585969	NA	NA	4.05034476585969	0.18892	0.710655923190546
ENSDARG00000087611	2	4.41980613015849	4.41980613015849	2.92624869849683	0.66207625681353	6.25054977232988	0.05395	0.397612671976828
ENSDARG00000087623	2	0.640316630839025	0.640316630839025	0.905544463545596	1.4142135623731	0.905544463545596	0.87369	1
ENSDARG00000087636	1	1.42405447347082	1.42405447347082	NA	NA	1.42405447347082	0.59212	1
ENSDARG00000087639	5	1.07895205812882	1.08612743914641	0.607794402909542	0.563319193221255	2.41261014643935	0.89168	1
ENSDARG00000087640	3	4.16036276438151	5.26128198496761	2.61408759790348	0.628331649413773	7.20595968582648	0.30069	0.846384015486726
ENSDARG00000087666	1	1.83190189230108	1.83190189230108	NA	NA	1.83190189230108	0.59897	1
ENSDARG00000087674	17	2.61739605244205	2.41172043961231	1.78040816873978	0.680221156090859	10.7918003882933	0.08829	0.507979434708875
ENSDARG00000087681	1	3.42289388280342	3.42289388280342	NA	NA	3.42289388280342	0.12477	0.597169803001876
ENSDARG00000087693	4	2.36143479987771	2.37929849731102	2.00642909408525	0.849665251900734	4.72286959975542	0.46984	0.971560792038993
ENSDARG00000087697	15	1.77821925242799	0.69154966776939	2.5076156270322	1.41018360003036	6.88701355055901	0.65218	1
ENSDARG00000087704	6	0.836527752982316	0.713542234133226	0.483571740697491	0.578070170384071	2.04906615048364	0.97978	1
ENSDARG00000087709	20	1.83144973600375	1.48803525770287	1.44998728582875	0.791715577732778	8.19049221415684	0.55983	1
ENSDARG00000087745	8	2.62717721765913	3.08585049470326	1.79711914212787	0.684049454314749	7.43077930394231	0.20071	0.726355496453901
ENSDARG00000087752	8	1.65446507712631	1.51498351569155	1.16467955172103	0.703961399864663	4.67953390108935	0.61402	1
ENSDARG00000087753	11	2.65752547098785	3.03040706815801	1.60558734490337	0.604166305245813	8.8140148580792	0.30856	0.849534011360563
ENSDARG00000087759	2	1.07868671095883	1.07868671095883	1.2712723590919	1.17853714723331	1.52549337618961	0.87493	1
ENSDARG00000087779	12	1.8011448077341	1.62544638587238	1.32568314513695	0.736022522700273	6.23934863756867	0.64419	1
ENSDARG00000087780	18	3.27110483263843	2.37531178510262	3.4451060540885	1.0531934102857	13.8781224547843	0.01269	0.173834212651413
ENSDARG00000087782	1	3.52503268039822	3.52503268039822	NA	NA	3.52503268039822	0.13538	0.614310138207757
ENSDARG00000087798	6	1.36235584811071	1.25087982239424	1.25037358796532	0.917802488754542	3.33707667596787	0.95237	1
ENSDARG00000087822	11	1.45246332391422	0.907587700253051	1.02805366375906	0.707800084747457	4.81727586717591	0.96764	1
ENSDARG00000087835	5	3.06520064588029	2.50526899838956	1.90038056500503	0.61998569899794	6.85399700886458	0.09968	0.541089621333333
ENSDARG00000087839	6	1.47415174441605	1.50666824917497	0.43615691190166	0.295869752590792	3.61091957725304	0.78094	1
ENSDARG00000087843	15	2.3514079300639	1.84652794674271	1.66061439853909	0.706221314178336	9.10696375327754	0.93234	1
ENSDARG00000087844	1	8.97755914525398	8.97755914525398	NA	NA	8.97755914525398	0.03188	0.303247327102804
ENSDARG00000087867	1	3.88865112581863	3.88865112581863	NA	NA	3.88865112581863	0.12667	0.598169149722736
ENSDARG00000087911	11	1.4391196100872	1.18350424452053	1.01629007790559	0.706188749553633	4.77301977510182	0.79514	1
ENSDARG00000087916	3	1.89776947573156	1.69923482643432	0.558535892471369	0.29431176948194	3.28703315302042	0.72599	1
ENSDARG00000087937	1	1.28063326167805	1.28063326167805	NA	NA	1.28063326167805	0.62337	1
ENSDARG00000087941	5	1.49684645745602	1.04100162374202	0.712344904761889	0.475897111032057	3.34705043075141	0.7806	1
ENSDARG00000087950	7	3.43993682173979	3.47206318041943	0.398429619099444	0.115824690901717	9.1012173560974	0.22174	0.754083361176078
ENSDARG00000087956	1	3.52503268039822	3.52503268039822	NA	NA	3.52503268039822	0.13641	0.615690013303769
ENSDARG00000087979	11	1.80612496799467	1.2648401952659	1.95251359316747	1.08105121614887	5.99023884333097	0.70734	1
ENSDARG00000087983	2	1.00333587864644	1.00333587864644	0.726196864203118	0.723782413903908	1.41893120719732	0.82998	1
ENSDARG00000087985	19	1.63963794793303	1.6351304197089	0.957892693851173	0.584209883077367	7.1470161190345	0.79293	1
ENSDARG00000087993	2	1.48353736203166	1.48353736203166	2.09803865767238	1.4142135623731	2.09803865767238	0.68256	1
ENSDARG00000087994	11	1.43422655798526	1.66871728755481	1.06064615685085	0.739524833747882	4.75679135720002	0.78348	1
ENSDARG00000088013	2	6.60736751270963	6.60736751270963	0	0	9.34422874805734	0.0141	0.186618725617685
ENSDARG00000088023	6	15.7521553952738	17.1956089750125	7.72644600885341	0.49050087527524	38.58474306745	0	0
ENSDARG00000088030	2	3.87172438492928	3.87172438492928	3.5582433137592	0.919033216209731	5.47544513493761	0.81746	1
ENSDARG00000088036	28	2.08442418260472	1.46258844270686	2.53979426832657	1.21846325211638	11.0297360278823	0.32545	0.87054667542707
ENSDARG00000088040	2	4.17914873188801	4.17914873188801	5.32891007872923	1.27511855179219	5.91020881581035	0.0762	0.473482051282051
ENSDARG00000088073	9	2.16612015169764	1.60575008798989	1.67144713982286	0.77163177606418	6.49836045509293	0.78666	1
ENSDARG00000088084	10	2.93240361244505	1.79709874247389	2.49225633211008	0.849902217257201	9.27307443423205	0.08153	0.488364388235294
ENSDARG00000088100	1	1.42803072409001	1.42803072409001	NA	NA	1.42803072409001	0.6514	1
ENSDARG00000088117	5	3.04405707487349	3.23724054699231	2.35625916605484	0.774052229672062	6.8067185468063	0.12194	0.592130400763359
ENSDARG00000088136	7	7.14352631632218	3.30140253730617	5.75615804652695	0.805786636968741	18.8999941170338	0.0109	0.156034036568214
ENSDARG00000088140	5	0.907549870216431	0.624047929317006	1.05216167517462	1.15934309474773	2.02934320277505	0.96135	1
ENSDARG00000088178	10	2.66679003280699	2.55258172742767	1.44031333388515	0.54009251428359	8.43313054510525	0.49103	0.983606246801811
ENSDARG00000088195	6	2.0636185123195	1.48008170741497	1.3900497122143	0.673598198463478	5.0548123789441	0.6664	1
ENSDARG00000088204	8	1.30950286638039	1.27654441180512	0.865127553071698	0.660653424503764	3.70383342720318	0.82299	1
ENSDARG00000088214	1	4.39585456034362	4.39585456034362	NA	NA	4.39585456034362	0.1294	0.603313421896473
ENSDARG00000088222	6	0.511950105961833	0.500864626582575	0.334474410284673	0.653333999523792	1.25401653337027	0.99753	1
ENSDARG00000088227	5	2.53155105695753	2.83543656975655	2.13639713563218	0.843908373785572	5.66072025186848	0.5623	1
ENSDARG00000088238	1	5.69509106062802	5.69509106062802	NA	NA	5.69509106062802	0.04452	0.36168683081811
ENSDARG00000088246	3	1.42052424055052	1.30164490062958	1.00934326112296	0.710542792801473	2.4604201580167	0.71592	1
ENSDARG00000088247	18	2.97284642505765	3.04326647620759	2.26935268196789	0.763360213578433	12.6127191995067	0.12194	0.592130400763359
ENSDARG00000088255	1	1.51348207269889	1.51348207269889	NA	NA	1.51348207269889	0.57622	1
ENSDARG00000088258	2	1.67936284278001	1.67936284278001	0.366092901484096	0.217995118242623	2.37497770840493	0.5971	1
ENSDARG00000088277	8	1.60849122590351	1.65973697462558	1.10027629773307	0.684042461664674	4.54950021326175	0.78952	1
ENSDARG00000088298	22	2.02393703553365	1.78126788886931	1.20189223506366	0.593838747926641	9.49310616835733	0.39379	0.925204394184168
ENSDARG00000088308	11	1.49439066167237	0.927420832205978	1.04085238178372	0.696506213856362	4.95633311497818	0.78142	1
ENSDARG00000088331	6	3.00495577765623	2.59925871769682	1.85511917219979	0.617353235609584	7.36060835488597	0.0988	0.539188418230563
ENSDARG00000088346	1	1.6016534780358	1.6016534780358	NA	NA	1.6016534780358	0.52408	1
ENSDARG00000088347	8	2.01111842130893	1.8432215219105	1.46991995539369	0.730896768593567	5.68830189390691	0.41717	0.93900040247678
ENSDARG00000088356	4	1.06011311928991	0.493908356618475	1.48061604049479	1.39665853912509	2.12022623857983	0.86782	1
ENSDARG00000088357	5	2.05294432802894	1.69885427438632	1.96849346797158	0.958863541059369	4.59052307149534	0.79326	1
ENSDARG00000088362	6	2.86545888452551	1.94767408599723	2.93590425342967	1.02458432374814	7.01891214601217	0.12367	0.594855037807183
ENSDARG00000088367	3	12.8426338818393	15.8400810052517	6.4927798912114	0.505564508881064	22.2440943863512	0.00024	0.00943135135135135
ENSDARG00000088383	2	3.79820432851976	3.79820432851976	2.23765537408005	0.589135070295734	5.37147207405684	0.52396	1
ENSDARG00000088398	2	1.82266832767487	1.82266832767487	0.226283295458059	0.124149463740736	2.57764226870569	0.45685	0.961302315484805
ENSDARG00000088428	5	1.06494077070393	1.04782277521322	0.386793548750649	0.363206630256984	2.381279955305	0.85917	1
ENSDARG00000088439	4	2.24641556362903	1.9340052816871	1.29185656064485	0.575074612890363	4.49283112725807	0.40219	0.930962514181983
ENSDARG00000088463	2	2.27470294810437	2.27470294810437	2.57678421467689	1.13280031435501	3.21691575957926	0.5922	1
ENSDARG00000088475	2	2.56494797517814	2.56494797517814	1.84355008832393	0.718747555960033	3.62738421327834	0.22466	0.758223903247184
ENSDARG00000088492	13	1.50974826235758	1.17193618839342	1.37806676696369	0.912779170755084	5.44347477297293	0.76719	1
ENSDARG00000088497	8	2.21189285634731	2.15771279070402	1.28126600406809	0.579262237043414	6.25617775192507	0.30319	0.848745015122354
ENSDARG00000088505	6	1.83414431804261	2.08703827686103	1.05910637706715	0.577438954311633	4.49271769382943	0.78462	1
ENSDARG00000088507	13	1.9373657993452	2.09967151460726	1.05472945783088	0.544414203134671	6.98527172886941	0.44106	0.953040721102863
ENSDARG00000088514	14	2.4793712617657	1.75837844979225	2.0132086196413	0.811983526100717	9.27695779614066	0.15035	0.641636129032258
ENSDARG00000088515	3	0.992499471885552	1.19500419975371	0.374820655616851	0.377653254469512	1.71905951179106	0.87327	1
ENSDARG00000088546	5	1.30445218486965	1.42405447347082	0.807563529626736	0.61908250757956	2.91684375876665	0.73705	1
ENSDARG00000088560	29	1.69593040752718	1.79434871282275	1.01863060672014	0.600632314981246	9.13286474596463	0.76189	1
ENSDARG00000088567	3	2.97363972875363	2.43520659541506	1.08507244247748	0.364897076127065	5.15049509360663	0.25281	0.796872152369155
ENSDARG00000088571	5	1.023572526541	1.0214865004595	0.804485092449328	0.785958074869355	2.28877774924689	0.97201	1
ENSDARG00000088590	7	0.549340471632485	0.497985283538048	0.324028661369969	0.589850335270306	1.45341827304249	0.99903	1
ENSDARG00000088593	20	2.90919215681381	3.08928285990244	1.4557158485712	0.500384907597688	13.0103028444898	0.06498	0.437903229649239
ENSDARG00000088612	2	1.27592086070364	1.27592086070364	0.492853466788801	0.38627275559787	1.80442458572184	0.66207	1
ENSDARG00000088630	38	2.25112413162825	1.78133821420886	1.71761521187827	0.763003331422651	13.8768611194305	0.2504	0.792466169154229
ENSDARG00000088634	6	1.37473919923593	1.21063049008605	0.449687539100337	0.327107526540504	3.36740956753036	0.86072	1
ENSDARG00000088650	1	1.66871728755481	1.66871728755481	NA	NA	1.66871728755481	0.49667	0.986808850865254
ENSDARG00000088663	10	2.2757241777758	1.79134096774329	2.33350862494054	1.02539167432022	7.19647172808548	0.24444	0.786566651912741
ENSDARG00000088672	3	3.90977954114348	3.82830826485372	1.44384513118619	0.369290676364813	6.77193681165385	0.07725	0.476246610169491
ENSDARG00000088689	1	5.25719022651858	5.25719022651858	NA	NA	5.25719022651858	0.10895	0.563175774504825
ENSDARG00000088690	14	2.17063777705685	2.2593719040677	1.77217106226916	0.816428738594989	8.12178287253534	0.29436	0.842718937007874
ENSDARG00000088709	10	3.36698693054911	2.34065090594481	2.9132128592377	0.865228442916051	10.6473475525543	0.04113	0.349433338898164
ENSDARG00000088736	10	1.82703834398447	1.05051768656091	2.35737956594572	1.29027372288458	5.77760253945312	0.61201	1
ENSDARG00000088740	5	3.49911027125078	3.46731359306223	1.83414870276103	0.524175736280926	7.82424842728446	0.05719	0.409915366197183
ENSDARG00000088764	7	1.55152300680876	0.908646593915662	1.7286145222703	1.11414043793381	4.10494402941116	0.65559	1
ENSDARG00000088805	25	3.70956832639174	3.07700678844372	2.54239898712287	0.685362490572008	18.5478416319587	0.00034	0.0124032974910394
ENSDARG00000088807	28	1.43245392591404	0.915472070819574	2.02784624806123	1.41564500705827	7.57983370505337	0.95682	1
ENSDARG00000088816	3	1.27061713891664	1.28792818639663	0.280282366349993	0.220587585170596	2.20077344157142	0.70549	1
ENSDARG00000088817	5	1.83634656370585	1.69370789882307	0.612521813706519	0.333554583765723	4.10619574669442	0.50741	0.992584851047473
ENSDARG00000088825	9	3.67632544427924	1.66474649719672	5.77920484396121	1.5720057790189	11.0289763328377	0.23171	0.768691127770535
ENSDARG00000088841	3	1.39288993300458	1.56520343602406	0.815274438938076	0.585311459017771	2.41255613331514	0.72194	1
ENSDARG00000088842	1	2.41172043961231	2.41172043961231	NA	NA	2.41172043961231	0.30264	0.84841880539499
ENSDARG00000088862	11	1.88462279757822	1.48728884198193	1.28508916275898	0.681881363427392	6.25058669091686	0.5052	0.991594935440355
ENSDARG00000088899	22	1.20846349003645	0.868528374507904	0.99237948498861	0.821191118449655	5.66819619883821	0.99863	1
ENSDARG00000088924	2	1.9651188301807	1.9651188301807	0.190286231169744	0.0968319209237063	2.7790977013163	0.38471	0.917212082454907
ENSDARG00000088959	7	3.43625305945852	1.95983019720793	3.93545050404262	1.14527377231721	9.0914710372121	0.14036	0.622427256097561
ENSDARG00000088975	8	1.8176423807331	1.58513024007504	0.88387057076285	0.486273086571828	5.14106901275374	0.49427	0.985711331899081
ENSDARG00000088984	1	3.6218399258911	3.6218399258911	NA	NA	3.6218399258911	0.09947	0.540617993596585
ENSDARG00000088999	9	2.47179679505748	1.83056614575414	2.87162524995393	1.16175619925389	7.41539038517243	0.19091	0.713955664952241
ENSDARG00000089004	3	2.6105271885167	3.78172616259821	2.26475439592726	0.867546756796695	4.52156572505087	0.33303	0.876265063291139
ENSDARG00000089009	45	2.47008672261006	1.99330673363363	2.38123737313788	0.964029866377204	16.5698454662273	0.13084	0.606049426751592
ENSDARG00000089019	10	0.777299287979927	0.713601780130684	0.324870169564461	0.417947339703276	2.45803617364371	0.99747	1
ENSDARG00000089033	17	2.6153766407402	1.6351304197089	2.58703742854841	0.989164385828664	10.7834741405449	0.08157	0.488364388235294
ENSDARG00000089043	10	1.65253171192959	1.58855975295482	1.13408602998541	0.68627187109238	5.22576411535475	0.67897	1
ENSDARG00000089055	2	1.7947791182373	1.7947791182373	0.555320666732555	0.309408918952628	2.53820097047522	0.69196	1
ENSDARG00000089066	41	2.3190318163534	2.22936088681275	1.50254624596461	0.647919634120122	14.8490488306703	0.74575	1
ENSDARG00000089071	6	1.84058004707613	1.97438445240888	0.9180327513425	0.498773608244231	4.50848194608437	0.46198	0.968575948116121
ENSDARG00000089076	13	2.22386314961262	1.76671406459832	2.13431655541591	0.959733765896381	8.01825261554316	0.85932	1
ENSDARG00000089078	1	0.541345360368685	0.541345360368685	NA	NA	0.541345360368685	1	1
ENSDARG00000089087	1	9.6779387450549	9.6779387450549	NA	NA	9.6779387450549	0.01898	0.22408111239861
ENSDARG00000089090	2	5.58816787458098	5.58816787458098	5.00769137841144	0.896124005363194	7.90286279705006	0.01995	0.231793493150685
ENSDARG00000089109	24	3.05698679333365	2.84990933607815	1.82323212124832	0.596414785050505	14.9761155881888	0.53047	1
ENSDARG00000089139	4	2.99435299775526	2.34187119814224	1.89784714247727	0.633808753977906	5.98870599551052	0.12988	0.604356528095021
ENSDARG00000089142	7	2.04420156465707	1.71077433334494	1.33378111518514	0.652470450196966	5.40844896977172	0.37067	0.909903005008347
ENSDARG00000089172	1	1.04346016188906	1.04346016188906	NA	NA	1.04346016188906	0.76068	1
ENSDARG00000089190	26	1.91396285398416	1.88356285482658	1.22739403881297	0.641284148361602	9.75933394075698	0.61509	1
ENSDARG00000089204	6	2.37670787624632	1.64179424996013	2.14291629191605	0.901632175048999	5.82172156445735	0.85909	1
ENSDARG00000089207	12	1.55627009262862	1.41591085314988	1.50561229075759	0.967449222271263	5.39107774146539	0.85565	1
ENSDARG00000089213	22	1.53728328246434	1.17772021645698	1.12276868499599	0.730359002666142	7.21049773538385	0.83832	1
ENSDARG00000089217	8	14.5219638810166	13.9963069182052	10.4888983032625	0.722278225534894	41.0743165456518	0	0
ENSDARG00000089223	4	1.75350816017708	1.49719149504935	1.21878934239706	0.695057696380483	3.50701632035416	0.48729	0.981103672662581
ENSDARG00000089225	9	3.03849482852585	3.53588234068823	2.50691570097585	0.825051824159957	9.11548448557755	0.06831	0.448944707395498
ENSDARG00000089227	3	4.34608739068216	2.89017384886327	2.7159200125277	0.624911505081681	7.52764417479596	0.04186	0.350743094650206
ENSDARG00000089230	16	2.13086200945111	1.57686758515953	2.68969635542846	1.26225740733033	8.52344803780443	0.37708	0.91123887544484
ENSDARG00000089232	26	1.81696314705082	1.50010466820325	1.38636419924102	0.763011732786808	9.2647305422911	0.94015	1
ENSDARG00000089236	8	1.81345133977375	1.90237862252136	0.92527521950347	0.510228865373862	5.12921495882339	0.57081	1
ENSDARG00000089255	24	3.6759453344075	3.91697269973822	1.8251473466489	0.496511014341047	18.0083807833257	0.01297	0.175777177097204
ENSDARG00000089262	9	1.32995432839593	1.38530195876984	0.710218863091243	0.534017483102482	3.98986298518778	0.9015	1
ENSDARG00000089271	1	5.75042455942542	5.75042455942542	NA	NA	5.75042455942542	0.03444	0.317671392405063
ENSDARG00000089291	3	2.11077571191822	2.19315229999806	0.203700142693487	0.0965048733237363	3.65597077642472	0.32765	0.871753946680606
ENSDARG00000089292	9	1.86491569178277	1.71077433334494	1.52616622828986	0.818356687658584	5.5947470753483	0.49517	0.985711331899081
ENSDARG00000089296	2	6.52113032390648	6.52113032390648	0.247375221810246	0.0379344085339574	9.22227094607099	0.00949	0.142042970588235
ENSDARG00000089297	4	1.88526522772292	1.72109560160988	1.6925700241114	0.897788809352694	3.77053045544584	0.41847	0.940841100066269
ENSDARG00000089314	1	8.70692445295243	8.70692445295243	NA	NA	8.70692445295243	0.01805	0.217979834710744
ENSDARG00000089338	5	1.3510841114557	1.28063326167805	0.243761510330813	0.180419196898242	3.02111591653486	0.72061	1
ENSDARG00000089340	2	12.8910044643518	12.8910044643518	2.19264443408912	0.170091046058712	18.2306333460984	0.00011	0.0051356880733945
ENSDARG00000089345	3	0.98653349863119	1.12903435013942	0.923565359357812	0.936172325257333	1.7087261429979	0.81583	1
ENSDARG00000089354	2	1.33870535488836	1.33870535488836	1.35624468295824	1.01310170905482	1.89321526890461	0.88355	1
ENSDARG00000089355	33	1.77233287594055	1.66266187498724	1.06864563837984	0.602959891387629	10.1812772363594	0.80081	1
ENSDARG00000089362	2	1.18702781277152	1.18702781277152	0.142694676829141	0.120211738338271	1.67871083173556	0.70548	1
ENSDARG00000089368	8	1.83714341300614	1.05426889150697	1.86437929027194	1.01482512310851	5.19622626139536	0.72831	1
ENSDARG00000089369	10	1.91080414792458	2.10328059844596	1.18381284923298	0.619536466109716	6.04249326993896	0.46191	0.968575948116121
ENSDARG00000089413	9	2.5145744796164	1.50994665864163	2.60318397073875	1.0352383641211	7.54372343884919	0.89539	1
ENSDARG00000089418	3	2.69199029046198	1.39599570118095	2.93871225121693	1.09165039028154	4.66266395656225	0.33144	0.874616624319419
ENSDARG00000089428	22	2.89190807205692	1.88239992275272	2.82583460454899	0.977152293274339	13.5642511971364	0.04187	0.350743094650206
ENSDARG00000089456	10	2.74383021184032	2.72341198360104	1.28057563952217	0.466710962652196	8.6767529821977	0.10437	0.553664106305367
ENSDARG00000089461	8	2.36477511588385	1.52959443457151	2.57586912653245	1.08926599795081	6.68859408169069	0.21892	0.750623217771794
ENSDARG00000089467	17	2.41624452632343	2.2625378028765	1.9463808636218	0.80553968872655	9.96243139935201	0.16721	0.670552947202522
ENSDARG00000089480	7	1.24090731881011	1.22250893833694	0.762622719294452	0.614568636782416	3.28313216565149	0.91119	1
ENSDARG00000089503	8	1.24749202436449	1.2210434401032	0.902923239692594	0.72379079149029	3.52844027961704	0.86584	1
ENSDARG00000089505	22	2.49012157633517	2.41447361366615	1.48510992573329	0.59640056929228	11.6797054855188	0.21146	0.742141447776629
ENSDARG00000089519	10	2.02547370035817	2.18978312902986	1.31597727535271	0.649713336253146	6.40511023390122	0.38517	0.91723450163781
ENSDARG00000089529	1	2.01922574346728	2.01922574346728	NA	NA	2.01922574346728	0.34783	0.887939237521946
ENSDARG00000089538	1	0.380138875355413	0.380138875355413	NA	NA	0.380138875355413	1	1
ENSDARG00000089549	11	3.53509922980541	3.87018096580813	2.02439255845055	0.572655087410938	11.7245977419389	0.02955	0.292137173281704
ENSDARG00000089553	7	3.80903374129123	3.84813835260615	1.14425154768904	0.300404676200414	10.0777560149105	0.14344	0.630368013816926
ENSDARG00000089562	16	1.65981222282957	1.37041162912316	1.36625160560222	0.82313624807094	6.63924889131827	0.9554	1
ENSDARG00000089564	2	6.53821442646295	6.53821442646295	3.44975438461746	0.527629435133671	9.24643151560733	0.0254	0.266726556701031
ENSDARG00000089572	7	3.83385050661739	2.85897807405899	2.72694837373277	0.711281874195651	10.1434150043086	0.03171	0.30324536950421
ENSDARG00000089581	15	1.90080166936097	1.35165069132102	1.6271561344911	0.856036776860647	7.36177320987829	0.50004	0.988293681553398
ENSDARG00000089593	2	3.45766212133339	3.45766212133339	1.93320227128532	0.559106761576754	4.8898726660934	0.09981	0.54121799680341
ENSDARG00000089598	11	3.67446417969232	2.74239380432961	4.60539795704264	1.25335225268906	12.1868189896405	0.01504	0.196131754161332
ENSDARG00000089616	3	2.42494833224168	2.2593719040677	1.30694408358783	0.538957497036509	4.20013371717201	0.26934	0.817579039665971
ENSDARG00000089641	16	8.41827580225774	6.97679790361487	6.15233485132803	0.730830753926832	33.6731032090309	0	0
ENSDARG00000089643	13	2.47112761885049	2.22607616224179	1.21637067886652	0.492233047612629	8.90977733798066	0.49274	0.984706012173572
ENSDARG00000089646	7	1.1134858174915	1.25307769101043	0.871484700000798	0.782663493607947	2.94600656147996	0.99064	1
ENSDARG00000089663	1	0.41105800736175	0.41105800736175	NA	NA	0.41105800736175	0.94458	1
ENSDARG00000089701	1	1.04782277521322	1.04782277521322	NA	NA	1.04782277521322	0.79093	1
ENSDARG00000089705	3	1.82322565092063	0.982080478597003	1.52094503876486	0.834205594900922	3.15791946105736	0.55676	1
ENSDARG00000089715	1	1.51348207269889	1.51348207269889	NA	NA	1.51348207269889	0.57691	1
ENSDARG00000089717	1	0.418335920539243	0.418335920539243	NA	NA	0.418335920539243	0.94082	1
ENSDARG00000089720	1	2.25387368586678	2.25387368586678	NA	NA	2.25387368586678	0.44799	0.957676703065939
ENSDARG00000089766	10	2.83294764418013	3.37437868062517	1.1585726827241	0.408963676086359	8.95856704761746	0.40742	0.933105481548155
ENSDARG00000089769	13	1.93657785918958	1.26136120626724	2.58061136732477	1.33256267238576	6.98243077023633	0.44341	0.955542447596866
ENSDARG00000089781	12	4.79757212014663	4.96621742542868	2.72040151042525	0.567037126758629	16.6192773301398	0.00057	0.0186542122186495
ENSDARG00000089787	4	5.96592118401856	4.81184757049242	3.62069299272325	0.60689588096174	11.9318423680371	0.00751	0.124085681818182
ENSDARG00000089791	18	3.07936016884823	3.35025744171973	1.77957504378829	0.577904157425632	13.06461874265	0.07649	0.474209312233719
ENSDARG00000089800	9	2.3232284025339	2.07965261724826	1.1031467903121	0.47483355020493	6.96968520760169	0.29531	0.843577092337918
ENSDARG00000089805	17	2.81576631710372	2.26465624660101	2.00312283787713	0.711395269454577	11.6097019424751	0.17086	0.677832587685113
ENSDARG00000089829	1	28.1058611344807	28.1058611344807	NA	NA	28.1058611344807	0.00012	0.00547695067264574
ENSDARG00000089836	6	2.20795690503276	1.95304857479193	1.14351501513503	0.517906401401464	5.40836779138503	0.64886	1
ENSDARG00000089856	23	3.25876299333837	2.20447944821507	3.72102784673007	1.14185286083605	15.6284782904571	0.26451	0.811021054216868
ENSDARG00000089858	4	1.90476218978893	1.18092926631857	2.36352964113318	1.2408528759147	3.80952437957786	0.40639	0.932452393605044
ENSDARG00000089861	7	1.6013386667814	1.89558294541584	1.0030673072665	0.626392984865974	4.23674387709531	0.72947	1
ENSDARG00000089862	6	1.19735340275914	1.24493385639918	0.768024969170554	0.641435492145211	2.93290487854506	0.85401	1
ENSDARG00000089874	12	4.71742358121427	2.31603905900305	5.38131974560547	1.14073278622572	16.3416346469733	0.029	0.288062224390244
ENSDARG00000089875	1	0.586213345141312	0.586213345141312	NA	NA	0.586213345141312	1	1
ENSDARG00000089878	21	2.1046851543798	1.80818422401268	1.83037985439136	0.869669199966743	9.64487903399525	0.40268	0.930962514181983
ENSDARG00000089883	8	2.28296246092951	1.99986991337907	2.05180854307758	0.898748261608376	6.45719294927035	0.35919	0.900230440778133
ENSDARG00000089888	5	3.85040262418662	3.01364511905714	2.42812056734156	0.630614718598288	8.60976200842487	0.14409	0.631860413614821
ENSDARG00000089892	1	1.12903435013942	1.12903435013942	NA	NA	1.12903435013942	0.76832	1
ENSDARG00000089913	19	1.67749149413603	1.80088231997924	0.935925573146051	0.557931635670133	7.312015901588	0.81117	1
ENSDARG00000089921	1	0.993960165083201	0.993960165083201	NA	NA	0.993960165083201	0.76691	1
ENSDARG00000089922	1	1.51348207269889	1.51348207269889	NA	NA	1.51348207269889	0.5762	1
ENSDARG00000089924	10	3.64612804307091	2.83393166411778	2.81546824298531	0.772180299135633	11.5300692567166	0.05987	0.421117387698687
ENSDARG00000089940	9	4.21198248794332	4.91397047730363	1.67770904503082	0.39831814349495	12.63594746383	0.00505	0.0944832720588235
ENSDARG00000089951	9	0.981579525007506	1.13998094391514	0.469361690898625	0.47816980584944	2.94473857502252	0.97774	1
ENSDARG00000089953	16	1.53469949798032	1.70658914909288	0.968639085865028	0.631158795021283	6.13879799192129	0.78054	1
ENSDARG00000089967	2	2.11776758430048	2.11776758430048	2.99497563967185	1.41421356237309	2.99497563967185	0.36189	0.903837355898945
ENSDARG00000089976	2	2.91653186734381	2.91653186734381	1.67207820909892	0.573310454043397	4.12459892189095	0.27904	0.826170581733566
ENSDARG00000089981	3	16.1545345457949	7.07907656932865	18.6311128503454	1.15330545720955	27.9804746059434	0	0
ENSDARG00000090026	5	2.61307154115754	1.74489282558	1.98956273289929	0.76138854277903	5.84300559609839	0.18032	0.695355412566238
ENSDARG00000090035	11	1.52169543920272	1.09230131342785	1.85456881788631	1.21875164379674	5.04689281703048	0.98408	1
ENSDARG00000090039	9	2.54073122231319	2.7359096320133	1.15753887567635	0.45559280946785	7.62219366693956	0.19566	0.722054923857868
ENSDARG00000090054	27	1.72000008880306	1.54210501327889	1.60551033735711	0.933436194456462	8.93738262848965	0.99678	1
ENSDARG00000090063	1	1.55094618760752	1.55094618760752	NA	NA	1.55094618760752	0.67097	1
ENSDARG00000090064	2	1.58787501845756	1.58787501845756	0.286347077028248	0.18033351095	2.24559438645611	0.85576	1
ENSDARG00000090071	25	7.46201282999893	6.32879251953157	5.86838092440943	0.786434043749864	37.3100641499947	0	0
ENSDARG00000090081	1	1.6244208892013	1.6244208892013	NA	NA	1.6244208892013	0.56104	1
ENSDARG00000090086	9	1.36976745464698	1.15625405599307	1.09770401378722	0.801379832805356	4.10930236394095	0.99844	1
ENSDARG00000090106	1	4.09886970767191	4.09886970767191	NA	NA	4.09886970767191	0.16284	0.66518023246493
ENSDARG00000090108	13	3.18916391678168	3.18165971553377	2.032675398736	0.637369370711825	11.4986940278159	0.05875	0.416115170494085
ENSDARG00000090152	7	0.980045178876081	1.06157234631249	0.623151971350247	0.635840045726137	2.59295581691392	0.97464	1
ENSDARG00000090170	7	2.36207973161232	2.23393532102758	1.34477079100227	0.569316426115873	6.2494755467524	0.95041	1
ENSDARG00000090179	3	1.87982595696631	2.2593719040677	0.91045661793895	0.484330272472807	3.25595406685244	0.41245	0.937453349709692
ENSDARG00000090181	4	2.32483705860969	0.666816487232561	3.40083989613024	1.46282935551794	4.64967411721939	0.26624	0.813506670669468
ENSDARG00000090183	11	1.91338022935373	1.86455648193041	1.60943540454942	0.841147713276533	6.34596430205047	0.71424	1
ENSDARG00000090190	9	1.95768591984913	1.52114486968635	1.95492855081725	0.998591516134468	5.8730577595474	0.75601	1
ENSDARG00000090194	6	3.62840293560172	2.12844671990935	3.82607438374159	1.0544789130778	8.88773577344079	0.03452	0.317671392405063
ENSDARG00000090202	6	3.46089516177085	2.656246111349	2.8241813709042	0.8160262703419	8.47742719960563	0.06062	0.423466273164036
ENSDARG00000090213	4	5.39804549823744	5.42718315911728	3.30935486384806	0.613065389116974	10.7960909964749	0.04523	0.363339337016575
ENSDARG00000090223	6	2.46588502325423	2.69204459558604	1.23746697688607	0.501834824096132	6.0401600713439	0.3659	0.906114403892944
ENSDARG00000090228	5	5.70700613068094	5.31675482428725	0.766496157734088	0.134307926114429	12.7612536562106	0.00391	0.0780313333333333
ENSDARG00000090232	13	18.5986015239088	2.78919600112409	46.9738044184261	2.52566325258598	67.0582114463759	0	0
ENSDARG00000090292	5	1.00444268432586	0.901401332181743	0.872009802373973	0.868152873211702	2.24600212165499	0.94382	1
ENSDARG00000090304	3	0.975505737809014	0.643320350995812	0.827858422796523	0.848645364870834	1.68962550096018	0.88236	1
ENSDARG00000090309	2	1.10449530797487	1.10449530797487	0.172641275143858	0.156307839333788	1.5619922441155	0.85377	1
ENSDARG00000090338	3	1.50164144873799	1.26742166518661	0.786489470123493	0.523753170761552	2.60091928396553	0.76211	1
ENSDARG00000090348	6	7.4999580013159	6.99033284249966	6.35454512119779	0.847277427431309	18.3710701955279	0.01583	0.201654007490637
ENSDARG00000090387	2	1.28266572617314	1.28266572617314	0.366902558437361	0.28604690290745	1.81396326594519	0.70543	1
ENSDARG00000090389	4	4.54379208772827	4.56189303326572	3.64428492295834	0.802036020266136	9.08758417545654	0.03253	0.30656512962963
ENSDARG00000090398	5	1.18183425715292	1.06562983502618	0.815103179453078	0.689693308955769	2.64266173713189	0.83586	1
ENSDARG00000090408	4	2.55510457593798	2.30403326169055	1.10721712387849	0.433335345373109	5.11020915187595	0.22219	0.7552076
ENSDARG00000090418	6	1.7136618603951	0.954373319391714	1.76118248599534	1.02773045645614	4.19759714963655	0.8449	1
ENSDARG00000090454	10	5.91784408727315	6.44721240641097	2.23123900310416	0.377035787053369	18.7138661535434	0.24349	0.785307287116176
ENSDARG00000090457	1	1.12903435013942	1.12903435013942	NA	NA	1.12903435013942	0.76809	1
ENSDARG00000090472	3	0.710254534434858	0.57210937755394	0.369605485717047	0.520384549197054	1.23019693994735	0.92953	1
ENSDARG00000090480	5	2.86932987411761	2.99547478553409	1.82548668105408	0.636206627031847	6.41601664839788	0.15714	0.658448299711816
ENSDARG00000090486	2	2.04943485383596	2.04943485383596	2.89833856549493	1.41421356237309	2.89833856549493	0.33192	0.875202528497409
ENSDARG00000090543	8	2.41723489738107	1.84509319418659	2.2416003410548	0.927340716238806	6.8369727506357	0.21257	0.74246309540151
ENSDARG00000090544	1	0.752354742519659	0.752354742519659	NA	NA	0.752354742519659	0.82173	1
ENSDARG00000090548	9	2.35958328995958	2.40692615306148	1.68975310278004	0.716123524848741	7.07874986987873	0.22053	0.752974368932039
ENSDARG00000090560	5	2.21163058872078	1.87878825269252	0.768006415453496	0.347258000214998	4.94535633749754	0.29617	0.844611448585038
ENSDARG00000090581	8	2.23885178177663	1.75798564432459	1.895034321663	0.846431343552006	6.33242910786336	0.26644	0.813629258925893
ENSDARG00000090585	17	3.25526717028492	1.3802443439463	3.96650007189603	1.21848679828908	13.4218103826902	0.20018	0.726355496453901
ENSDARG00000090600	1	4.66742747214974	4.66742747214974	NA	NA	4.66742747214974	0.09019	0.512251015625
ENSDARG00000090623	18	1.85537674400484	1.51026010452085	1.17565776317243	0.633649077995213	7.87169686404984	0.59223	1
ENSDARG00000090624	38	2.01077559874948	1.7859307035816	1.23672310256975	0.615047797147968	12.3952532577596	0.7925	1
ENSDARG00000090629	1	3.1160196007862	3.1160196007862	NA	NA	3.1160196007862	0.19462	0.720679410694798
ENSDARG00000090634	3	3.12659763559946	2.96707472406332	1.78765081054849	0.571755952922847	5.41542595968299	0.18509	0.703978333333333
ENSDARG00000090646	14	1.85759346621392	1.57052382638519	1.19878495915809	0.645343010169716	6.95047831448232	0.80711	1
ENSDARG00000090654	1	3.3116452755554	3.3116452755554	NA	NA	3.3116452755554	0.12674	0.598169149722736
ENSDARG00000090656	17	1.60031312437922	1.01628741068726	1.86427648899983	1.16494482273462	6.59826004587774	0.81072	1
ENSDARG00000090673	1	2.67960207799539	2.67960207799539	NA	NA	2.67960207799539	0.28239	0.829823961937716
ENSDARG00000090676	6	1.38219350249335	1.38820208418556	1.20346959090908	0.870695448023837	3.38566880689902	0.78534	1
ENSDARG00000090679	12	1.71356249107492	1.55893702487919	1.17998618118967	0.688615785730384	5.9359545929721	0.82295	1
ENSDARG00000090685	3	2.20263872369072	1.96770110303155	1.79036075543857	0.812825424424873	3.81508218015099	0.29782	0.844931973392461
ENSDARG00000090687	1	15.4975098442666	15.4975098442666	NA	NA	15.4975098442666	0.00116	0.031568128342246
ENSDARG00000090690	9	2.44863835883442	1.88874690778408	2.42692986105854	0.991134461445663	7.34591507650326	0.73717	1
ENSDARG00000090697	5	3.56488238534446	4.15355624284043	2.1934081588627	0.615282054712377	7.97131934542182	0.37434	0.909903005008347
ENSDARG00000090708	1	0.475884931705394	0.475884931705394	NA	NA	0.475884931705394	1	1
ENSDARG00000090714	5	1.46021932366565	1.66871728755481	0.851459933946767	0.583104140691217	3.26514966977515	0.67389	1
ENSDARG00000090727	3	0.844184759670723	0.612381037641619	0.615666414121449	0.729302924589152	1.46217089472501	0.91898	1
ENSDARG00000090747	9	1.67129987815129	1.48125575003981	1.4102050529615	0.843777392314179	5.01389963445388	0.9419	1
ENSDARG00000090751	19	2.24144281458471	1.70958820901628	1.83276600545447	0.817672435597711	9.77022271650011	0.23147	0.768691127770535
ENSDARG00000090752	10	3.64157303722769	3.11277843598938	2.0895370882715	0.573800680889886	11.5156650634967	0.13725	0.617648153710247
ENSDARG00000090770	12	1.30152869068842	1.28425837721279	0.805198926426664	0.618656301768323	4.50862763956188	0.97153	1
ENSDARG00000090778	5	4.38858401596845	4.14186618196046	2.20571840462181	0.502603663640938	9.81317218467448	0.05787	0.412315762237762
ENSDARG00000090787	3	2.15836285481414	1.74446101063095	1.82867932408017	0.847252963050851	3.7383941257075	0.30823	0.849342252301029
ENSDARG00000090788	8	2.90089136014287	2.13771939134783	2.24674980636142	0.774503256906101	8.20495980896995	0.4471	0.95721156920488
ENSDARG00000090804	1	1.83056614575414	1.83056614575414	NA	NA	1.83056614575414	0.42261	0.941827146923582
ENSDARG00000090814	1	7.47954999893846	7.47954999893846	NA	NA	7.47954999893846	0.04213	0.352341117502054
ENSDARG00000090815	5	3.48629183835024	3.5861604075877	1.10448469528638	0.31680787108432	7.79558553995385	0.06971	0.452859452577976
ENSDARG00000090830	25	1.21708103247696	0.716364977917006	1.25220836904443	1.02886195383062	6.08540516238481	0.9992	1
ENSDARG00000090833	1	2.98328233474566	2.98328233474566	NA	NA	2.98328233474566	0.27819	0.825739895165987
ENSDARG00000090836	6	1.511631946553	1.34899274032949	0.769084758727648	0.508777788456645	3.70272694794494	0.75777	1
ENSDARG00000090847	24	3.03310649851258	2.55731513691913	2.3878601735992	0.787265522911969	14.8591265137511	0.02571	0.268111045081967
ENSDARG00000090861	7	4.38389497777854	3.1680428406548	3.40896236746752	0.77761040917886	11.598695885027	0.0065	0.112320882852292
ENSDARG00000090871	18	2.47195887899224	2.50554748976591	1.28493410848967	0.519803998120511	10.4876333168983	0.19737	0.724462185358817
ENSDARG00000090872	5	4.73480698641624	4.76776473291451	3.88681186146583	0.820901859910398	10.5873502819676	0.70039	1
ENSDARG00000090882	1	1.04782277521322	1.04782277521322	NA	NA	1.04782277521322	0.78984	1
ENSDARG00000090890	9	1.00160597284678	0.958081677855914	0.442834135390643	0.442124096097404	3.00481791854034	0.96904	1
ENSDARG00000090895	21	1.86559037781618	1.74070192985344	1.1402665541033	0.611209495751191	8.54920912212389	0.88315	1
ENSDARG00000090912	4	1.02769539440987	1.25597325449943	0.725129176220158	0.705587648017577	2.05539078881975	0.97886	1
ENSDARG00000090914	18	2.67570150674348	2.2277745499886	2.66574615744914	0.996279349819382	11.3520400790963	0.08146	0.488280259128386
ENSDARG00000090930	3	6.6714479731359	6.28693956350914	2.49021222017867	0.373264129497236	11.5552868495238	0.01184	0.165672115384615
ENSDARG00000090935	22	2.19441434075599	2.26678739030797	1.44219171863034	0.657210305203118	10.2927156074644	0.27969	0.827043817547937
ENSDARG00000090942	15	1.75972675275427	1.54210501327889	1.0449920262938	0.593837665227406	6.81539240729293	0.64518	1
ENSDARG00000090949	20	1.52483223394924	1.57546313759634	1.20361675232577	0.789343722888425	6.81925705878672	0.8585	1
ENSDARG00000090963	8	3.44668414707876	3.07705073758563	2.40894507400681	0.698916689551758	9.74869493203025	0.36447	0.906030849609375
ENSDARG00000090971	11	2.87040673164664	3.06621813316671	2.56699489069063	0.894296568632295	9.52006212458228	0.07173	0.459162226415094
ENSDARG00000090973	3	1.54468506830098	1.51348207269889	0.633442386757219	0.410078662477104	2.67547301999029	0.56185	1
ENSDARG00000090980	12	2.74700851614955	2.40149104663906	2.0708254890571	0.753847495150742	9.51591663759083	0.37268	0.909903005008347
ENSDARG00000090982	3	3.2088216312792	3.25200367803084	0.972007231099935	0.302917189794823	5.55784209780162	0.10569	0.557866141895391
ENSDARG00000090986	26	1.56854982168857	1.46876827308486	1.07883875263727	0.687793742806261	7.99806614883248	0.86613	1
ENSDARG00000090988	3	1.74487916855642	2.00612033379739	0.767340649776235	0.439767213457581	3.02221937300825	0.50387	0.991302578275995
ENSDARG00000090993	7	1.75685216584451	1.9975635615728	1.20924986991329	0.688304851952073	4.64819392112978	0.68355	1
ENSDARG00000090997	40	3.19390138199658	2.8827305114936	2.46950580243078	0.773194130648781	20.2000059781374	0.0013	0.0343672727272727
ENSDARG00000090998	13	2.35286818952734	1.9826747803625	2.06419178479488	0.877308722172639	8.48338690174896	0.21602	0.74606432304038
ENSDARG00000091003	2	1.68654249607521	1.68654249607521	1.0735601525351	0.636544975909831	2.38513127146814	0.46997	0.971560792038993
ENSDARG00000091006	28	1.09570073649076	1.12208120431294	0.755086373215822	0.689135589736082	5.79790332020975	0.99935	1
ENSDARG00000091042	1	5.91492060623577	5.91492060623577	NA	NA	5.91492060623577	0.04122	0.349699116666667
ENSDARG00000091043	8	6.08169514273445	2.70053702595671	6.00916183427899	0.988073504713219	17.2016315061473	0.02168	0.242216289791438
ENSDARG00000091061	10	1.12148354356355	1.08842856267632	0.963913617618398	0.859498673119651	3.54644235605749	0.92939	1
ENSDARG00000091073	2	1.12903435013942	1.12903435013942	0	0	1.59669569035227	0.70023	1
ENSDARG00000091079	1	2.4132181699645	2.4132181699645	NA	NA	2.4132181699645	0.33785	0.881337089418396
ENSDARG00000091101	1	3.97440736983372	3.97440736983372	NA	NA	3.97440736983372	0.06419	0.434970585885486
ENSDARG00000091124	11	3.44272288746017	3.40053480992989	1.62462220536911	0.471900370281518	11.4182200748743	0.0348	0.319381785392245
ENSDARG00000091127	9	0.705472909638236	0.775047264124461	0.353212220159275	0.500674392076091	2.11641872891471	0.99747	1
ENSDARG00000091128	2	1.09411179954034	1.09411179954034	0.11006030619943	0.100593290599433	1.54730774566238	0.7358	1
ENSDARG00000091130	38	1.81695709953205	1.86338929669679	1.23290200366592	0.678553172214935	11.2004757871493	0.77256	1
ENSDARG00000091135	3	0.745351218763331	0.881028429036563	0.687626039838477	0.922553049526598	1.29098618038147	0.91498	1
ENSDARG00000091187	9	0.961421559248629	0.901844956910744	1.01734209370175	1.05816442736818	2.88426467774589	0.99194	1
ENSDARG00000091198	3	1.61424675080274	1.6016534780358	1.34809009088535	0.835120213322382	2.79595738834333	0.63854	1
ENSDARG00000091243	1	5.25719022651858	5.25719022651858	NA	NA	5.25719022651858	0.10809	0.563175774504825
ENSDARG00000091247	5	1.89297864895791	1.89558294541584	0.246116251522217	0.130015334117849	4.23282893902559	0.4806	0.97776206662677
ENSDARG00000091277	9	2.06596386812407	2.6823674146269	1.26956345723517	0.614513872591563	6.19789160437221	0.35745	0.898880750617284
ENSDARG00000091280	2	2.57472678479976	2.57472678479976	1.34393548595845	0.5219720763743	3.64121353846909	0.20072	0.726355496453901
ENSDARG00000091293	50	2.51736580301266	2.32490450664515	1.8538557257732	0.736426832983348	17.8004643003737	0.95954	1
ENSDARG00000091306	23	2.13134551310983	1.40798018766132	1.94676521187918	0.913397288194102	10.2215739988432	0.93549	1
ENSDARG00000091317	3	1.4993533433946	1.46635448287741	0.347760913483408	0.231940599602801	2.59695616925772	0.66313	1
ENSDARG00000091320	2	0.731766685208482	0.731766685208482	0.320057731970365	0.437376746495613	1.03487437071464	0.87034	1
ENSDARG00000091326	15	2.70761505011003	1.83056614575414	2.54174815528484	0.938740592087326	10.4865479970167	0.0976	0.535675547169811
ENSDARG00000091348	41	7.14121153745077	7.10570278426746	3.72592175974079	0.5217492494377	45.7260646800861	0	0
ENSDARG00000091367	17	1.44736195069136	1.34391359049435	0.917473671995906	0.633893734430186	5.9676262012005	0.99027	1
ENSDARG00000091402	4	1.27066137012588	1.40477112873356	0.84280944704259	0.663284071474602	2.54132274025176	0.87105	1
ENSDARG00000091408	7	3.23533759146996	3.63990533986071	1.76601908431968	0.545853109417647	8.5598986743682	0.17829	0.690237968809433
ENSDARG00000091413	1	7.1661374624559	7.1661374624559	NA	NA	7.1661374624559	0.02396	0.257241434599156
ENSDARG00000091418	22	2.05783794138814	1.67456983574654	1.61780771573177	0.786168669161797	9.65211551144954	0.5707	1
ENSDARG00000091419	2	1.28419526452992	1.28419526452992	0.143448723632498	0.11170320246042	1.81612635983351	0.77133	1
ENSDARG00000091428	7	2.37061079081685	2.44662019335071	1.17116817744195	0.494036466035997	6.27204660782753	0.23498	0.772870294022617
ENSDARG00000091481	5	1.27607778478845	1.29177380535467	0.443248015561643	0.347351878424186	2.85339667136433	0.83597	1
ENSDARG00000091503	11	1.83348012520075	1.41347041453695	1.96385113762231	1.0711057680035	6.08096563586474	0.84891	1
ENSDARG00000091509	5	2.57910790760935	2.56227895020307	2.26822407220152	0.879460710236045	5.76706060272176	0.44886	0.957957030824072
ENSDARG00000091512	27	1.56569676710478	1.41446934680679	0.980893794709523	0.626490272776988	8.13559904961545	0.90807	1
ENSDARG00000091513	29	2.25020162370595	2.37875379187996	1.57204795006825	0.698625373613932	12.1177065929382	0.41702	0.93900040247678
ENSDARG00000091514	10	4.22073673150295	2.46948699103155	3.8393996149071	0.909651527481064	13.3471414754839	0.00952	0.142282760646109
ENSDARG00000091538	14	1.82297791577921	1.41748157949169	1.47087991541938	0.806855586503731	6.82095878450105	0.56324	1
ENSDARG00000091548	6	0.56502561005475	0.252725846280525	0.851835163325054	1.50760451945269	1.38402443623892	0.99444	1
ENSDARG00000091555	6	0.966625487115538	1.21668922563029	0.785158017436076	0.812267034028897	2.3677392158023	0.94467	1
ENSDARG00000091574	15	1.70963651418205	1.76196513349038	1.33722853884146	0.782171255555597	6.62139374749516	0.6707	1
ENSDARG00000091576	1	0.841000624206828	0.841000624206828	NA	NA	0.841000624206828	0.84285	1
ENSDARG00000091579	8	1.4405603403584	1.21019008421069	0.88194390217374	0.612222811822181	4.07451994150331	0.95868	1
ENSDARG00000091584	1	1.28063326167805	1.28063326167805	NA	NA	1.28063326167805	0.6272	1
ENSDARG00000091595	8	1.54945443882565	1.43784578526358	0.823376950846472	0.531397974806227	4.38251896333287	0.73763	1
ENSDARG00000091602	23	3.94630253882821	4.00833498466857	1.13951661683655	0.288755513705473	18.9258021162413	0.00015	0.00655236051502146
ENSDARG00000091619	9	2.48169161212096	1.70528814162177	2.66941085552505	1.0756416480143	7.44507483636289	0.19267	0.716775233918129
ENSDARG00000091628	14	2.54187543033975	1.92181819268753	1.55458228529532	0.611588698147781	9.51082698018991	0.14621	0.635039462457338
ENSDARG00000091631	9	2.81784120144014	2.25740586966903	2.30438383703697	0.81778342791611	8.45352360432042	0.22098	0.752974368932039
ENSDARG00000091652	22	2.5437353560184	2.08088965170416	2.64715853497786	1.04065799483219	11.9311764026888	0.09019	0.512251015625
ENSDARG00000091658	15	2.39704728766684	1.96727241534148	2.24581216965553	0.936907745295874	9.28372422520533	0.1767	0.687335857852503
ENSDARG00000091692	1	1.55344573403387	1.55344573403387	NA	NA	1.55344573403387	0.55881	1
ENSDARG00000091728	1	1.12903435013942	1.12903435013942	NA	NA	1.12903435013942	0.7683	1
ENSDARG00000091754	5	2.71246891993937	1.12240324871771	3.74131113931366	1.37930101680107	6.06526489183986	0.16767	0.671339598741149
ENSDARG00000091756	7	1.54554956589134	1.72846740774764	0.984568670935099	0.63703467857874	4.08913979027231	0.8993	1
ENSDARG00000091760	13	1.20321402610757	0.92271212319837	0.826875092746761	0.687221952873775	4.33824986648831	0.96786	1
ENSDARG00000091768	2	6.53821442646295	6.53821442646295	3.44975438461746	0.527629435133671	9.24643151560733	0.02532	0.266501509824199
ENSDARG00000091771	7	2.66388384008171	3.15877131193514	1.4152117024959	0.531258788841366	7.04797416241995	0.86337	1
ENSDARG00000091777	6	1.72761392325167	1.37920899124618	2.10817031838349	1.220278610869	4.23177258449437	0.58056	1
ENSDARG00000091792	14	2.987253676507	1.94838512854057	2.58096668021432	0.863993138752195	11.17727978487	0.06385	0.434970585885486
ENSDARG00000091813	4	1.54497609956499	0.72284325838853	1.77556413390927	1.14925022750139	3.08995219912997	0.62939	1
ENSDARG00000091831	10	1.29633028976451	1.74720028567771	1.11237565136445	0.858095857319296	4.09935631552192	0.94996	1
ENSDARG00000091833	3	1.73057212367821	0.795861810691008	2.34225251751961	1.35345559163481	2.99743884437303	0.49851	0.986808850865254
ENSDARG00000091835	3	3.42986849486076	0	5.94070649637863	1.73205080756888	5.94070649637863	0.12106	0.59039227599425
ENSDARG00000091841	11	5.98350242486523	2.19315229999806	6.7690168189499	1.13128003271468	19.8450324754597	0.00019	0.00792549180327869
ENSDARG00000091851	5	6.83083874886471	2.09967151460726	10.736861037706	1.57182176778663	15.2742197858011	0.00088	0.0257374712643678
ENSDARG00000091865	1	1.04782277521322	1.04782277521322	NA	NA	1.04782277521322	0.78945	1
ENSDARG00000091867	4	1.38881116457409	1.39845088624568	0.745881225654231	0.53706453741173	2.77762232914818	0.7351	1
ENSDARG00000091869	7	1.42258282472419	1.66363743321075	0.906974418698339	0.637554737014473	3.76380037361201	0.74204	1
ENSDARG00000091872	12	2.28331868920773	2.12821625515937	1.53441924972415	0.672012740480205	7.90964795915871	0.28323	0.830275040322581
ENSDARG00000091879	5	1.04814402211191	0.586213345141312	0.723814140522319	0.690567446126248	2.34372128365228	0.88824	1
ENSDARG00000091885	2	1.18702781277152	1.18702781277152	0.142694676829141	0.120211738338271	1.67871083173556	0.70939	1
ENSDARG00000091896	2	1.7908440653377	1.7908440653377	1.703605102153	0.951286119839669	2.53263596529594	0.43634	0.950026494117647
ENSDARG00000091897	2	12.6127368435916	12.6127368435916	2.54246614090119	0.201579258524925	17.83710350285	0.00115	0.0313798927613941
ENSDARG00000091902	2	1.46304153671435	1.46304153671435	1.43127451469206	0.978286999223798	2.06905318353661	0.60518	1
ENSDARG00000091904	2	3.96358898626282	3.96358898626282	0.191315830944359	0.048268332465205	5.60536130004551	0.1032	0.550796853696906
ENSDARG00000091911	2	0.92186868730704	0.92186868730704	0.24062311262188	0.261016689182477	1.3037192003167	0.87621	1
ENSDARG00000091931	5	1.92042468103739	1.38555567604735	1.89526009432729	0.986896342794083	4.29420013246795	0.41569	0.93900040247678
ENSDARG00000091932	16	2.63077767065562	2.59123265600495	2.26786508684247	0.86205121479433	10.5231106826225	0.20197	0.727406461429583
ENSDARG00000091946	3	1.69703118074384	1.83056614575414	0.712293327564777	0.419729074896883	2.93934422707694	0.47222	0.974306742347456
ENSDARG00000091947	4	17.7608312855917	16.2194097851397	13.883871143572	0.781712911987131	35.5216625711833	0	0
ENSDARG00000091962	4	0.905089097258625	1.07860613233067	0.681248923427786	0.752687139300632	1.81017819451725	0.96734	1
ENSDARG00000091967	11	4.28850965013405	5.09132513169324	2.28961374895048	0.533894974185008	14.223377419313	0.00316	0.0663143917525773
ENSDARG00000091977	2	2.27728263835705	2.27728263835705	1.39915848395663	0.614398257111403	3.22056399252133	0.27231	0.820750062185372
ENSDARG00000092006	1	3.05958272617633	3.05958272617633	NA	NA	3.05958272617633	0.29443	0.842718937007874
ENSDARG00000092033	1	0	0	NA	NA	0	1	1
ENSDARG00000092039	4	3.14576992164513	3.32385112193689	2.61693146197665	0.831889021498457	6.29153984329026	0.42549	0.943493947712418
ENSDARG00000092052	2	1.52423768133606	1.52423768133606	0.141680451285063	0.0929516787440091	2.15559760122557	0.51555	0.998338641552511
ENSDARG00000092062	1	0	0	NA	NA	0	1	1
ENSDARG00000092067	15	4.21574766636651	1.25153919651963	9.55427650252261	2.26633025945723	16.3275205036503	0.01898	0.22408111239861
ENSDARG00000092083	5	2.00293395939645	0.623677269447383	1.96445702571246	0.980789714257188	4.47869648765325	0.39231	0.924075718583661
ENSDARG00000092119	4	4.96154314686137	5.18289871096028	0.572244465395232	0.115335984885515	9.92308629372274	0.06657	0.443108875816993
ENSDARG00000092123	2	1.59997233827162	1.59997233827162	1.28470366099143	0.802953670048599	2.26270258020551	0.4948	0.985711331899081
ENSDARG00000092124	1	6.69754670692256	6.69754670692256	NA	NA	6.69754670692256	0.12307	0.594343153409091
ENSDARG00000092130	2	2.4708696593473	2.4708696593473	0.299102993927878	0.121051708574093	3.49433738310514	0.23297	0.770842092947676
ENSDARG00000092136	1	1.92870913052087	1.92870913052087	NA	NA	1.92870913052087	0.37442	0.909903005008347
ENSDARG00000092142	2	0.964354565260435	0.964354565260435	1.36380330512772	1.4142135623731	1.36380330512772	0.76409	1
ENSDARG00000092143	7	4.11148109935413	3.39921863912207	1.40970599931469	0.342870601919133	10.8779565090335	0.0375	0.332738930112166
ENSDARG00000092154	11	1.56090183945784	0.945681713134021	1.27556402174464	0.817196821414276	5.17692573605721	0.96312	1
ENSDARG00000092166	1	4.39585456034362	4.39585456034362	NA	NA	4.39585456034362	0.12998	0.604356528095021
ENSDARG00000092170	1	5.758164524038	5.758164524038	NA	NA	5.758164524038	0.04143	0.350519152119701
ENSDARG00000092181	13	2.92111203835493	2.9700020859458	1.68839025266802	0.577995718924518	10.5322192356638	0.08964	0.510951556550952
ENSDARG00000092225	11	10.4262321010556	8.31735785283304	6.56986510723597	0.630128414901759	34.5798998563601	0	0
ENSDARG00000092240	4	1.46716811946548	1.16456245191682	1.21356803383816	0.827149948078406	2.93433623893095	0.73086	1
ENSDARG00000092241	2	2.56850666626963	2.56850666626963	0.39031972067997	0.151963678274914	3.63241696248422	0.21227	0.74246309540151
ENSDARG00000092260	8	3.84079240238769	4.27077901404099	1.74900327622012	0.45537563423965	10.8634014114324	0.03589	0.324305217391304
ENSDARG00000092295	1	0.907587700253051	0.907587700253051	NA	NA	0.907587700253051	0.79505	1
ENSDARG00000092309	3	3.09338847958767	3.78172616259821	1.76556631654345	0.570754797916229	5.35790601419408	0.21346	0.743450147109134
ENSDARG00000092334	2	1.09320697903083	1.09320697903083	1.54602813622631	1.4142135623731	1.54602813622631	0.76334	1
ENSDARG00000092341	1	2.01922574346728	2.01922574346728	NA	NA	2.01922574346728	0.34624	0.88694
ENSDARG00000092347	9	1.59960291334658	1.47422222785327	0.975059406681809	0.609563410110234	4.79880874003975	0.79738	1
ENSDARG00000092348	1	0.927420832205978	0.927420832205978	NA	NA	0.927420832205978	0.82225	1
ENSDARG00000092359	9	2.08022134965995	1.83091073828532	1.2218671254831	0.587373610833693	6.24066404897985	0.59932	1
ENSDARG00000092362	1	3.6016803197151	3.6016803197151	NA	NA	3.6016803197151	0.10584	0.557866141895391
ENSDARG00000092364	3	1.9350546589351	2.09967151460726	0.88226010023034	0.455935493168893	3.35161298469846	0.38306	0.915709330828833
ENSDARG00000092372	4	0.976666015714448	1.01116428804953	0.626069485519471	0.641027204229575	1.9533320314289	0.93884	1
ENSDARG00000092373	2	2.77644227013823	2.77644227013823	2.01735192253139	0.726596026947445	3.92648231357543	0.21878	0.750623217771794
ENSDARG00000092376	1	2.19315229999806	2.19315229999806	NA	NA	2.19315229999806	0.33997	0.882785714285714
ENSDARG00000092387	6	3.23633520080733	3.69760960820737	1.31660987027472	0.406821230985679	7.9273698785857	0.1775	0.688158377760853
ENSDARG00000092394	1	2.41172043961231	2.41172043961231	NA	NA	2.41172043961231	0.30145	0.847024228539884
ENSDARG00000092428	4	3.03714050207704	3.20760326463075	0.643757383490562	0.211961673505163	6.07428100415409	0.12281	0.594343153409091
ENSDARG00000092455	2	1.42841937290481	1.42841937290481	0.277188002592182	0.194052256536185	2.02009004991846	0.58848	1
ENSDARG00000092458	1	2.09967151460726	2.09967151460726	NA	NA	2.09967151460726	0.44668	0.957164650673401
ENSDARG00000092463	1	0.623677269447383	0.623677269447383	NA	NA	0.623677269447383	0.79996	1
ENSDARG00000092470	2	2.21855206964735	2.21855206964735	0.409899815470755	0.18476006088778	3.13750642572619	0.30646	0.849307986977754
ENSDARG00000092472	3	3.53850686326038	1.11578321501167	4.7196990385401	1.33381090412564	6.12887367009815	0.08401	0.494150127020785
ENSDARG00000092473	3	1.74200741987881	1.74070192985344	0.511214771163845	0.293463027384469	3.01724535839207	0.6223	1
ENSDARG00000092478	1	3.43358641598994	3.43358641598994	NA	NA	3.43358641598994	0.10869	0.563175774504825
ENSDARG00000092483	8	2.38953206511939	2.62571527032738	1.08734497018836	0.45504514714852	6.75861730843445	0.21672	0.746088359824146
ENSDARG00000092488	3	3.22785493618624	3.06336883915592	2.22732503199961	0.690032568387731	5.59080874893656	0.10789	0.563175774504825
ENSDARG00000092493	2	6.7346059774935	6.7346059774935	0.315969535448027	0.0469173009533106	9.52417111061022	0.00875	0.135500425531915
ENSDARG00000092499	1	0.586213345141312	0.586213345141312	NA	NA	0.586213345141312	1	1
ENSDARG00000092503	34	2.19418735635239	2.02798960220423	1.91337108073972	0.872018095993636	12.7942009231686	0.69165	1
ENSDARG00000092508	5	3.96994696434473	4.43980985149901	0.866563536304634	0.2182808848802	8.87707127934375	0.02081	0.237448632286996
ENSDARG00000092517	23	2.49840264600403	2.3331065642714	1.46363461364182	0.585828155434742	11.981918167634	0.49459	0.985711331899081
ENSDARG00000092533	1	2.39220599973591	2.39220599973591	NA	NA	2.39220599973591	0.466	0.968863311555737
ENSDARG00000092546	4	2.11325067234884	1.37419003731639	2.15369927800259	1.01914046742443	4.22650134469768	0.81599	1
ENSDARG00000092553	3	7.56812346681304	6.86698487104002	1.60580122832227	0.212179576002408	13.1083743624745	0.77055	1
ENSDARG00000092556	2	2.81329430273318	2.81329430273318	0.877013230865216	0.311738885623583	3.97859895787222	0.18531	0.704551804258498
ENSDARG00000092608	13	1.91918331177663	2.01038949386681	1.12596940395923	0.586691952274688	6.91971383762542	0.44483	0.956439602872835
ENSDARG00000092609	9	1.48980087787264	1.27896424742243	1.40182239856136	0.940946148832384	4.46940263361791	0.94993	1
ENSDARG00000092624	10	1.74208838490666	1.25880449695995	1.85676760074989	1.06582858644648	5.50896718162914	0.63878	1
ENSDARG00000092638	22	1.780992059708	1.61003827246202	1.06437336107654	0.59762948143129	8.35359322497479	0.97515	1
ENSDARG00000092673	7	3.64897117476248	4.07714569904618	2.66444814056781	0.730191610993268	9.65427026966472	0.12029	0.587763619779165
ENSDARG00000092693	2	0.352948944890704	0.352948944890704	0.3828676683066	1.08476785056026	0.499145184689708	0.99556	1
ENSDARG00000092715	2	0.712027236735411	0.712027236735411	1.00695857497026	1.4142135623731	1.00695857497026	0.87437	1
ENSDARG00000092716	5	3.89195571959362	1.92047025517885	4.65017669068529	1.19481747114297	8.70267755443045	0.03203	0.303822311276794
ENSDARG00000092721	4	4.16724538419717	4.73796414711469	1.77996783140684	0.427132954098826	8.33449076839434	0.11265	0.570423731343284
ENSDARG00000092731	2	5.13669263107183	5.13669263107183	0.87668053144119	0.170670233632076	7.26438038460372	0.03133	0.301966609848485
ENSDARG00000092746	10	1.64703768880491	1.2798880740516	1.50860150132008	0.915948379065156	5.20839048876314	0.7279	1
ENSDARG00000092765	5	0.790873732563313	0.586213345141312	0.388295274494521	0.490969997493799	1.76844742763056	0.97	1
ENSDARG00000092766	15	4.32040069054214	3.06621813316671	3.92432515101929	0.908324350472885	16.7328399234127	0.00086	0.0255191836734694
ENSDARG00000092774	14	1.61782837648834	1.18009012741741	1.20429824468573	0.744391841673452	6.05335949542009	0.97009	1
ENSDARG00000092775	2	1.04983575730363	1.04983575730363	1.48469196624302	1.41421356237309	1.48469196624302	0.79031	1
ENSDARG00000092787	4	1.60731464270687	1.45583655402549	0.799184786929696	0.497217387122033	3.21462928541375	0.74823	1
ENSDARG00000092816	23	2.61660336150655	1.87636397003357	2.21445171910316	0.846307755955858	12.5487888851192	0.06199	0.427379526066351
ENSDARG00000092846	6	1.81298143918685	1.72109560160988	0.67950866282114	0.374801775756684	4.44087943914448	0.47273	0.974910534846029
ENSDARG00000092847	1	0.672047099600039	0.672047099600039	NA	NA	0.672047099600039	0.86946	1
ENSDARG00000092853	1	1.43956230368816	1.43956230368816	NA	NA	1.43956230368816	0.59588	1
ENSDARG00000092855	12	1.57072672658035	1.66947074711508	1.12723321586381	0.71765075158422	5.44115699048705	0.72806	1
ENSDARG00000092856	1	2.44566415994445	2.44566415994445	NA	NA	2.44566415994445	0.30907	0.850193097297297
ENSDARG00000092873	9	4.19186215666802	3.9746454589825	0.930017036635002	0.221862504509033	12.5755864700041	0.72253	1
ENSDARG00000092882	4	0.795878167273245	0.774191124692038	0.688256755436075	0.864776524520215	1.59175633454649	0.96154	1
ENSDARG00000092896	2	0.605459453688657	0.605459453688657	0.0396293456097714	0.0654533435200928	0.856248970873504	0.95346	1
ENSDARG00000092927	2	1.01495162690511	1.01495162690511	0.0464868237481056	0.0458020091951157	1.43535835592185	0.76339	1
ENSDARG00000092946	1	0.239558005636781	0.239558005636781	NA	NA	0.239558005636781	1	1
ENSDARG00000092950	6	4.90941912467089	4.10246291424248	3.21676802921925	0.655223754080049	12.0255717889049	0.00868	0.135239785932722
ENSDARG00000092954	3	2.18151996566185	2.5349689112278	1.01123352398298	0.463545390324303	3.77850341825224	0.55675	1
ENSDARG00000092970	1	84.6201778820971	84.6201778820971	NA	NA	84.6201778820971	0	0
ENSDARG00000092976	32	1.65877267106575	1.72099787727732	1.0342372130858	0.623495450055439	9.38343523326012	0.80358	1
ENSDARG00000092987	1	3.50403380755984	3.50403380755984	NA	NA	3.50403380755984	0.14276	0.629730675909879
ENSDARG00000093022	6	2.36802187955278	2.21978533232135	1.63312350568428	0.689657270393428	5.80044530465068	0.37703	0.91123887544484
ENSDARG00000093024	1	33.0276662913257	33.0276662913257	NA	NA	33.0276662913257	4e-05	0.00216553191489362
ENSDARG00000093058	1	0.982080478597003	0.982080478597003	NA	NA	0.982080478597003	0.80913	1
ENSDARG00000093061	2	1.43324321658336	1.43324321658336	0.62666737929827	0.437237289559375	2.02691199507143	0.66529	1
ENSDARG00000093062	3	1.6753152534595	2.01038949386681	1.21807991117698	0.727075043733806	2.90173113768698	0.54312	1
ENSDARG00000093065	13	2.95865428100842	3.39727142101615	1.29797345966125	0.438703997284485	10.6675797165469	0.0511	0.386688327137546
ENSDARG00000093068	11	5.0538378810858	1.51348207269889	10.3819326290706	2.05426704879582	16.7616840028464	0.00097	0.0278888700564972
ENSDARG00000093089	5	4.48040287584645	4.82846293650295	2.00405771221655	0.447294086659101	10.0184853969782	0.0129	0.175295327102804
ENSDARG00000093108	3	0.841896580944857	1.08612743914641	0.75021426314313	0.891100261152229	1.45820765291502	0.89301	1
ENSDARG00000093111	5	1.22708823127307	0.866008240221108	0.530420209647343	0.432259226459246	2.74385269951658	0.79888	1
ENSDARG00000093112	2	7.2418841640088	7.2418841640088	6.69416456067924	0.924367803885672	10.2415708018762	0.01229	0.169863500678426
ENSDARG00000093120	9	3.05716721009264	3.13770200084397	2.26795399797835	0.741848201986188	9.17150163027791	0.11412	0.575006613861386
ENSDARG00000093125	47	1.78581504770663	1.646135007956	1.44597125430729	0.809698213801158	12.2429311472754	0.86719	1
ENSDARG00000093143	6	1.58407881524445	0.946877444183131	1.48034332444345	0.934513680883363	3.88018480970142	0.70219	1
ENSDARG00000093157	1	4.80051336728305	4.80051336728305	NA	NA	4.80051336728305	0.05944	0.418961440443213
ENSDARG00000093176	1	3.43755123666546	3.43755123666546	NA	NA	3.43755123666546	0.14672	0.635994957410562
ENSDARG00000093182	9	2.13877494366988	0.866008240221108	2.65522842162005	1.24147163285166	6.41632483100964	0.32276	0.867225786694826
ENSDARG00000093205	2	1.65772415410054	1.65772415410054	0.74768029105018	0.451028169675107	2.34437598140245	0.47647	0.97721514809591
ENSDARG00000093233	2	1.86229123286619	1.86229123286619	0.34931246846646	0.187571343462131	2.63367751860788	0.48061	0.97776206662677
ENSDARG00000093235	11	2.46709863442252	2.01038949386681	1.7728857825491	0.718611634659707	8.1824404911777	0.36455	0.906030849609375
ENSDARG00000093240	30	7.48008612087214	7.25439980049103	5.74837535557941	0.768490531083508	40.9701190048299	0	0
ENSDARG00000093253	5	2.37672970557253	1.79434871282275	2.40951889039264	1.01379592502388	5.31452918580323	0.26238	0.807286469165659
ENSDARG00000093269	2	1.05780207062011	1.05780207062011	0.517959115363216	0.489655985509253	1.4959580345773	0.75387	1
ENSDARG00000093317	1	3.04247269180471	3.04247269180471	NA	NA	3.04247269180471	0.15337	0.648255755813954
ENSDARG00000093331	1	1.17146335452199	1.17146335452199	NA	NA	1.17146335452199	0.72918	1
ENSDARG00000093336	1	0.324768154399151	0.324768154399151	NA	NA	0.324768154399151	0.89957	1
ENSDARG00000093349	2	4.34319689352762	4.34319689352762	0.120561043037955	0.0277585948768796	6.14220795088346	0.04847	0.375308912547529
ENSDARG00000093354	1	3.6535575113224	3.6535575113224	NA	NA	3.6535575113224	0.11364	0.573155559960357
ENSDARG00000093357	31	1.47284720372211	1.34995904567657	0.924276854071737	0.62754429090536	8.20046617277784	0.98265	1
ENSDARG00000093359	12	1.35539833904375	1.4268736982548	0.59678122864976	0.440299513035257	4.69523757543649	0.93607	1
ENSDARG00000093364	3	0.794415669796346	0.828758104235495	0.133693359286111	0.168291442841736	1.37596830241613	0.9424	1
ENSDARG00000093374	8	5.06347312548249	5.45669934366877	3.25521415572019	0.642881689119266	14.3216647335381	0.0652	0.438602511566424
ENSDARG00000093378	29	4.35715639826637	2.74374837577984	4.20847606993384	0.965876752004659	23.464005295125	2e-05	0.00120449704142012
ENSDARG00000093381	4	3.83956628520959	3.2118723075434	2.57481453954412	0.670600361676937	7.67913257041917	0.04846	0.375308912547529
ENSDARG00000093382	2	3.08994983894836	3.08994983894836	2.72746235732729	0.882688231034701	4.36984896929334	0.35752	0.898880750617284
ENSDARG00000093401	2	0.311838634723692	0.311838634723692	0.441006426498154	1.4142135623731	0.441006426498154	0.95506	1
ENSDARG00000093413	22	4.02816173017796	2.373280218241	4.3980970303229	1.09183725106504	18.8937532623443	0.32107	0.86473947075946
ENSDARG00000093420	5	1.62049093862027	1.29874328405844	1.36134461789414	0.84008159839093	3.62352789567737	0.84914	1
ENSDARG00000093427	2	3.51497660547495	3.51497660547495	1.41574587354209	0.402775333223247	4.97092758688682	0.08975	0.511178231673195
ENSDARG00000093448	6	3.53685734200772	3.9930698275404	2.0089359342406	0.568000272552755	8.66349578093529	0.85092	1
ENSDARG00000093452	2	1.20133776165404	1.20133776165404	0.889863314624472	0.740726998707906	1.69894815552208	0.65078	1
ENSDARG00000093453	30	2.12888276045492	1.30995812700263	1.58926616410005	0.746525921305523	11.6603711018502	0.81946	1
ENSDARG00000093456	31	3.94978016406887	3.21026122397325	3.05287276870618	0.772922198677825	21.9914452385156	0.04459	0.36168683081811
ENSDARG00000093462	2	2.22225319262261	2.22225319262261	0.858375553892388	0.386263616019095	3.14274060403381	0.36218	0.903940176557136
ENSDARG00000093469	7	6.83450432384504	4.86413825180814	5.68271131678238	0.831473805196941	18.0823987752896	0.00035	0.0125876325088339
ENSDARG00000093471	3	1.24016793292043	1.28063326167805	0.722800015889771	0.582824306856309	2.14803386973586	0.74867	1
ENSDARG00000093480	5	2.41298534889416	1.42405447347082	2.27371712198397	0.942283848936749	5.39559926883839	0.23293	0.770842092947676
ENSDARG00000093496	4	0.640363250188271	0.551294973327314	0.30211552106926	0.471787725139498	1.28072650037654	0.97662	1
ENSDARG00000093503	6	2.98424037268887	2.74399969058351	0.913819775200148	0.306215204231948	7.30986618290084	0.10557	0.557866141895391
ENSDARG00000093535	10	1.51121602558525	1.44632569036041	1.08949375323755	0.720938459354689	4.77888467739669	0.76551	1
ENSDARG00000093549	11	5.69189667742348	5.24498998857882	3.02230347488213	0.530983544882305	18.8778856244842	0.70885	1
ENSDARG00000093563	9	1.42155796942913	1.6016534780358	0.475876851316874	0.334757260379593	4.2646739082874	0.7618	1
ENSDARG00000093572	9	1.21799916754224	0.624047929317006	1.09902447166605	0.902319558956458	3.65399750262672	0.95711	1
ENSDARG00000093585	3	0.946820672362419	1.14980204167445	0.472438651452099	0.498973739423447	1.63994151018824	0.97509	1
ENSDARG00000093608	3	6.29312579790671	7.4556520543582	3.23240458163844	0.513640547709	10.9000136203969	0.00679	0.116344478114478
ENSDARG00000093656	4	1.69223610214545	1.00513390930607	1.70992975409088	1.01045578209979	3.38447220429091	0.51189	0.995344240687679
ENSDARG00000093730	5	2.11337847781221	2.51747195985716	1.23669005438466	0.585172068026779	4.72565793857313	0.33125	0.874616624319419
ENSDARG00000093745	3	1.14103182100445	1.1517651305371	0.0600626660139741	0.0526389053384164	1.97632508703254	0.8952	1
ENSDARG00000093753	2	1.19258636954316	1.19258636954316	0.224950921147931	0.188624427456858	1.68657181810922	0.72099	1
ENSDARG00000093760	2	7.11737468588628	7.11737468588628	2.63069809095347	0.369616355335364	10.0654878092713	0.01858	0.221437049180328
ENSDARG00000093768	2	1.1166925162349	1.1166925162349	0.800207213948977	0.716586887003594	1.57924170145993	0.89629	1
ENSDARG00000093781	5	1.67338927008718	1.6244208892013	0.752684389439497	0.449796352166334	3.74181216073369	0.54064	1
ENSDARG00000093783	2	3.02701953994251	3.02701953994251	0.402521575504178	0.132976206526841	4.28085208695506	0.13966	0.621538906864889
ENSDARG00000093794	1	0.74741962932381	0.74741962932381	NA	NA	0.74741962932381	0.86564	1
ENSDARG00000093798	3	1.75700292346415	2.45496365704634	1.53228241826273	0.872100096021264	3.04321833248697	0.50917	0.993203491759295
ENSDARG00000093799	14	2.69507780782166	2.38643289483834	1.70008483754698	0.630811041007049	10.0840577875665	0.13118	0.60661064970468
ENSDARG00000093804	2	1.1706935231553	1.1706935231553	1.2276257499612	1.04863119653422	1.65561065782856	0.86065	1
ENSDARG00000093821	9	1.65307139775893	1.94572537774222	0.969272844271709	0.586346630632985	4.9592141932768	0.61732	1
ENSDARG00000093833	6	2.96723851236652	2.90995451690722	2.48341055444447	0.836943354602064	7.268220300433	0.12775	0.599741466789668
ENSDARG00000093864	12	0.852287486924757	0.558752866012154	0.605781218257059	0.710770986962218	2.95241046001775	0.99675	1
ENSDARG00000093874	4	1.92920981934975	2.14170148596536	1.5845831165211	0.821363804303664	3.85841963869951	0.39505	0.926020013805798
ENSDARG00000093899	2	4.48877957262699	4.48877957262699	6.3480929501124	1.4142135623731	6.34809295011239	0.06046	0.42329
ENSDARG00000093901	7	2.18749604491305	1.86434111241728	1.29502580684224	0.592012867796394	5.7875705287773	0.29975	0.845112326869806
ENSDARG00000093954	1	7.52974975606738	7.52974975606738	NA	NA	7.52974975606738	0.02857	0.285801429970617
ENSDARG00000093978	3	1.28546737907365	0.751722452661894	1.13562337787789	0.88343228024678	2.22649481202797	0.86969	1
ENSDARG00000093993	2	1.44841783158443	1.44841783158443	0.363269476225788	0.250804338571561	2.04837214140973	0.67888	1
ENSDARG00000093997	4	2.77633520237289	2.82162147807228	0.206411407283974	0.07434671689051	5.55267040474578	0.14625	0.635039462457338
ENSDARG00000093999	8	3.32282532454179	2.9479842250729	2.75211532203464	0.828245560098514	9.39836927872755	0.04937	0.378094702784048
ENSDARG00000094003	6	1.19532810571431	1.1416058089209	0.767403998780132	0.642002806686739	2.92794393420766	0.95576	1
ENSDARG00000094004	5	6.22030444296362	5.24496020086917	5.09007547164373	0.818300055618918	13.9090235752106	0.00082	0.0245469411764706
ENSDARG00000094026	3	0.732337137061488	0.167969047388973	1.12611577291132	1.53770130711911	1.26844512966003	0.96789	1
ENSDARG00000094043	11	2.88815429854647	2.18641395806165	1.2732400207718	0.440849029919416	9.57892414493073	0.06273	0.430286087542088
ENSDARG00000094052	8	2.84910817039834	2.93188974400764	1.23381057219893	0.433051501876262	8.05849483049067	0.56966	1
ENSDARG00000094074	2	1.60165843961311	1.60165843961311	0.305615459100997	0.190811880699621	2.26508708759019	0.53308	1
ENSDARG00000094105	3	1.85224932437698	1.94572537774222	0.461023621338574	0.248899332973785	3.20818993810606	0.41606	0.93900040247678
ENSDARG00000094107	1	0.74741962932381	0.74741962932381	NA	NA	0.74741962932381	0.86569	1
ENSDARG00000094109	5	1.59196256373219	1.28792818639663	1.00038319591481	0.628396181358384	3.55973651014002	0.60757	1
ENSDARG00000094112	10	1.18174013547059	1.06659295228317	0.60380302197147	0.510943991701718	3.73699043052299	0.95983	1
ENSDARG00000094124	3	3.67691590197793	3.31838585467623	0.67799277828816	0.184391701187249	6.36860515738372	0.15703	0.658448299711816
ENSDARG00000094128	5	1.07043869397726	0.7401980086362	0.790532748269417	0.738512866469878	2.39357368547924	0.92403	1
ENSDARG00000094133	23	4.5758741189529	4.87527457128216	1.38538383304435	0.302758292083736	21.9451213463852	0	0
ENSDARG00000094160	6	1.5637482941841	1.48521734718145	0.894724515879389	0.572166581544518	3.83038540689865	0.83311	1
ENSDARG00000094171	21	1.89089789061707	1.51348207269889	1.48150800941976	0.783494453492829	8.66518271518505	0.52589	1
ENSDARG00000094176	1	3.76639592362238	3.76639592362238	NA	NA	3.76639592362238	0.12562	0.598169149722736
ENSDARG00000094210	4	1.32014310239135	1.44235098388372	1.16293334356044	0.880914608010197	2.6402862047827	0.72929	1
ENSDARG00000094214	1	1.76928232284804	1.76928232284804	NA	NA	1.76928232284804	0.54846	1
ENSDARG00000094243	4	2.78887039060946	2.95831545542539	1.53775657834611	0.551390478210807	5.57774078121891	0.16708	0.670536428852976
ENSDARG00000094249	3	1.7202632613676	2.06808100488002	0.917706761833346	0.533468790761581	2.97958337108282	0.54735	1
ENSDARG00000094262	2	1.7709778379003	1.7709778379003	2.2240785182564	1.25584774165966	2.50454087702078	0.59153	1
ENSDARG00000094271	1	1.28792818639663	1.28792818639663	NA	NA	1.28792818639663	0.66176	1
ENSDARG00000094272	2	3.43343630546829	3.43343630546829	0	0	4.85561218873743	0.12949	0.603456602564103
ENSDARG00000094295	4	2.66163178659473	1.47339777665914	3.44130333309475	1.29292990504052	5.32326357318945	0.19276	0.71681084398977
ENSDARG00000094309	6	1.80794347745988	1.62936693782782	1.47978428647376	0.818490348245195	4.42853900356972	0.49747	0.986808850865254
ENSDARG00000094328	2	5.0479329278886	5.0479329278886	7.13885520856979	1.4142135623731	7.13885520856979	0.03258	0.306656931608133
ENSDARG00000094336	1	2.3803428662894	2.3803428662894	NA	NA	2.3803428662894	0.32595	0.870624412997903
ENSDARG00000094377	6	2.08042499509318	1.62690783378299	1.76358377979674	0.847703610539322	5.09597968611048	0.35385	0.893192019826518
ENSDARG00000094409	2	2.53679233757392	2.53679233757392	0.023637127185703	0.00931772255678939	3.58756612872118	0.61375	1
ENSDARG00000094417	3	0.98554926464071	0.977150514986991	0.315017552228945	0.319636535210431	1.70702139971986	0.87904	1
ENSDARG00000094422	1	2.67960207799539	2.67960207799539	NA	NA	2.67960207799539	0.2786	0.825739895165987
ENSDARG00000094428	2	1.47980024794678	1.47980024794678	0.496057889897144	0.335219493702222	2.09275358024941	0.57161	1
ENSDARG00000094441	4	2.09486055190934	2.38143389732692	1.34686525506844	0.642937905265748	4.18972110381867	0.42894	0.945452484848485
ENSDARG00000094451	11	8.66698155849603	5.57683928076151	7.10038415727444	0.819245328878554	28.745125894461	0	0
ENSDARG00000094473	2	2.04943485383596	2.04943485383596	2.89833856549493	1.41421356237309	2.89833856549493	0.33029	0.873657942322681
ENSDARG00000094485	2	2.39618094731192	2.39618094731192	0.224368786517605	0.0936359947145503	3.38871159358853	0.24801	0.790005150187735
ENSDARG00000094488	17	2.59925475316738	2.50129997191463	1.44708999302036	0.556732652410073	10.7170018951979	0.1431	0.629961851211073
ENSDARG00000094512	10	1.80290138475717	1.76146128617091	0.813588756624371	0.451266366259933	5.70127477250424	0.70693	1
ENSDARG00000094514	2	1.26415856910896	1.26415856910896	0.629932637839893	0.498301916573566	1.78779019342406	0.71324	1
ENSDARG00000094522	13	1.99359869181798	2.02747252646523	1.34579357085945	0.675057410692927	7.18802230604765	0.90018	1
ENSDARG00000094533	4	1.21809257410845	1.46082141297466	0.850812365010012	0.69847923145968	2.43618514821689	0.90922	1
ENSDARG00000094551	11	2.44313609868916	1.83056614575414	1.71730857837518	0.702911548520192	8.10296575112466	0.19636	0.722542328271873
ENSDARG00000094557	8	5.08011251068918	5.10789053829487	0.885974770409136	0.174400619778585	14.3687280219957	0.00126	0.0336595275590551
ENSDARG00000094563	2	3.87340742507392	3.87340742507392	5.01710791406313	1.29526986538665	5.47782531313618	0.06995	0.45289510178117
ENSDARG00000094577	12	1.76774202050043	1.26276769691324	1.60629876012793	0.908672612575677	6.12363798836242	0.8673	1
ENSDARG00000094578	1	2.26038658306408	2.26038658306408	NA	NA	2.26038658306408	0.36416	0.906030849609375
ENSDARG00000094587	1	15.2433633821075	15.2433633821075	NA	NA	15.2433633821075	0.00077	0.0233245833333333
ENSDARG00000094597	1	2.19315229999806	2.19315229999806	NA	NA	2.19315229999806	0.33927	0.882050015321757
ENSDARG00000094605	4	1.26322698452185	1.27695722408643	0.813765586727954	0.644195854505099	2.5264539690437	0.77086	1
ENSDARG00000094625	3	4.12315297105398	3.80123645393302	1.68232290020572	0.408018550855676	7.14151043324407	0.05202	0.389881855670103
ENSDARG00000094637	2	7.45195994927172	7.45195994927172	0.0390182224252549	0.00523596781126932	10.5386628265212	0.00946	0.141802474226804
ENSDARG00000094646	10	2.09958690698058	1.63218126692787	1.87287268734378	0.892019606865029	6.63947677152673	0.66903	1
ENSDARG00000094647	2	2.11556768517447	2.11556768517447	1.34442275662669	0.6354903064781	2.99186451249199	0.34629	0.88694
ENSDARG00000094673	4	2.70152771451866	2.10605895974749	2.06945633869874	0.766031874326877	5.40305542903733	0.84969	1
ENSDARG00000094681	5	2.65857102726895	1.23241785660833	2.74220342566055	1.03145765057009	5.94474553998482	0.1899	0.712159985261607
ENSDARG00000094688	3	2.92634856025161	2.3331065642714	1.09200388665774	0.373162616883837	5.06858438701183	0.1428	0.629730675909879
ENSDARG00000094695	10	2.22682608520311	1.39988565278832	2.53116391134418	1.13666887960553	7.04184238231801	0.31496	0.857129112299465
ENSDARG00000094696	4	1.81583520241388	1.90981289861631	0.561155653355387	0.309034461172146	3.63167040482775	0.76924	1
ENSDARG00000094704	3	10.1814778436323	12.8797760619738	5.52275572668059	0.542431640229381	17.634836921308	0.00089	0.0258812
ENSDARG00000094709	20	1.83312116222565	1.95425216960108	1.09349734349768	0.596522131777714	8.19796705945994	0.76902	1
ENSDARG00000094719	1	2.67960207799539	2.67960207799539	NA	NA	2.67960207799539	0.27907	0.826170581733566
ENSDARG00000094730	4	10.5324979504652	6.58210067231657	11.9334239570171	1.13300985323145	21.0649959009303	0.00094	0.0271028895184136
ENSDARG00000094757	2	2.58028188031966	2.58028188031966	0.781073152357141	0.302708459224764	3.64906962989362	0.33327	0.876265063291139
ENSDARG00000094770	2	0	0	0	0	0	1	1
ENSDARG00000094801	1	2.21616773084081	2.21616773084081	NA	NA	2.21616773084081	0.54127	1
ENSDARG00000094809	12	2.59836295019107	2.50652026566168	1.17504910345572	0.452226700418936	9.00099329247098	0.18394	0.701824561797753
ENSDARG00000094836	6	1.52073284400065	1.1918926197102	1.14764620417758	0.754666546925116	3.72501950289308	0.98358	1
ENSDARG00000094860	13	3.115684132056	3.83565230325179	1.97013507108343	0.632328242395791	11.2337588962774	0.36124	0.903144367477278
ENSDARG00000094868	5	0.681250063613726	0.705060866783629	0.635818555289809	0.933311553641664	1.52332145191635	0.99538	1
ENSDARG00000094965	14	2.27536950243889	2.36871489697799	1.76277356561031	0.774719694414843	8.51365310644061	0.79655	1
ENSDARG00000094977	6	1.06361539762449	0.795789565853732	1.02518197716169	0.963865302675537	2.60531500674744	0.90262	1
ENSDARG00000095017	1	1.12903435013942	1.12903435013942	NA	NA	1.12903435013942	0.76868	1
ENSDARG00000095019	6	1.98380967728611	0.69516242720527	2.62528994104796	1.32335776516596	4.85932145614633	0.70144	1
ENSDARG00000095022	40	2.02998920343566	1.51766969498719	1.70811825825622	0.841442040856823	12.8387790168152	0.53686	1
ENSDARG00000095030	20	3.70150413125219	3.42577971994372	2.14319248456129	0.579005833457293	16.5536297129524	0.00261	0.0580012663755458
ENSDARG00000095046	11	2.14228532494196	2.13677230477683	1.4389857288413	0.671705917081929	7.10515661671709	0.31492	0.857129112299465
ENSDARG00000095067	1	0	0	NA	NA	0	1	1
ENSDARG00000095090	1	1.92870913052087	1.92870913052087	NA	NA	1.92870913052087	0.37457	0.909903005008347
ENSDARG00000095125	1	4.09886970767191	4.09886970767191	NA	NA	4.09886970767191	0.16203	0.66518023246493
ENSDARG00000095135	8	1.93526997901221	1.76518130427833	1.20547215045235	0.622896114508862	5.47377010234514	0.41656	0.93900040247678
ENSDARG00000095152	20	3.83818587854593	3.20958170821849	3.13495876683976	0.816781382153232	17.1648890694169	0.00214	0.0499562385321101
ENSDARG00000095157	6	4.27465396795718	4.85617610483572	1.2356582095146	0.28906625396514	10.4707210484585	0.02608	0.270307780040733
ENSDARG00000095167	2	2.92312460257976	2.92312460257976	0.721116592545784	0.246693757737653	4.13392245747476	0.16786	0.671571965408805
ENSDARG00000095170	14	1.86281483163307	1.80597455061824	1.40354716061041	0.753455006249852	6.97001487497194	0.7836	1
ENSDARG00000095180	1	1.92600702170075	1.92600702170075	NA	NA	1.92600702170075	0.68419	1
ENSDARG00000095184	3	1.14004459055366	0.881028429036563	1.28921720985304	1.13084805676498	1.97461515373299	0.7634	1
ENSDARG00000095191	7	7.05649175643735	2.61151477916175	8.55553329588578	1.21243439249836	18.6697223161106	0.00024	0.00943135135135135
ENSDARG00000095236	1	1.04782277521322	1.04782277521322	NA	NA	1.04782277521322	0.79005	1
ENSDARG00000095241	16	1.44753631765325	0.818431217448918	2.13221168769236	1.47299356961841	5.79014527061301	0.8584	1
ENSDARG00000095268	5	0.645477694942622	0.394683665046189	0.725180070090601	1.12347812445334	1.44333200385157	0.98664	1
ENSDARG00000095272	1	0.982080478597003	0.982080478597003	NA	NA	0.982080478597003	0.80892	1
ENSDARG00000095283	5	2.03817685926546	1.42405447347082	1.67070938829223	0.819707760245271	4.55750200748459	0.36356	0.905829542227662
ENSDARG00000095291	3	3.28101272188359	1.66871728755481	4.3190858847894	1.31638803348189	5.68288073458224	0.1062	0.559184480082773
ENSDARG00000095294	8	5.12743772811176	3.28579799240155	5.33023736087768	1.03955184704712	14.5025839506383	0.77286	1
ENSDARG00000095322	4	3.01376253784578	1.97511506712012	2.57588673860293	0.854707929458889	6.02752507569156	0.11024	0.564858521126761
ENSDARG00000095347	5	2.43118037840317	2.15974409192154	0.913710649632284	0.375830052656324	5.43628459167314	0.93174	1
ENSDARG00000095385	3	2.04827113312007	1.96770110303155	0.425597598899765	0.20778381925027	3.54770967024063	0.34339	0.884196048570706
ENSDARG00000095400	1	1.71077433334494	1.71077433334494	NA	NA	1.71077433334494	0.49099	0.983606246801811
ENSDARG00000095427	8	1.53273988661195	1.55330767815068	0.861822347018266	0.562275670220393	4.33524307047365	0.84363	1
ENSDARG00000095446	1	5.15349186273935	5.15349186273935	NA	NA	5.15349186273935	0.04823	0.374876717557252
ENSDARG00000095458	2	2.06640794898757	2.06640794898757	0.625064094343153	0.302488235514871	2.92234214685379	0.34302	0.884076896988104
ENSDARG00000095464	5	3.56667512873535	1.54184275175628	4.5629705580473	1.27933450436379	7.97532804151006	0.05784	0.412315762237762
ENSDARG00000095497	2	0.586213345141312	0.586213345141312	0	0	0.829030863142944	1	1
ENSDARG00000095507	1	0.57283524865554	0.57283524865554	NA	NA	0.57283524865554	0.8997	1
ENSDARG00000095510	8	3.60755908340217	2.37004366650456	4.45158728201531	1.23396101882195	10.2037179656192	0.02172	0.242381005464481
ENSDARG00000095512	2	0.265646193441498	0.265646193441498	0.375680449557753	1.4142135623731	0.375680449557753	0.98606	1
ENSDARG00000095515	4	4.08408852082901	4.27557171287743	0.87275029642083	0.213695244843438	8.16817704165803	0.0316	0.30324536950421
ENSDARG00000095518	1	2.19315229999806	2.19315229999806	NA	NA	2.19315229999806	0.34248	0.884076896988104
ENSDARG00000095533	4	1.67603039940109	1.59348478632827	0.3642487221414	0.217328231201272	3.35206079880217	0.76565	1
ENSDARG00000095580	16	1.18145252286712	1.15149016604438	0.889665115257385	0.753026548285127	4.72581009146849	0.99074	1
ENSDARG00000095594	1	3.26360482801612	3.26360482801612	NA	NA	3.26360482801612	0.18124	0.69688731394031
ENSDARG00000095595	6	3.6566674969937	3.58443703611115	0.743904675055984	0.203437877703559	8.95696952665471	0.0306	0.298893282149712
ENSDARG00000095603	12	2.2870938688196	2.1708230666409	1.92331680046299	0.840943533924837	7.92272556494965	0.57969	1
ENSDARG00000095614	18	1.84141538990062	1.08728299000566	1.80002319498423	0.977521533086228	7.81246385507998	0.69535	1
ENSDARG00000095639	1	1.32952020692114	1.32952020692114	NA	NA	1.32952020692114	0.65234	1
ENSDARG00000095643	7	1.81752258456781	1.88597417389808	0.665935800822159	0.366397538317529	4.80871276100979	0.57966	1
ENSDARG00000095663	1	3.43343630546829	3.43343630546829	NA	NA	3.43343630546829	0.18047	0.695355412566238
ENSDARG00000095675	27	1.6791136619312	1.28063326167805	1.42031748224419	0.845873340468591	8.72493052244362	0.79697	1
ENSDARG00000095695	5	3.19469674956321	3.18265491169938	0.906704992165597	0.28381566804097	7.14355909952096	0.07744	0.476386944444444
ENSDARG00000095698	7	2.81556807323798	2.89017384886327	0.49618167081907	0.176227907801372	7.44929292116099	0.11105	0.567403062248996
ENSDARG00000095708	1	1.42579946951914	1.42579946951914	NA	NA	1.42579946951914	0.60904	1
ENSDARG00000095715	1	1.08893757952176	1.08893757952176	NA	NA	1.08893757952176	0.72751	1
ENSDARG00000095731	5	4.916494229088	5.25719022651858	2.95936678558685	0.601926219719332	10.9936153072262	0.01568	0.200491256281407
ENSDARG00000095732	4	1.99828144592747	0.931908536854619	2.37180563443177	1.18692271264668	3.99656289185494	0.7114	1
ENSDARG00000095750	7	2.36283364555051	1.64500960838496	1.56863916107135	0.663880491132027	6.25147021554279	0.26188	0.806235523290986
ENSDARG00000095754	15	5.70175952747917	4.48457924062159	4.68019123149637	0.820832798882619	22.0828196940063	2e-05	0.00120449704142012
ENSDARG00000095763	1	1.28792818639663	1.28792818639663	NA	NA	1.28792818639663	0.66632	1
ENSDARG00000095767	1	3.03878918785245	3.03878918785245	NA	NA	3.03878918785245	0.32231	0.866245360443623
ENSDARG00000095774	11	1.84645953340487	1.71874194078945	0.967244638321834	0.523837441776065	6.12401346287866	0.75523	1
ENSDARG00000095793	3	2.41517172513345	1.98964228258538	0.878410995047565	0.363705398629171	4.18320013693492	0.24567	0.78753154619736
ENSDARG00000095817	4	1.3294354122051	0.692039738082864	1.77984069074385	1.33879440430405	2.65887082441021	0.77287	1
ENSDARG00000095819	15	3.23140964916538	1.84970835136764	2.75551307072427	0.85272787108127	12.5151957559915	0.01285	0.175083400267738
ENSDARG00000095833	42	1.85070116516825	1.74477457455977	1.31331149938133	0.709629152506602	11.9939143616967	0.79847	1
ENSDARG00000095836	1	3.5126150924003	3.5126150924003	NA	NA	3.5126150924003	0.36421	0.906030849609375
ENSDARG00000095843	1	2.72341198360104	2.72341198360104	NA	NA	2.72341198360104	0.16852	0.672889980384465
ENSDARG00000095844	2	3.42703857215326	3.42703857215326	1.20847563375069	0.352629714637669	4.84656442751486	0.139	0.620180061349693
ENSDARG00000095848	1	6.4586331299016	6.4586331299016	NA	NA	6.4586331299016	0.0728	0.463805982478098
ENSDARG00000095860	1	1.30468221018607	1.30468221018607	NA	NA	1.30468221018607	0.63819	1
ENSDARG00000095868	5	1.52542188927657	1.71077433334494	0.615719153340274	0.403638598389511	3.41094703878857	0.68807	1
ENSDARG00000095879	7	2.63184892959574	2.82921636758468	1.25642752888388	0.477393483628589	6.96321775600186	0.19807	0.72490343761237
ENSDARG00000095888	3	1.36947277162967	1.43956230368816	0.381209870392825	0.278362504381292	2.37199642004476	0.67156	1
ENSDARG00000095890	19	1.95629922762459	1.98964228258538	0.988747631055398	0.505417380477101	8.52731063654228	0.52765	1
ENSDARG00000095896	6	2.38037706475344	2.02967320676848	1.46105530524714	0.613791540374499	5.83070920406988	0.75566	1
ENSDARG00000095897	1	10.1012016973546	10.1012016973546	NA	NA	10.1012016973546	0.02192	0.242723173913043
ENSDARG00000095904	4	1.59509988850304	1.40128148462069	0.641962224888699	0.402458949132748	3.19019977700609	0.77271	1
ENSDARG00000095906	8	2.16749975047689	1.9178618083233	1.49789419225912	0.691070064450781	6.13061508712945	0.52777	1
ENSDARG00000095907	7	3.31680851183885	2.87496836389162	2.91824979801293	0.879836682641363	8.77545046874784	0.04431	0.361685408
ENSDARG00000095908	3	3.21406893736215	2.19132179951918	2.84094054656055	0.883907782292984	5.56693069854016	0.14288	0.629810584668688
ENSDARG00000095919	2	2.22544569881305	2.22544569881305	2.57014758774545	1.15489117039173	3.14725548958628	0.33252	0.87610369143153
ENSDARG00000095921	3	3.77566968628987	3.59735011622441	0.660810261415361	0.175018027613719	6.5396517292517	0.43944	0.952828050234142
ENSDARG00000095922	2	7.19044503618773	7.19044503618773	7.8713086965739	1.09469005839827	10.168824889675	0.00529	0.0970119279279279
ENSDARG00000095929	1	0.490060976229897	0.490060976229897	NA	NA	0.490060976229897	0.88827	1
ENSDARG00000095946	8	3.35637085467701	1.22993218739503	6.33130924917827	1.88635568693363	9.49325036607601	0.03756	0.332738930112166
ENSDARG00000095947	5	0.957156407785849	0.887504528734443	0.696509859566971	0.727686566063094	2.14026679290867	0.95439	1
ENSDARG00000095949	14	2.98750557723127	1.77022602514953	2.75028106169858	0.920594452662897	11.1782223110757	0.04158	0.350734047815334
ENSDARG00000095950	3	3.46619569924877	3.44175437370784	0.255294274805239	0.0736525854153501	6.0036270600756	0.08684	0.50339367881549
ENSDARG00000095967	4	3.41083562988961	2.65436496297067	2.56770127063997	0.752807097515594	6.82167125977921	0.84077	1
ENSDARG00000095998	1	2.55483363774512	2.55483363774512	NA	NA	2.55483363774512	0.25537	0.798511784946237
ENSDARG00000096081	3	0.957863324213127	0.623677269447383	0.683773545821954	0.713852935525708	1.65906794424396	0.85102	1
ENSDARG00000096083	5	4.93472278442419	2.52101740302931	5.33486414921897	1.08108689834772	11.0343755960895	0.00763	0.12485231511254
ENSDARG00000096111	6	2.54495134589584	2.33365636806278	1.15772435252387	0.454910210519699	6.2338322176541	0.18871	0.710427411242604
ENSDARG00000096120	4	2.07695341671619	2.29166969196908	0.774824963841049	0.373058421823491	4.15390683343238	0.34	0.882785714285714
ENSDARG00000096141	1	2.59959564003683	2.59959564003683	NA	NA	2.59959564003683	0.20124	0.726355496453901
ENSDARG00000096170	1	0.851039226007627	0.851039226007627	NA	NA	0.851039226007627	0.81443	1
ENSDARG00000096172	1	4.39585456034362	4.39585456034362	NA	NA	4.39585456034362	0.12899	0.602782470156107
ENSDARG00000096222	2	2.92170178582995	2.92170178582995	3.30287942758746	1.13046425326712	4.1319102907304	0.20664	0.735121258301293
ENSDARG00000096249	25	2.45946607424425	2.598778911998	1.77981988932635	0.723661085617231	12.2973303712213	0.91771	1
ENSDARG00000096266	2	2.77070257856102	2.77070257856102	0	0	3.91836516390311	0.17344	0.6834924516628
ENSDARG00000096271	3	1.9933991484002	2.1872730695215	0.824179573636007	0.413454362262295	3.45266860479368	0.76293	1
ENSDARG00000096277	3	5.73005281514415	7.13485718778044	2.62059261912161	0.457341791369803	9.92474260588274	0.57421	1
ENSDARG00000096290	23	2.59522641595686	1.94572537774222	2.69245631263629	1.0374648994329	12.4462686557798	0.07157	0.458907304785894
ENSDARG00000096293	1	0	0	NA	NA	0	1	1
ENSDARG00000096307	6	1.87089126543206	1.89865742563273	0.965130972406663	0.515866950815967	4.58272896453847	0.45435	0.959895774006623
ENSDARG00000096319	29	3.64817651640101	2.08567095364712	5.46372658146257	1.49765959977524	19.6460317863373	0.00021	0.00854952
ENSDARG00000096346	7	0.990079675423794	0.789840121733538	0.933406319192533	0.942758792410316	2.61950459931091	0.97649	1
ENSDARG00000096359	2	2.6839325492556	2.6839325492556	2.97805561875379	1.10958660998383	3.79565381165186	0.27786	0.825739895165987
ENSDARG00000096365	13	3.26652554947176	1.78493868961357	3.71911057845213	1.13855242278866	11.7776253612336	0.03107	0.301171866666667
ENSDARG00000096369	2	2.63078731012775	2.63078731012775	0.69874857527721	0.265604358279833	3.7204950937017	0.78725	1
ENSDARG00000096373	1	0.927420832205978	0.927420832205978	NA	NA	0.927420832205978	0.82266	1
ENSDARG00000096375	17	2.44599333459762	2.05321565733753	1.9791781089963	0.809151063905858	10.0850888781028	0.70829	1
ENSDARG00000096397	4	2.35658876294406	2.36847742938469	2.25521725361569	0.956983793302262	4.71317752588811	0.24576	0.78753154619736
ENSDARG00000096411	7	1.85866414760697	2.05301296936236	1.13873279137204	0.612661944783384	4.9175631053599	0.60057	1
ENSDARG00000096422	3	3.15687254912326	2.41656166527818	2.40536286992993	0.761944878198507	5.46786364810096	0.16054	0.663656841250508
ENSDARG00000096428	12	1.12058733214185	1.00780126318115	0.714944543203456	0.638008767988601	3.8818283871755	0.96622	1
ENSDARG00000096451	11	1.65563327179708	1.81776120317886	0.810479749304848	0.489528546635889	5.49111435297943	0.6565	1
ENSDARG00000096473	5	0.54278585318903	0.522178229515474	0.467672593144318	0.861615295234024	1.21370606495589	0.99579	1
ENSDARG00000096502	1	4.87527457128216	4.87527457128216	NA	NA	4.87527457128216	0.05853	0.415134731707317
ENSDARG00000096508	2	5.35868689921852	5.35868689921852	0.387863538830007	0.0723803323695906	7.57832768938586	0.02166	0.242216289791438
ENSDARG00000096530	2	6.94278774310823	6.94278774310823	4.25259115962092	0.612519252636272	9.81858458698136	0.00646	0.111819523809524
ENSDARG00000096546	22	1.82146875014534	1.5187024631786	1.86922577917261	1.02621896698665	8.54344573170758	0.79986	1
ENSDARG00000096558	18	3.57377661634282	3.36866830837686	1.66996751487891	0.467283687302161	15.1622500791715	0.00787	0.127104025356577
ENSDARG00000096562	52	1.45101263846146	1.22138234874348	1.31909883727124	0.90908845471526	10.4634009386382	0.98564	1
ENSDARG00000096564	3	3.19687851769613	3.31254474950516	0.311108368467736	0.0973162936112882	5.53715601827517	0.1067	0.561236485788114
ENSDARG00000096569	6	4.95864525636448	4.8565402505218	3.82506218504514	0.771392585532435	12.1461506935653	0.00243	0.0550836080178174
ENSDARG00000096580	1	1.3369455356059	1.3369455356059	NA	NA	1.3369455356059	0.645	1
ENSDARG00000096583	1	0.169165932212181	0.169165932212181	NA	NA	0.169165932212181	0.95973	1
ENSDARG00000096594	3	0.979464530489404	0.95221669778229	0.392922730607993	0.401160755062425	1.69648233101924	0.90984	1
ENSDARG00000096597	8	2.64338467765152	2.52914141534522	1.48069611456791	0.560151584098392	7.47662092340802	0.14839	0.637532047277332
ENSDARG00000096608	1	0.680640997010632	0.680640997010632	NA	NA	0.680640997010632	0.8683	1
ENSDARG00000096631	1	2.18641395806165	2.18641395806165	NA	NA	2.18641395806165	0.40596	0.932452393605044
ENSDARG00000096632	5	2.52846665650508	1.6016534780358	2.27518896275168	0.89982952984498	5.65382332278698	0.19738	0.724462185358817
ENSDARG00000096637	1	2.62504894701019	2.62504894701019	NA	NA	2.62504894701019	0.29912	0.844931973392461
ENSDARG00000096662	4	1.34137173443599	1.34294242987429	1.2563732635244	0.936633172796555	2.68274346887198	0.71366	1
ENSDARG00000096668	11	2.1876255282846	1.95126264619576	1.65654153805244	0.757232678369499	7.25553305912304	0.64557	1
ENSDARG00000096669	5	1.86318980944819	0.69154966776939	2.63470109993348	1.41408088782633	4.16621906891104	0.44056	0.953040721102863
ENSDARG00000096687	3	1.59517496738192	2.10730811221127	1.41064579607936	0.884320419342196	2.76292409046752	0.67987	1
ENSDARG00000096711	9	1.19885343472702	1.39934341296504	0.682889267462802	0.569618643682077	3.59656030418105	0.98139	1
ENSDARG00000096712	1	0.927420832205978	0.927420832205978	NA	NA	0.927420832205978	0.82081	1
ENSDARG00000096713	6	4.11914443928744	4.07296494425703	1.80499275194507	0.438196032828922	10.0898020530769	0.02939	0.291267205452775
ENSDARG00000096714	2	0.67511058029968	0.67511058029968	0.10834554893344	0.160485633161527	0.954750538761378	0.93422	1
ENSDARG00000096717	12	1.98132346320475	1.55924716607539	1.68994547093561	0.852937696605156	6.86350580899789	0.42153	0.941827146923582
ENSDARG00000096728	1	2.1806381867566	2.1806381867566	NA	NA	2.1806381867566	0.45624	0.960415867631851
ENSDARG00000096756	2	1.58513024007504	1.58513024007504	0.225327736623517	0.142150929259194	2.24171268364185	0.54113	1
ENSDARG00000096770	10	5.32038979594063	5.87782287130625	2.01987361888225	0.379647675518697	16.8245497950909	0.00241	0.0547521875
ENSDARG00000096777	5	1.85977958965341	1.80088231997924	1.40068585952704	0.753146161684713	4.15859358563169	0.52439	1
ENSDARG00000096782	2	2.80290419531882	2.80290419531882	0.502099770674935	0.17913554502273	3.96390512705233	0.24603	0.78753154619736
ENSDARG00000096791	13	3.21275829285863	2.89033598316115	1.63036967066616	0.507467267080182	11.5837647605739	0.11208	0.569338223552894
ENSDARG00000096792	10	2.06352896223471	1.92636122958951	0.928727421710209	0.4500675487028	6.52545153838526	0.71644	1
ENSDARG00000096808	1	3.29120420928619	3.29120420928619	NA	NA	3.29120420928619	0.19074	0.713955664952241
ENSDARG00000096809	1	1.42579946951914	1.42579946951914	NA	NA	1.42579946951914	0.61024	1
ENSDARG00000096820	5	2.39920976958091	2.8978757313308	1.37142487226144	0.571615241672262	5.36479613706452	0.29702	0.844931973392461
ENSDARG00000096833	2	2.77915045597541	2.77915045597541	0.467684583069066	0.168283290335543	3.9303122667158	0.24745	0.789018201754386
ENSDARG00000096842	2	1.29536161886294	1.29536161886294	0.659877018637082	0.509415293017805	1.83191796957353	0.66347	1
ENSDARG00000096846	3	1.27432662707863	1.16491723718223	0.596407982765763	0.468018143929877	2.20719846353807	0.75899	1
ENSDARG00000096849	3	5.45920507184911	4.62078481702862	4.42160566604526	0.809935807109661	9.45562055338036	0.02476	0.262781313868613
ENSDARG00000096851	9	5.32572809476417	5.40887530180288	0.582661501387927	0.109405041154984	15.9771842842925	0.00012	0.00547695067264574
ENSDARG00000096857	4	1.65104400976892	1.60349921776258	0.53534007082528	0.324243368231115	3.30208801953783	0.62238	1
ENSDARG00000096867	15	1.61476607176612	1.76527452822572	1.08098119063086	0.669435164344611	6.25396210397095	0.99452	1
ENSDARG00000096875	1	2.34722030483339	2.34722030483339	NA	NA	2.34722030483339	0.43159	0.947117616892911
ENSDARG00000096877	8	2.2977698039112	2.37719904833013	1.08121509915336	0.470549790197844	6.49907443980518	0.37831	0.91199412126954
ENSDARG00000096879	2	1.3330944688627	1.3330944688627	0.0741913506989986	0.0556534832541112	1.88528027779019	0.65391	1
ENSDARG00000096881	2	3.73927978142546	3.73927978142546	0.0390486319257702	0.0104428216684242	5.28814018039939	0.18476	0.702985899065421
ENSDARG00000096889	1	0	0	NA	NA	0	1	1
ENSDARG00000096894	1	4.06882081962567	4.06882081962567	NA	NA	4.06882081962567	0.34875	0.888143786893447
ENSDARG00000096896	3	3.74283247564817	1.17193618839342	4.66628136561325	1.24672461190109	6.48277601204144	0.0681	0.448622524271845
ENSDARG00000096902	1	1.16491723718223	1.16491723718223	NA	NA	1.16491723718223	0.65973	1
ENSDARG00000096913	2	1.88693432788149	1.88693432788149	0.528141244178043	0.279893813141341	2.66852811779736	0.37292	0.909903005008347
ENSDARG00000096920	9	1.63617219585073	1.58709483460232	0.904849442781576	0.553028247929062	4.9085165875522	0.79423	1
ENSDARG00000096922	10	2.32375843787961	2.10655406147671	1.90470197539764	0.819664361126818	7.34836939573446	0.28384	0.830755905963303
ENSDARG00000096941	16	3.69127247961862	2.91395236906855	2.64960497012173	0.717802596462749	14.7650899184745	0.00312	0.065882489626556
ENSDARG00000096961	14	3.34033725009804	2.59421273577929	2.69329188821565	0.80629340290014	12.4983975461455	0.01898	0.22408111239861
ENSDARG00000096963	3	1.04596765396673	1.51348207269889	0.907531324588984	0.867647599949445	1.811669119744	0.80335	1
ENSDARG00000096971	5	3.00318575570224	2.99547478553409	1.37214699016206	0.456897142495005	6.71532749880928	0.11892	0.58591074843071
ENSDARG00000096983	3	6.27802470416771	6.48897642830391	2.28054921256369	0.363259037679437	10.873857758791	0.00543	0.0992217953321364
ENSDARG00000096991	7	3.92723239202251	2.77535991702767	4.0950723746332	1.04273747154653	10.3904802500489	0.01741	0.214786642424242
ENSDARG00000097011	2	17.374903205537	17.374903205537	10.083051720393	0.580322756398421	24.5718237581901	0.00193	0.0461115962441315
ENSDARG00000097013	12	3.44384865241908	2.87127614987813	2.29356003307871	0.665987464770738	11.9298416791349	0.02252	0.247793037837838
ENSDARG00000097016	2	0.540848602465379	0.540848602465379	0.248217638582259	0.458941074176387	0.764875428797074	0.92612	1
ENSDARG00000097033	1	2.69626191289408	2.69626191289408	NA	NA	2.69626191289408	0.35316	0.8923690367428
ENSDARG00000097040	2	7.76200397572701	7.76200397572701	0.96698956929985	0.124579885854707	10.977131293667	0.00391	0.0780313333333333
ENSDARG00000097047	15	4.97039730114076	2.87960776359836	5.70296997187826	1.14738714560491	19.2502659713524	5e-05	0.00263678756476684
ENSDARG00000097048	2	2.95821350938752	2.95821350938752	0.332059502233124	0.112250012103378	4.18354566537113	0.15826	0.660069557739558
ENSDARG00000097055	32	2.05307869992155	1.49286412207508	2.35874793178731	1.14888334863999	11.6139669681935	0.46767	0.969718224394217
ENSDARG00000097057	6	1.93722551933902	1.73970587235494	1.60514448372559	0.828579051691033	4.74521403907874	0.56925	1
ENSDARG00000097078	1	1.79709874247389	1.79709874247389	NA	NA	1.79709874247389	0.51246	0.99614550802139
ENSDARG00000097086	4	0.890517555797763	0.881028429036563	0.0857369674830057	0.0962776836063595	1.78103511159553	0.91998	1
ENSDARG00000097146	2	4.12729988304425	4.12729988304425	0.270890043221633	0.0656337195982541	5.83688347058206	0.05807	0.412734958100559
ENSDARG00000097160	39	2.01013982314398	1.6244208892013	1.93332302188026	0.961785344293328	12.5533191720351	0.39625	0.926707835477941
ENSDARG00000097170	29	3.52108755244209	2.61549194471318	2.67712899613997	0.760313101071065	18.9616367702505	0.7341	1
ENSDARG00000097187	15	1.67513808455166	1.36263079097667	1.37661775455547	0.821793598540212	6.48778190406637	0.98919	1
ENSDARG00000097196	13	7.26705879398528	7.52495217911822	4.24277310170955	0.583836352778811	26.2017531035254	0.0033	0.0685457142857143
ENSDARG00000097203	7	1.2953315583654	1.28792818639663	0.679395823819425	0.524495693347244	3.42712516880859	0.83663	1
ENSDARG00000097211	2	2.36127348855965	2.36127348855965	2.45733213899678	1.04068086602528	3.33934499199309	0.23894	0.7782180224
ENSDARG00000097215	9	7.19408833368809	5.39263534980289	4.74187320317786	0.659134692713303	21.5822650010643	5e-05	0.00263678756476684
ENSDARG00000097220	1	14.2432329558109	14.2432329558109	NA	NA	14.2432329558109	0.00197	0.0468473364485981
ENSDARG00000097236	15	2.66781167751419	2.8978757313308	1.29348057355858	0.484847031917866	10.3323901978301	0.29829	0.844931973392461
ENSDARG00000097244	19	1.70036682331419	1.82191844882069	0.822137631778821	0.48350604146486	7.41172714977582	0.77721	1
ENSDARG00000097245	10	1.24296506566748	1.10667575887881	1.22646087924597	0.986721922540394	3.93060065953001	0.98743	1
ENSDARG00000097253	19	2.3244512584834	2.06808100488002	1.52720361560671	0.657016837859248	10.1320481349151	0.21347	0.743450147109134
ENSDARG00000097256	3	2.06541264020926	2.3331065642714	1.07581296681574	0.520870718941056	3.57739963143741	0.34691	0.887118875219684
ENSDARG00000097263	1	3.0371357930784	3.0371357930784	NA	NA	3.0371357930784	0.26314	0.808158998189499
ENSDARG00000097264	11	2.12315523656035	2.09967151460726	0.608214839588592	0.286467437291086	7.04170929134894	0.39079	0.922415172733596
ENSDARG00000097266	2	2.38080977389844	2.38080977389844	0.511357039773281	0.214782821113827	3.3669734716776	0.23654	0.77546198389694
ENSDARG00000097278	5	1.69243223488915	1.08685297751383	1.27469590878724	0.753173972056099	3.78439352452402	0.92778	1
ENSDARG00000097279	9	5.39788944942079	5.2857990961819	3.19982500123504	0.592791873790299	16.1936683482624	0.01029	0.150476465517241
ENSDARG00000097284	8	1.09057370634868	1.26570770335497	0.837857593185288	0.768272321538447	3.08460825257159	0.99666	1
ENSDARG00000097294	1	0.407868944212992	0.407868944212992	NA	NA	0.407868944212992	0.94918	1
ENSDARG00000097310	3	0.437264473662508	0.623298301963203	0.380082650464656	0.869228289417387	0.757364284728327	0.9948	1
ENSDARG00000097317	3	0.534597928017781	0.470158709820762	0.207373578658871	0.387905690970005	0.925950772947847	0.97022	1
ENSDARG00000097336	1	9.4665201705111	9.4665201705111	NA	NA	9.4665201705111	0.01788	0.217025530393325
ENSDARG00000097353	1	7.42436989960497	7.42436989960497	NA	NA	7.42436989960497	0.03714	0.331297914110429
ENSDARG00000097369	1	2.29341312985677	2.29341312985677	NA	NA	2.29341312985677	0.56796	1
ENSDARG00000097371	3	9.58242621992273	8.97755914525398	5.45129534552173	0.568884666618982	16.5972490726863	0.00135	0.0353221079691517
ENSDARG00000097374	2	1.65302234203714	1.65302234203714	1.45571376201836	0.880637681051771	2.33772661501466	0.46925	0.970975820288677
ENSDARG00000097379	1	3.07526633910756	3.07526633910756	NA	NA	3.07526633910756	0.23496	0.772870294022617
ENSDARG00000097394	3	2.53611193951403	2.24734457652802	0.65992796746489	0.260212476106771	4.39267473292035	0.22544	0.759023592457823
ENSDARG00000097406	34	3.30343463653881	2.65603915377894	2.63502542832096	0.797662347901585	19.2621684534235	0.00139	0.0360903571428571
ENSDARG00000097420	6	3.66097033335531	3.30325353632301	1.45125071763605	0.396411493535913	8.96750928018735	0.04781	0.372881363984674
ENSDARG00000097422	1	2.01038949386681	2.01038949386681	NA	NA	2.01038949386681	0.3736	0.909903005008347
ENSDARG00000097428	1	2.50839500877384	2.50839500877384	NA	NA	2.50839500877384	0.30533	0.849307986977754
ENSDARG00000097441	1	0	0	NA	NA	0	1	1
ENSDARG00000097452	5	3.29141020678262	3.13977619986901	0.594828958538693	0.180721612065529	7.35981696420259	0.063	0.430923387096774
ENSDARG00000097454	1	10.2896054845823	10.2896054845823	NA	NA	10.2896054845823	0.02	0.231845102505695
ENSDARG00000097460	1	1.6351304197089	1.6351304197089	NA	NA	1.6351304197089	0.54817	1
ENSDARG00000097477	3	0.479979660266219	0.531292386882995	0.456491407469264	0.951064066373297	0.83134915818074	0.97067	1
ENSDARG00000097478	7	1.79042615155721	1.35165069132102	1.40282046528349	0.78351205050451	4.73702233784682	0.95087	1
ENSDARG00000097485	6	2.11363704321702	2.11234367812017	1.82762772665301	0.864683807713411	5.17733225732667	0.34564	0.88677877016129
ENSDARG00000097487	2	0.595647670367848	0.595647670367848	0.441149820910722	0.74062208727902	0.84237301383015	0.94684	1
ENSDARG00000097489	2	2.141895616326	2.141895616326	1.62182144799754	0.757189769490009	3.0290978297957	0.39821	0.927282350251486
ENSDARG00000097490	1	0.343277026679018	0.343277026679018	NA	NA	0.343277026679018	0.89288	1
ENSDARG00000097492	4	4.71019278214454	4.69156255266824	1.65764993418101	0.351928256623562	9.42038556428908	0.55354	1
ENSDARG00000097496	21	1.30230677263215	1.07924517144365	1.0006048461833	0.768332674920316	5.96791936364045	0.98419	1
ENSDARG00000097497	1	3.02285136245055	3.02285136245055	NA	NA	3.02285136245055	0.34583	0.886837425044092
ENSDARG00000097501	9	2.14375374229038	1.96770110303155	1.54630257766073	0.721306065690483	6.43126122687115	0.34289	0.884076896988104
ENSDARG00000097507	1	2.99547478553409	2.99547478553409	NA	NA	2.99547478553409	0.21066	0.741902242214533
ENSDARG00000097521	7	3.05483806699443	3.1183238582193	0.880228059658414	0.288142297678138	8.08234182084052	0.08409	0.494150127020785
ENSDARG00000097533	1	3.18265491169938	3.18265491169938	NA	NA	3.18265491169938	0.10864	0.563175774504825
ENSDARG00000097537	3	2.71538167751633	2.89228478031544	1.976287422908	0.72781201967734	4.70317902739988	0.61679	1
ENSDARG00000097542	8	3.66964703854869	3.34363884005073	1.67427736137133	0.456250245264321	10.3793292220756	0.02051	0.235725237020316
ENSDARG00000097546	11	2.08619305835888	1.89415755171101	0.984619123834292	0.471969322249039	6.91911961482042	0.42429	0.942681427635887
ENSDARG00000097549	6	1.78765056707348	1.77663506430458	1.50479130129292	0.841770382316035	4.37883172772702	0.51696	0.998957572078907
ENSDARG00000097561	2	4.22308064731634	4.22308064731634	1.61154083182717	0.381603139132865	5.97233792643012	0.40348	0.93110022655188
ENSDARG00000097562	2	2.10995636208902	2.10995636208902	1.47690073811826	0.699967432812693	2.98392890328169	0.4875	0.981103672662581
ENSDARG00000097572	9	1.5021652137291	1.55956638478873	0.807060491610649	0.53726479899447	4.50649564118729	0.90527	1
ENSDARG00000097576	2	8.61820217918596	8.61820217918596	0.292721247340907	0.0339654653319535	12.1879784050781	0.04363	0.358653333333333
ENSDARG00000097583	8	3.86934865836463	3.96925026354243	1.68331078954044	0.435037247393439	10.9441707004188	0.00987	0.145378958031838
ENSDARG00000097593	2	1.96727241534148	1.96727241534148	0	0	2.7821433306584	0.41082	0.936467180291154
ENSDARG00000097596	2	1.69021002822633	1.69021002822633	1.67550130643242	0.99129769581988	2.39031794517669	0.48152	0.97776206662677
ENSDARG00000097617	7	1.53321487338884	1.6244208892013	1.49016300785965	0.971920527072616	4.05650526141225	0.65619	1
ENSDARG00000097624	5	2.51607319972009	2.3803428662894	1.41538533336645	0.562537422807853	5.62611071093953	0.20104	0.726355496453901
ENSDARG00000097630	5	1.63175505606918	1.14511977526276	1.13112115595186	0.693192983680204	3.64871522799968	0.84035	1
ENSDARG00000097636	7	3.80903374129123	3.84813835260615	1.14425154768904	0.300404676200414	10.0777560149105	0.14115	0.625023940843845
ENSDARG00000097637	9	1.33615164019242	1.14327885378763	0.757043502134747	0.566585018767575	4.00845492057725	0.94194	1
ENSDARG00000097646	2	1.84222052826745	1.84222052826745	0.591376106017444	0.321012656705988	2.60529325595796	0.41421	0.93900040247678
ENSDARG00000097648	17	5.28987259797039	5.95006187561877	3.29331489901574	0.622569795022911	21.8107034674924	0.1571	0.658448299711816
ENSDARG00000097650	1	3.76140755372776	3.76140755372776	NA	NA	3.76140755372776	0.1225	0.59329702188392
ENSDARG00000097652	5	1.78820278097763	1.25086399803702	1.74676449503641	0.976826852982207	3.99854297582015	0.60073	1
ENSDARG00000097654	4	1.36830385814657	1.23182243833459	1.44630495010529	1.05700568005733	2.73660771629315	0.82666	1
ENSDARG00000097660	3	2.35020400834264	2.84866030971852	1.52039523004471	0.646920533131458	4.07067275060149	0.57448	1
ENSDARG00000097685	13	1.50126724863627	0.69154966776939	2.52022646667157	1.67873272993927	5.4128960431328	0.78615	1
ENSDARG00000097696	6	4.53402005701253	4.7466223095121	0.962533871730555	0.212291489589212	11.1060356232254	0.01787	0.217025530393325
ENSDARG00000097701	1	0.805998257847476	0.805998257847476	NA	NA	0.805998257847476	0.85083	1
ENSDARG00000097714	3	1.06160985823856	0.46284856732451	1.17217916161034	1.10415248362071	1.83876221228519	0.87389	1
ENSDARG00000097721	7	3.61551340190372	3.7253181947523	2.06164350889521	0.570221509290952	9.56574932325837	0.03496	0.320272619261926
ENSDARG00000097731	1	1.1194447678185	1.1194447678185	NA	NA	1.1194447678185	0.75115	1
ENSDARG00000097733	2	0.327896427554461	0.327896427554461	0.463715574901205	1.4142135623731	0.463715574901205	0.98217	1
ENSDARG00000097736	2	1.56869225932987	1.56869225932987	0.141456751492464	0.0901749534691356	2.21846586833399	0.65227	1
ENSDARG00000097738	1	1.6244208892013	1.6244208892013	NA	NA	1.6244208892013	0.56081	1
ENSDARG00000097740	5	2.94361136153655	1.79709874247389	3.08052709543768	1.04651284326802	6.58211510373644	0.11172	0.568462408795602
ENSDARG00000097772	10	1.13651937114304	1.1757376528384	0.900377282857899	0.792223437381762	3.59398981771426	0.93255	1
ENSDARG00000097789	2	1.39614189292209	1.39614189292209	0.492597620297705	0.352827762561234	1.97444279996766	0.59886	1
ENSDARG00000097790	10	3.08865976665779	2.8905056337045	1.75073876687246	0.566827976901746	9.76719977996282	0.14498	0.633855463121784
ENSDARG00000097794	4	1.01339214157038	1.13122296450249	0.5426281035597	0.535457185131539	2.02678428314077	0.92428	1
ENSDARG00000097796	1	1.6244208892013	1.6244208892013	NA	NA	1.6244208892013	0.55952	1
ENSDARG00000097803	4	1.02578078203551	1.10851368556252	0.470512462449041	0.458687149037224	2.05156156407101	0.91498	1
ENSDARG00000097808	4	1.92743991914751	1.22628472503574	2.29429774954424	1.19033424946339	3.85487983829503	0.39533	0.926020013805798
ENSDARG00000097819	43	1.65517478542915	1.21033581756191	1.50418392359021	0.908776485016478	10.8537069024264	0.95368	1
ENSDARG00000097821	1	2.93377422399907	2.93377422399907	NA	NA	2.93377422399907	0.50542	0.991594935440355
ENSDARG00000097822	5	2.33674288781912	2.30354691352571	1.12640346553162	0.482039967427862	5.22511594310273	0.33958	0.882145288412455
ENSDARG00000097824	3	1.36622515414452	0.846760369935309	1.40471238422106	1.02817048856097	2.36637138155693	0.74851	1
ENSDARG00000097825	5	2.47925636686587	1.9826747803625	0.823189111631143	0.332030653478474	5.54378576996125	0.2077	0.73657512195122
ENSDARG00000097839	11	2.37674715176253	2.44662019335071	0.883134643435749	0.371572820769278	7.88277852394219	0.2018	0.727051469026549
ENSDARG00000097842	26	1.59623549623071	1.09060232393474	1.65696537092518	1.03804568613959	8.13923594356988	0.85673	1
ENSDARG00000097855	2	1.49216205405083	1.49216205405083	0.619874492398482	0.415420356465763	2.11023581409719	0.62851	1
ENSDARG00000097856	2	0.592157914171411	0.592157914171411	0.16459825440368	0.277963446007468	0.837437753287772	0.94663	1
ENSDARG00000097863	24	1.72621470304893	1.35158990847811	1.42902203533496	0.827835629490901	8.45669041791972	0.79469	1
ENSDARG00000097869	20	2.58351681493032	1.6244208892013	2.32206649620377	0.898800612709154	11.5538384383959	0.09001	0.51208595863611
ENSDARG00000097877	31	2.32059677744088	2.1311807081486	2.12954077303587	0.917669451986527	12.9205360379335	0.54793	1
ENSDARG00000097878	1	4.76790185218572	4.76790185218572	NA	NA	4.76790185218572	0.04616	0.366138489096573
ENSDARG00000097879	6	5.08704278157842	3.46061961306556	6.04484188618775	1.18828210135715	12.4606591145756	0.0027	0.0589712446351931
ENSDARG00000097883	2	2.19104051226785	2.19104051226785	2.46884780813949	1.1267924049401	3.09859920815809	0.43311	0.947766083404987
ENSDARG00000097884	5	2.99292167339555	2.26038658306408	2.28805900456677	0.764490105072115	6.69237631304487	0.13961	0.621538906864889
ENSDARG00000097892	4	1.40959532625957	1.36749056998066	0.743327505301947	0.5273339741232	2.81919065251914	0.88347	1
ENSDARG00000097897	2	4.84759673270287	4.84759673270287	4.52886776282924	0.934250106300422	6.8555370443039	0.09072	0.513760122154359
ENSDARG00000097900	2	1.47555792625275	1.47555792625275	1.37193739262949	0.929775353593597	2.08675403137376	0.57882	1
ENSDARG00000097902	3	4.96788823808363	6.4586331299016	3.70914679883288	0.746624445050658	8.60463483468467	0.0414	0.350519152119701
ENSDARG00000097904	10	1.91387353606361	1.39178871969453	1.50305966912618	0.785349523259316	6.05219952748142	0.52441	1
ENSDARG00000097906	2	1.45974455656189	1.45974455656189	0.717752781168283	0.49169752196836	2.06439054949012	0.6341	1
ENSDARG00000097911	2	2.5235707959275	2.5235707959275	1.75343760552067	0.694824020134619	3.56886804520934	0.25856	0.802079756171899
ENSDARG00000097918	2	1.86517993488911	1.86517993488911	1.04795765337465	0.561853381420255	2.63776276018634	0.63915	1
ENSDARG00000097923	2	2.43032464095083	2.43032464095083	2.94967539222672	1.21369603983141	3.43699806820219	0.25592	0.799004220858896
ENSDARG00000097928	5	2.8650795828935	2.16591278013657	2.03097390215185	0.70887172359126	6.40651270829662	0.13457	0.613094655326768
ENSDARG00000097943	1	2.18641395806165	2.18641395806165	NA	NA	2.18641395806165	0.40365	0.93110022655188
ENSDARG00000097953	2	3.2308077183029	3.2308077183029	0.553003051295935	0.171165572052806	4.56905209264363	0.1338	0.612233195691203
ENSDARG00000097992	7	5.81268004977172	4.30252687630798	3.40339322045442	0.585511879427818	15.3789058624825	0.00064	0.0201669349845201
ENSDARG00000098006	1	3.33065798139001	3.33065798139001	NA	NA	3.33065798139001	0.3822	0.915516968698517
ENSDARG00000098013	7	1.64879630450555	2.16916566520944	1.36998459695727	0.830899846884427	4.36230498432402	0.80371	1
ENSDARG00000098015	1	1.51348207269889	1.51348207269889	NA	NA	1.51348207269889	0.57652	1
ENSDARG00000098016	1	2.59930430612964	2.59930430612964	NA	NA	2.59930430612964	0.28263	0.829823961937716
ENSDARG00000098017	3	1.64410543927572	1.13321794395813	1.14729228373016	0.697821597278809	2.8476741538259	0.66957	1
ENSDARG00000098021	9	1.22101243521601	1.42405447347082	0.850813734216461	0.696810048511869	3.66303730564802	0.90387	1
ENSDARG00000098022	2	5.97606756318774	5.97606756318774	2.98890712959112	0.500146140917588	8.45143579751803	0.08694	0.503628525896414
ENSDARG00000098024	15	2.22252378104544	2.09967151460726	1.37171573874777	0.6171883290727	8.60779759053892	0.26488	0.811209557894737
ENSDARG00000098025	1	3.36472415751656	3.36472415751656	NA	NA	3.36472415751656	0.17669	0.687335857852503
ENSDARG00000098027	10	2.88045993431109	1.478871073547	3.11247920876776	1.08054938438579	9.10881410128203	0.06988	0.452859452577976
ENSDARG00000098036	1	5.25719022651858	5.25719022651858	NA	NA	5.25719022651858	0.10946	0.563962155870445
ENSDARG00000098044	16	3.95562669205717	2.3587453020614	3.07059891981334	0.776261047580412	15.8225067682287	0.01561	0.199847270440252
ENSDARG00000098045	3	1.79202796334037	1.9826747803625	1.33982233358868	0.747657046093876	3.10388348108969	0.49505	0.985711331899081
ENSDARG00000098046	7	6.24711086101818	2.19315229999806	10.20558208118	1.63364830690978	16.5283017509047	0.00125	0.0335686015831135
ENSDARG00000098047	2	2.0685235886307	2.0685235886307	0.173662895273638	0.0839549987383016	2.9253341131302	0.34716	0.887118875219684
ENSDARG00000098048	1	1.0764391260773	1.0764391260773	NA	NA	1.0764391260773	0.82758	1
ENSDARG00000098049	4	4.25355727676774	3.25123782616252	3.09317540171194	0.727197308146378	8.50711455353549	0.07385	0.466334014869889
ENSDARG00000098064	1	0.751722452661894	0.751722452661894	NA	NA	0.751722452661894	0.84581	1
ENSDARG00000098075	21	4.17774792268176	3.71951028219266	2.993078134537	0.716433396636265	19.1448460901337	0.18411	0.701824561797753
ENSDARG00000098081	3	2.36505203196658	2.74239380432961	0.785041484792521	0.331934128375073	4.09639028191013	0.2512	0.794257098477788
ENSDARG00000098082	4	3.95468076815159	3.22790004315543	4.25744839338316	1.07655930857172	7.90936153630319	0.06954	0.452803861892583
ENSDARG00000098105	7	2.35411020229101	1.37850849577057	2.76792915073377	1.1757857164206	6.22839015410197	0.39768	0.927282350251486
ENSDARG00000098108	7	1.46402331610452	1.71874194078945	0.959065921852455	0.655089240248129	3.87344160801266	0.84013	1
ENSDARG00000098114	9	3.03248980890772	2.67821678993449	2.37992951668362	0.784810392335944	9.09746942672315	0.08503	0.49686401836969
ENSDARG00000098115	1	1.92870913052087	1.92870913052087	NA	NA	1.92870913052087	0.37342	0.909903005008347
ENSDARG00000098118	12	1.74904268150322	1.90190397378784	0.999292844495697	0.571337026285061	6.05886157794016	0.94498	1
ENSDARG00000098140	1	0.553026406119765	0.553026406119765	NA	NA	0.553026406119765	0.90356	1
ENSDARG00000098141	6	1.69874588806763	1.60854158362231	1.42068164482206	0.836312043373436	4.16106062841676	0.60347	1
ENSDARG00000098152	1	1.49495414549577	1.49495414549577	NA	NA	1.49495414549577	0.60455	1
ENSDARG00000098153	2	1.26653374155848	1.26653374155848	0.506128857995495	0.39961735040134	1.79114919451514	0.65705	1
ENSDARG00000098176	13	4.31517196931122	2.16000882407617	4.28111124397423	0.99210675134636	15.5585737977965	0.00145	0.0371740554156171
ENSDARG00000098181	4	3.74004194952492	3.1640818310828	3.35561600688584	0.897213467702439	7.48008389904984	0.04173	0.350734047815334
ENSDARG00000098191	3	0.82689843332675	0.927420832205978	0.284816014879164	0.344438933973187	1.43223009922104	0.89074	1
ENSDARG00000098201	9	1.41451762683417	0.907587700253051	1.19877349812082	0.847478656596024	4.2435528805025	0.88342	1
ENSDARG00000098204	2	1.87963763813751	1.87963763813751	0.0693975700544388	0.0369207174012558	2.65820904020099	0.38252	0.915709330828833
ENSDARG00000098208	5	1.9834350784564	1.13998094391514	2.21702506806069	1.11777042371666	4.43509566438613	0.43691	0.950592129115007
ENSDARG00000098209	15	2.69178968146726	2.06641238603354	2.14596754984472	0.797227051065511	10.4252566078157	0.07813	0.478928725961538
ENSDARG00000098211	18	1.95583195782991	1.22277524943014	2.17024051418724	1.10962524438716	8.29789224145737	0.44689	0.957164650673401
ENSDARG00000098215	12	1.73351320428409	1.80262588677628	1.12949673653728	0.651565118596106	6.00506589082313	0.93928	1
ENSDARG00000098221	1	2.97791995547888	2.97791995547888	NA	NA	2.97791995547888	0.26832	0.816367381307853
ENSDARG00000098226	4	1.56645861478132	1.45373033717879	1.26315446536898	0.806375893655712	3.13291722956264	0.77098	1
ENSDARG00000098228	22	2.715236335241	2.13180402167982	2.18730515172028	0.80556713363448	12.7355872984596	0.52929	1
ENSDARG00000098231	1	0.475884931705394	0.475884931705394	NA	NA	0.475884931705394	1	1
ENSDARG00000098235	15	1.88266670965356	2.32642442061769	1.09080545020135	0.579393816551883	7.29153681294734	0.60675	1
ENSDARG00000098240	4	2.58790126647463	2.8859891320004	1.52827468869276	0.590545979667396	5.17580253294927	0.90222	1
ENSDARG00000098242	3	2.95617724276445	2.37863390141371	2.3849276547857	0.806760711193167	5.1202491806469	0.16486	0.666990715421304
ENSDARG00000098247	7	2.72141679346564	2.89684862435052	1.44698622138611	0.531703274875224	7.2001920492649	0.12435	0.596153697597739
ENSDARG00000098249	3	2.60314513875633	0.846760369935309	3.47645352156918	1.33548201742992	4.50877963980189	0.21272	0.742732130360206
ENSDARG00000098252	2	1.04828139531933	1.04828139531933	0.191233987283071	0.182426195997514	1.48249376644398	0.80339	1
ENSDARG00000098257	1	7.75647763521059	7.75647763521059	NA	NA	7.75647763521059	0.02298	0.250904608788853
ENSDARG00000098272	15	2.39544044381302	1.95072747048446	1.95636804620216	0.816704940945241	9.27750094571955	0.33668	0.880454532374101
ENSDARG00000098273	5	1.87919842530965	1.3084406719797	1.53846192445534	0.81867987102098	4.20201542220294	0.79688	1
ENSDARG00000098280	4	2.46729539821828	2.90684936628517	1.48316286017373	0.601129018132474	4.93459079643656	0.86889	1
ENSDARG00000098284	9	1.37554312605323	1.62007730573395	0.690933784148165	0.502298889116349	4.12662937815968	0.86182	1
ENSDARG00000098286	2	2.4960389848384	2.4960389848384	0.802325574315	0.321439520451619	3.52993218457043	0.25164	0.7948819050574
ENSDARG00000098288	14	2.02946142148965	1.68018267315215	1.7128719579924	0.844003211815245	7.5935493188895	0.81953	1
ENSDARG00000098291	5	1.28767802445311	0.868698311108067	1.51340655460536	1.17529889138873	2.87933559580978	0.86125	1
ENSDARG00000098293	1	2.25762483436313	2.25762483436313	NA	NA	2.25762483436313	0.38942	0.922079460465116
ENSDARG00000098295	2	0.450922478455372	0.450922478455372	0.637700684610477	1.41421356237309	0.637700684610477	0.95104	1
ENSDARG00000098296	4	1.77790423692822	1.88083115105598	0.754653424976545	0.424462358152878	3.55580847385644	0.48962	0.982328476246797
ENSDARG00000098304	21	2.05082408189414	1.61151122943347	1.75174055106862	0.854164219415014	9.3980565923182	0.94844	1
ENSDARG00000098312	19	2.50325420317296	1.41348330433862	2.52881710595794	1.01021186851602	10.9114321016244	0.37474	0.909903005008347
ENSDARG00000098313	7	1.64753368831703	1.96770110303155	1.09439030975044	0.664259746256458	4.35896441588786	0.59927	1
ENSDARG00000098324	6	1.35952061283257	1.47164756833264	0.846496582755331	0.622643433843677	3.33013179623568	0.75455	1
ENSDARG00000098334	3	0.531493661736212	0.541345360368685	0.182178535248337	0.342767088986952	0.920574026027945	0.98821	1
ENSDARG00000098345	2	1.45012708625192	1.45012708625192	0.804827039362275	0.555004486842926	2.05078939254204	0.60336	1
ENSDARG00000098350	8	2.21536461523329	1.91077218888528	1.20924731059227	0.545845727731338	6.26599736892873	0.31294	0.854133394101877
ENSDARG00000098355	2	4.64239375625724	4.64239375625724	0.0998846763562447	0.0215157700101624	6.56533621197516	0.53608	1
ENSDARG00000098359	12	1.57002184803973	1.15048526926642	1.57893889838214	1.005679570863	5.43871521959599	0.72673	1
ENSDARG00000098361	3	1.80799870854133	1.14511977526276	1.41789270923121	0.784233253338518	3.1315456232125	0.67633	1
ENSDARG00000098367	5	3.55397442974402	3.07760250263232	4.03184876202445	1.13446195005822	7.94692841520367	0.12856	0.602155398067188
ENSDARG00000098369	1	2.40692615306148	2.40692615306148	NA	NA	2.40692615306148	0.2886	0.835423667898777
ENSDARG00000098374	15	2.50486190715581	2.55942347463971	1.45452064108102	0.580678973529754	9.7012884509638	0.13297	0.61017522993688
ENSDARG00000098375	3	1.70039622329207	1.66363743321075	1.71907039782007	1.0109822488854	2.9451726517401	0.51663	0.998816531813865
ENSDARG00000098386	4	3.67966597764322	2.8372229489179	3.14559731139251	0.854859471078194	7.35933195528644	0.12155	0.591082608695652
ENSDARG00000098387	1	1.66266187498724	1.66266187498724	NA	NA	1.66266187498724	0.53849	1
ENSDARG00000098389	1	1.6244208892013	1.6244208892013	NA	NA	1.6244208892013	0.5627	1
ENSDARG00000098401	1	1.12835432050517	1.12835432050517	NA	NA	1.12835432050517	0.76505	1
ENSDARG00000098409	2	5.6070542207492	5.6070542207492	2.56536110325448	0.457523862309237	7.92957212394483	0.01703	0.212415857843137
ENSDARG00000098414	9	3.87923704657376	2.72341198360104	3.7355482834747	0.962959530089565	11.6377111397213	0.01522	0.197085445292621
ENSDARG00000098424	6	1.81826480264201	1.73997701764641	1.08657220594345	0.597587438509843	4.45382098373529	0.70705	1
ENSDARG00000098428	3	2.63912492734136	3.47228314973223	1.99080785403828	0.754343924159669	4.57109846167675	0.1991	0.725761002506266
ENSDARG00000098431	15	2.55505148282305	2.18934405778743	2.07016581902283	0.810224699165564	9.89567184167622	0.19084	0.713955664952241
ENSDARG00000098435	2	2.71059024094142	2.71059024094142	2.54983064603464	0.940692033610013	3.83335348077551	0.37811	0.91199412126954
ENSDARG00000098443	6	2.01731047665344	1.7253002319995	2.00926456643464	0.996011565739672	4.94138132057165	0.44879	0.957957030824072
ENSDARG00000098454	1	1.6016534780358	1.6016534780358	NA	NA	1.6016534780358	0.52661	1
ENSDARG00000098465	14	3.36119269722584	3.64052614517935	1.67442373573269	0.49816356471162	12.5764314839457	0.01505	0.196131754161332
ENSDARG00000098466	5	4.17553311595335	3.61453587928494	1.19791664281411	0.286889508368946	9.33677588957319	0.02772	0.281571017964072
ENSDARG00000098486	5	2.36163877950435	2.21147156046403	1.33318432627879	0.564516613568904	5.28078484927136	0.7261	1
ENSDARG00000098497	3	0.969072539019193	0.42038446352793	1.04590663356028	1.07928621588932	1.67848287380102	0.94519	1
ENSDARG00000098507	2	6.49130947707964	6.49130947707964	5.37160172771782	0.827506645105208	9.18009790004703	0.01324	0.178014161162483
ENSDARG00000098511	1	3.74741957681808	3.74741957681808	NA	NA	3.74741957681808	0.11964	0.586872670509126
ENSDARG00000098526	17	2.33358813759901	1.87315097478646	2.20203238144942	0.943625117890366	9.62163037800912	0.91897	1
ENSDARG00000098529	2	3.11380966906207	3.11380966906207	0.452020324101378	0.145166330682483	4.40359186463606	0.15091	0.642124573578595
ENSDARG00000098566	12	2.29174578758125	1.92870913052087	1.62356159459932	0.708438782083619	7.93884028424535	0.25668	0.799753406795225
ENSDARG00000098573	2	2.89017384886327	2.89017384886327	0	0	4.08732305467848	0.17089	0.677832587685113
ENSDARG00000098574	12	2.90273339890873	1.46833768743713	3.50584714842031	1.20777442039228	10.055363455474	0.87462	1
ENSDARG00000098575	1	1.28063326167805	1.28063326167805	NA	NA	1.28063326167805	0.62477	1
ENSDARG00000098578	7	2.26559907325932	0.982080478597003	3.07884003658526	1.35895184321205	5.99421171842256	0.27305	0.821909592198582
ENSDARG00000098583	8	4.33622227214901	4.41232051759957	2.37991914781138	0.548846207238335	12.2646886934748	0.03132	0.301966609848485
ENSDARG00000098589	5	0.724800666462697	0.87717919439448	0.714369579867505	0.98560833746732	1.62070356034774	0.98342	1
ENSDARG00000098592	1	2.25111311177823	2.25111311177823	NA	NA	2.25111311177823	0.67594	1
ENSDARG00000098600	2	1.03910131991428	1.03910131991428	0.754694540558289	0.726295430575091	1.46951117930256	0.77855	1
ENSDARG00000098605	3	1.80470538503924	1.42579946951914	1.19893702652035	0.664339474165354	3.12584141958111	0.45192	0.959297704166667
ENSDARG00000098612	7	1.3436497116862	1.08074058562824	1.0390979356394	0.773339901465387	3.55496298630533	0.90939	1
ENSDARG00000098618	11	3.13047372178798	1.91786463541748	3.33613958404182	1.06569799989772	10.3826067512381	0.04178	0.350734047815334
ENSDARG00000098625	5	2.54161971251807	1.98964228258538	1.01763080076452	0.400386728098013	5.68323445014387	0.20686	0.73564677847659
ENSDARG00000098627	9	1.66197845214665	1.81428944348131	0.812664639231307	0.488974233198783	4.98593535643994	0.97192	1
ENSDARG00000098631	6	0.943787513759533	0.959525991901406	0.594145310490482	0.629532921159057	2.31179783432081	0.97647	1
ENSDARG00000098634	2	1.87864840976307	1.87864840976307	0.450210656557388	0.239646042451428	2.65681006001758	0.48878	0.981998191867351
ENSDARG00000098635	8	3.04146055749153	3.23784732014155	2.2205990683499	0.730109441294665	8.60254953965471	0.92853	1
ENSDARG00000098639	8	1.20424122976056	0.57355938800372	1.22123782211634	1.01411394323309	3.40610855899246	0.975	1
ENSDARG00000098645	3	2.8324840638713	2.66076034226546	0.545920682260404	0.192735658859901	4.90600631025426	0.21497	0.743952621557293
ENSDARG00000098646	6	2.71893726147095	2.28511358581556	2.43623845602213	0.896025991678868	6.66000893324408	0.19807	0.72490343761237
ENSDARG00000098647	9	3.3884973719424	2.81604511334612	2.5677468464028	0.757783337140641	10.1654921158272	0.029	0.288062224390244
ENSDARG00000098652	13	1.68233138145974	1.30554237599317	1.51966833735898	0.903310937492225	6.06573205817525	0.96134	1
ENSDARG00000098654	2	2.00960409950135	2.00960409950135	1.24531368216311	0.619681101602109	2.84200937251538	0.35161	0.891107216135458
ENSDARG00000098660	15	3.41202489627114	2.72552311957667	3.10730408933536	0.91069209158796	13.2147156001032	0.0123	0.169863500678426
ENSDARG00000098661	7	1.06206853061201	0.58552082613025	0.925055604150399	0.870994269661054	2.80996920730718	0.95548	1
ENSDARG00000098665	1	2.06978703272788	2.06978703272788	NA	NA	2.06978703272788	0.38278	0.915709330828833
ENSDARG00000098666	7	1.32772551724964	1.17193618839342	0.987080376980207	0.743437076531393	3.51283152799715	0.79978	1
ENSDARG00000098667	1	3.3116452755554	3.3116452755554	NA	NA	3.3116452755554	0.12916	0.603023155963303
ENSDARG00000098670	4	2.46442814550285	2.39042731011669	0.553902607425275	0.224759081913608	4.9288562910057	0.72749	1
ENSDARG00000098671	4	0.87951719854352	0.311138199251538	1.1694348460692	1.32963272123136	1.75903439708704	0.95434	1
ENSDARG00000098674	3	1.87708096629	1.97380953902242	0.693811376847135	0.369622509261512	3.25119960353477	0.495	0.985711331899081
ENSDARG00000098680	30	3.28401218029187	2.37489893920839	2.56796297624908	0.781959029159523	17.9872755026758	0.0209	0.237942058165548
ENSDARG00000098683	25	4.9616908873425	4.65118849943019	4.31894949679363	0.870459203295286	24.8084544367125	1e-05	0.000656645161290323
ENSDARG00000098686	7	2.17611677451524	1.51348207269889	2.2798946751496	1.04768949067886	5.75746380920335	0.31431	0.856276011777302
ENSDARG00000098689	11	1.86522248081932	0.716364977917006	3.17148701115793	1.70032639203707	6.18624311941354	0.58066	1
ENSDARG00000098694	2	1.29886782895628	1.29886782895628	0.179508447578259	0.138203782999618	1.83687649944007	0.65017	1
ENSDARG00000098695	1	1.6244208892013	1.6244208892013	NA	NA	1.6244208892013	0.55831	1
ENSDARG00000098702	1	2.64068729353794	2.64068729353794	NA	NA	2.64068729353794	0.26772	0.815824598802395
ENSDARG00000098724	2	0.876355809793403	0.876355809793403	0.357341418677979	0.40775837243804	1.23935427167429	0.82845	1
ENSDARG00000098730	2	2.6811132594131	2.6811132594131	0.179442227796662	0.0669282534658541	3.79166673372033	0.36529	0.906114403892944
ENSDARG00000098733	3	2.33901874633473	1.6244208892013	2.76642668022319	1.18272958887491	4.05129930850781	0.25742	0.800223883969466
ENSDARG00000098746	6	4.48232212290437	3.10688049468315	3.53921080115404	0.78959314036555	10.9794020639044	0.00854	0.134135987654321
ENSDARG00000098749	14	2.67632556763752	2.18756026938457	2.99142354571061	1.11773529419712	10.0138933295629	0.10061	0.543024332627119
ENSDARG00000098751	10	2.32601236785386	2.71608962452847	1.38470255986082	0.595311778646491	7.35549694813963	0.62794	1
ENSDARG00000098754	1	0.982080478597003	0.982080478597003	NA	NA	0.982080478597003	0.80762	1
ENSDARG00000098761	1	2.3331065642714	2.3331065642714	NA	NA	2.3331065642714	0.32619	0.870624412997903
ENSDARG00000098766	32	2.15584591092636	2.01142798762362	1.57956808336843	0.732690622907134	12.1953061024745	0.98332	1
ENSDARG00000098774	2	1.90219866988011	1.90219866988011	0.676198007331999	0.35548232581543	2.69011515727251	0.40713	0.932861130121567
ENSDARG00000098777	6	3.29522493012833	2.50839500877384	2.83349421834427	0.859878848462682	8.07161966651275	0.08389	0.494150127020785
ENSDARG00000098780	5	2.28435808091469	1.66266187498724	1.24519905542695	0.545098014987366	5.10797995387621	0.26852	0.816367381307853
ENSDARG00000098782	2	0.756741036349445	0.756741036349445	1.07019343680966	1.4142135623731	1.07019343680966	0.91988	1
ENSDARG00000098783	17	1.99537403559379	1.03229836791511	2.49222715366089	1.24900249737851	8.22713791136818	0.70432	1
ENSDARG00000098786	9	1.80350121731324	1.84970835136764	1.14508943698136	0.634925791005153	5.41050365193971	0.56635	1
ENSDARG00000098788	35	3.67405433616532	2.35063583201308	5.41747307536382	1.47452176252193	21.7359985801971	0.13202	0.607733857982813
ENSDARG00000098790	4	1.54220441535849	1.7205228733995	0.868120983410723	0.562909154431985	3.08440883071699	0.70687	1
ENSDARG00000098792	9	1.76064193937206	1.81776120317886	0.886917473882279	0.503746647202213	5.28192581811619	0.55323	1
ENSDARG00000098798	2	2.69513482501975	2.69513482501975	1.02874663536326	0.381705073086916	3.81149622196697	0.20115	0.726355496453901
ENSDARG00000098801	6	1.48301581356429	1.73107045720541	1.29312623341233	0.871957144074156	3.63263202371099	0.67171	1
ENSDARG00000098809	15	3.1530208043259	2.89522994908106	2.43311334094571	0.771676906669155	12.2115970653997	0.64327	1
ENSDARG00000098810	7	3.38123564817223	3.53896134677107	2.295526536676	0.67890167250451	8.94590864917001	0.67862	1
ENSDARG00000098811	4	1.41681303743395	1.39614189292209	1.20790219624404	0.852548758608067	2.83362607486789	0.64876	1
ENSDARG00000098813	4	3.36621424781335	2.92442318752049	1.05199705274358	0.312516368625957	6.7324284956267	0.28718	0.834642501427756
ENSDARG00000098815	1	0	0	NA	NA	0	1	1
ENSDARG00000098816	9	1.44156018242933	1.39934341296504	0.850854392032566	0.590231613222487	4.32468054728799	0.93905	1
ENSDARG00000098817	11	2.18083351055344	1.42579946951914	2.81480006543815	1.29069919909834	7.23300648473934	0.29339	0.842718937007874
ENSDARG00000098820	6	2.58752624437554	1.9217697497512	2.33641952936458	0.90295491087026	6.33811899478017	0.45088	0.959250969899666
ENSDARG00000098821	7	1.49581731175757	0.958081677855914	1.2631281104132	0.844440093375468	3.95756061369569	0.77764	1
ENSDARG00000098822	10	1.63257553262121	1.61567295865143	1.05399281639012	0.645601257234243	5.16265713534555	0.88393	1
ENSDARG00000098823	10	1.95884442338111	1.37334065221083	1.37701963516277	0.702975498577846	6.1944099598035	0.73899	1
ENSDARG00000098824	9	2.4128456863802	2.62504894701019	1.19837706075407	0.49666543845657	7.23853705914061	0.18567	0.704645359672009
ENSDARG00000098826	14	1.97936547535424	1.98414230239929	0.843391758228591	0.426091981864872	7.40610745198449	0.60632	1
ENSDARG00000098832	5	1.07298213699078	0.745805617098847	0.970975245424898	0.904931416796963	2.39926099695437	0.9785	1
ENSDARG00000098834	18	4.16530951384153	2.43708244996169	5.34463299645472	1.2831298559433	17.6719116178691	0.00512	0.0950937226277372
ENSDARG00000098838	4	0.734911956604518	0.657613468608387	0.669720132804171	0.911293015150346	1.46982391320904	0.94832	1
ENSDARG00000098845	11	4.3721716342016	2.757018787035	6.71530592710746	1.53592001617149	14.5008528296817	0.00929	0.140287270029674
ENSDARG00000098853	6	3.99080718355088	4.49630239726956	1.3743596649886	0.344381374939228	9.77544126153332	0.02048	0.235725237020316
ENSDARG00000098855	15	1.30581152270773	1.23241785660833	0.886235070505659	0.678685288875353	5.05738628073278	0.96117	1
ENSDARG00000098856	55	2.15813339472151	1.67639096274403	1.74810575830202	0.810008205506498	16.0051456168843	0.97901	1
ENSDARG00000098860	8	1.50595907331385	1.24152509319872	1.22355538091693	0.812475851833419	4.25949549171852	0.80616	1
ENSDARG00000098862	1	11.9371410251621	11.9371410251621	NA	NA	11.9371410251621	0.00592	0.105338741258741
ENSDARG00000098867	3	1.67836326116803	1.6016534780358	1.71800305850953	1.02361812740938	2.90701044190002	0.49577	0.986466243158718
ENSDARG00000098874	1	3.860937543371	3.860937543371	NA	NA	3.860937543371	0.09459	0.525511473799127
ENSDARG00000098889	8	4.6152493991458	2.29796952662108	7.72704892666402	1.67424298415903	13.0538965880125	0.00301	0.0638245416666667
ENSDARG00000098897	12	2.08829798309106	2.17713931281929	1.47901624011731	0.708240036667611	7.23407641611464	0.80264	1
ENSDARG00000098902	3	2.32756138094333	1.62458928002768	2.74734826163274	1.18035480573203	4.03145456952903	0.32951	0.873554268610099
ENSDARG00000098903	8	2.54329265542277	1.67725430002	2.31426069549147	0.909946675054101	7.19351793276553	0.1855	0.704645359672009
ENSDARG00000098906	2	2.30971468726128	2.30971468726128	0.799389415671873	0.346098771454642	3.26642983593724	0.25496	0.797787547633682
ENSDARG00000098911	2	3.37542457328612	3.37542457328612	1.37097111812883	0.406162569585767	4.77357121030864	0.11922	0.58591074843071
ENSDARG00000098916	16	3.48499993456326	2.4815680599008	3.2384179049116	0.929244753434245	13.939999738253	0.0089	0.136522947368421
ENSDARG00000098919	4	2.47398421339558	1.58706468934351	2.09130849492153	0.845320064533145	4.94796842679116	0.26042	0.804729004854369
ENSDARG00000098936	16	4.04894263366812	3.72691388584132	2.85624409941838	0.705429628878388	16.1957705346725	0.66177	1
ENSDARG00000098937	13	2.84645084703998	3.22763575001786	1.65271255953371	0.580622202295314	10.2630244820905	0.05129	0.386975255744996
ENSDARG00000098940	11	2.46285261320526	2.75334089448731	1.73498726408123	0.70446248174926	8.16835803194813	0.4949	0.985711331899081
ENSDARG00000098941	6	1.63563566895955	1.29281504088695	0.969560200203086	0.592772717422969	4.00647279404671	0.70645	1
ENSDARG00000098944	2	1.00513390930607	1.00513390930607	0.592443143398784	0.589417129313447	1.42147400654173	0.79338	1
ENSDARG00000098954	15	2.64708353941976	2.56266666666666	2.20145031734184	0.831651243551006	10.2521104641925	0.10233	0.548165652631579
ENSDARG00000098955	12	1.75435112210048	1.74372198841751	0.882475174280818	0.503020839536518	6.07725055558702	0.7593	1
ENSDARG00000098968	10	1.81823628633658	1.97602991513843	1.02738553832601	0.56504511874857	5.74976798918968	0.72298	1
ENSDARG00000098972	7	1.80264764202263	1.01628741068726	2.03393155027416	1.12830233866005	4.76935736226885	0.59124	1
ENSDARG00000098980	1	2.90881222279859	2.90881222279859	NA	NA	2.90881222279859	0.27251	0.821079567791593
ENSDARG00000098983	2	2.61660627578568	2.61660627578568	1.63451451417773	0.624669645297299	3.70044008260666	0.74582	1
ENSDARG00000098984	4	1.96516113698513	1.82602536298908	0.595882963436778	0.303223462046963	3.93032227397027	0.69549	1
ENSDARG00000098990	3	3.11223510697172	1.28535252274564	3.43265190137961	1.10295391684585	5.39054933037457	0.27932	0.826308073234525
ENSDARG00000098999	1	3.71311240585715	3.71311240585715	NA	NA	3.71311240585715	0.07349	0.465451910392035
ENSDARG00000099002	2	1.88942334360106	1.88942334360106	0.301273282232634	0.159452503459831	2.67204811758493	0.45985	0.966416126367954
ENSDARG00000099005	7	0.773011979712267	1.01628741068726	0.49870772846796	0.645148770726154	2.04519745879236	0.98747	1
ENSDARG00000099034	3	1.35481649438258	1.87878825269252	1.18329563347819	0.873399193458631	2.34661100320298	0.66643	1
ENSDARG00000099035	8	9.33398580615286	4.50077599857475	12.4626950981724	1.3351954199413	26.4004986361187	0.00045	0.0154733108108108
ENSDARG00000099038	7	1.59020352940532	1.42579946951914	0.787112449663914	0.494975916672921	4.20728307278367	0.64766	1
ENSDARG00000099039	6	4.14844133254153	2.42390869684258	5.08614044881248	1.22603648963657	10.1615644925983	0.69734	1
ENSDARG00000099045	21	2.85716473922587	2.65939811819934	1.60680692698242	0.562378117342219	13.0931736904613	0.21906	0.750623217771794
ENSDARG00000099049	6	2.29382239429238	2.42154830482202	1.55006130134595	0.675754716321064	5.61869442658554	0.27118	0.819985157456922
ENSDARG00000099054	1	1.28063326167805	1.28063326167805	NA	NA	1.28063326167805	0.62431	1
ENSDARG00000099069	2	1.06780689409256	1.06780689409256	1.28051851028412	1.19920419822006	1.51010699162119	0.90475	1
ENSDARG00000099070	4	3.6758838190193	4.09886970767191	0.845971777305218	0.230141054221599	7.35176763803861	0.08377	0.494150127020785
ENSDARG00000099073	1	1.12903435013942	1.12903435013942	NA	NA	1.12903435013942	0.76829	1
ENSDARG00000099079	15	2.10082695919447	1.28282982190458	2.00829175103496	0.955952960449924	8.13646782622375	0.98169	1
ENSDARG00000099080	11	1.51920876852551	1.35165069132102	1.27031555092706	0.836169180460944	5.038645463417	0.88673	1
ENSDARG00000099084	10	2.84711588998434	1.57073683223541	3.52135466269961	1.23681465692602	9.00337097480788	0.14601	0.635039462457338
ENSDARG00000099092	5	1.48347706835313	0.977150514986991	1.18745750424726	0.800455584773887	3.3171555678997	0.70382	1
ENSDARG00000099093	5	3.46656861557552	2.92464778916901	2.67316019244904	0.77112571216342	7.7514830730942	0.06047	0.42329
ENSDARG00000099096	1	6.09362121456035	6.09362121456035	NA	NA	6.09362121456035	0.04269	0.354776
ENSDARG00000099099	6	4.1539998860747	4.47068226590624	2.37357676064865	0.571395480439349	10.1751801124625	0.01719	0.21321795620438
ENSDARG00000099106	6	3.47852106509601	3.43087333917118	1.66347299127268	0.478212711707919	8.5206016690079	0.05446	0.399923434343434
ENSDARG00000099114	3	2.78736564875017	2.2593719040677	1.14295859581862	0.410049753010018	4.82785892290749	0.17628	0.687335857852503
ENSDARG00000099116	3	2.18125940380683	2.79360329568254	1.08595387325319	0.497856362869055	3.77805211188082	0.35277	0.892155042225534
ENSDARG00000099118	12	2.13512734988236	1.62834527885608	1.34691171014585	0.630834366961794	7.39629810125227	0.42408	0.942620580786026
ENSDARG00000099122	4	2.15150697684053	2.32483324983437	0.875175625794232	0.406773315269198	4.30301395368106	0.7311	1
ENSDARG00000099124	5	0.982254285532095	0.722558676995091	0.775355427712011	0.789363242423519	2.19638735364025	0.94571	1
ENSDARG00000099129	6	1.51555067010669	1.31278843602599	1.27175365747209	0.839136349946361	3.71232582109451	0.8932	1
ENSDARG00000099133	5	1.08388100802448	1.28063326167805	0.8005658074554	0.738610420819659	2.42363161346374	0.8597	1
ENSDARG00000099139	13	1.72850053847884	1.27184796170656	1.18023921335967	0.682811018617518	6.23219732115258	0.85573	1
ENSDARG00000099144	10	1.95264168767937	1.38330326436103	1.50030342090897	0.768345483134706	6.17479518726194	0.47732	0.977300937437135
ENSDARG00000099148	11	4.03038898369558	3.36135597774678	2.77079666056969	0.687476239087243	13.3672880181001	0.00892	0.136522947368421
ENSDARG00000099156	4	3.80315521703934	1.71884397934736	5.12887120442642	1.34858319256797	7.60631043407867	0.0382	0.334595180722892
ENSDARG00000099161	1	2.66853832424476	2.66853832424476	NA	NA	2.66853832424476	0.20057	0.726355496453901
ENSDARG00000099164	1	5.92427808387675	5.92427808387675	NA	NA	5.92427808387675	0.1093	0.563891120121642
ENSDARG00000099175	2	3.53548694339354	3.53548694339354	0.423629385920487	0.11982207619578	4.99993358494014	0.23065	0.768312441099476
ENSDARG00000099177	17	1.7176087745167	1.50923780426747	1.26743221679216	0.737905066390211	7.08188240082008	0.89949	1
ENSDARG00000099183	3	2.04409753005265	1.94572537774222	2.0950164835345	1.02491023678334	3.54048077767725	0.34423	0.885169785299318
ENSDARG00000099185	1	0	0	NA	NA	0	1	1
ENSDARG00000099187	3	2.08691006098834	2.51918867967418	0.97353568736649	0.466496235542338	3.61463425645847	0.61498	1
ENSDARG00000099189	1	1.6244208892013	1.6244208892013	NA	NA	1.6244208892013	0.56157	1
ENSDARG00000099194	7	2.08841999040566	2.44566415994445	1.12758651615915	0.539923253626834	5.52543992766929	0.33509	0.878458645377286
ENSDARG00000099195	1	0.13681110451969	0.13681110451969	NA	NA	0.13681110451969	1	1
ENSDARG00000099199	12	1.05512090763559	0.71360698467407	0.982734619855023	0.931395267351138	3.65504604030605	0.98041	1
ENSDARG00000099206	6	1.62740890757134	1.16146677628986	1.44123303142206	0.885599817425654	3.98632142640997	0.7227	1
ENSDARG00000099207	3	3.35595409170853	3.13977619986901	0.661856904238978	0.197218700301715	5.81268299470784	0.10425	0.553664106305367
ENSDARG00000099222	1	2.44566415994445	2.44566415994445	NA	NA	2.44566415994445	0.30874	0.8495699594485
ENSDARG00000099226	2	1.69534088940469	1.69534088940469	1.94639808791372	1.14808655892042	2.39757407864178	0.85709	1
ENSDARG00000099227	18	1.83372331339504	1.51954590985105	1.39471915856902	0.760594113834312	7.77982913832899	0.73384	1
ENSDARG00000099236	17	1.62977238064208	1.40403782613278	1.06518182820303	0.653577052142325	6.71972367110167	0.90285	1
ENSDARG00000099238	5	2.84198760439511	2.98903812798466	0.926855432492936	0.326129301570339	6.35487747463924	0.42736	0.944348693009119
ENSDARG00000099240	9	5.37392114450523	2.8978757313308	6.47023447361813	1.20400621811019	16.1217634335157	0.00036	0.0128564210526316
ENSDARG00000099241	2	1.80386332252976	1.80386332252976	0.0965179096195247	0.0535062210168823	2.55104797538897	0.94087	1
ENSDARG00000099256	21	2.12821295136576	1.74791405637713	1.41096352613131	0.662980424597939	9.75269694461898	0.99543	1
ENSDARG00000099257	12	6.37142062962097	5.54979172031683	3.8325296704519	0.601518859488625	22.071248493792	0.32934	0.873554268610099
ENSDARG00000099258	1	2.62971466833417	2.62971466833417	NA	NA	2.62971466833417	0.38566	0.91763744332788
ENSDARG00000099260	1	2.3331065642714	2.3331065642714	NA	NA	2.3331065642714	0.32676	0.871074719748559
ENSDARG00000099265	3	1.15470635333615	1.13941105957792	0.443911791160363	0.384436952198129	2.00001007180078	0.87278	1
ENSDARG00000099266	20	1.4937928501587	1.23206875309929	1.34192833015888	0.898336292087828	6.68044471451604	0.8493	1
ENSDARG00000099269	3	1.05020442201551	1.01628741068726	0.751172779009924	0.715263393738433	1.81900741726437	0.8311	1
ENSDARG00000099273	7	3.21903092892827	1.45854242385161	5.07547231885092	1.57670815562518	8.51675530056944	0.06977	0.452859452577976
ENSDARG00000099283	11	2.27703447040882	2.06978703272788	1.21304790616094	0.532731463631796	7.55206897305168	0.68784	1
ENSDARG00000099284	5	0.897709283002999	0.982080478597003	0.418672055534052	0.4663782178274	2.0073389808273	0.93915	1
ENSDARG00000099298	7	1.64918371817588	1.04338676606664	1.69675170017324	1.02884334927219	4.36332998455021	0.64772	1
ENSDARG00000099304	4	0.561191747527229	0.622022410570522	0.203388372163062	0.362422243483175	1.12238349505446	0.98874	1
ENSDARG00000099307	2	3.19780838379813	3.19780838379813	0.466286422168792	0.145814372284236	4.5223839862377	0.11743	0.582151883211679
ENSDARG00000099309	4	0.975603869513498	0.822504804192482	1.15393908436222	1.18279469815721	1.951207739027	0.95074	1
ENSDARG00000099315	2	1.74901190072681	1.74901190072681	0.826034594894505	0.472286434729942	2.4734763507598	0.44268	0.955182751748993
ENSDARG00000099320	10	6.82247522619935	2.84082389038727	13.3935280887576	1.96314792574466	21.5745609948624	1e-05	0.000656645161290323
ENSDARG00000099323	9	2.4051666602436	2.38120699695474	1.55926872713079	0.648299659605651	7.21549998073081	0.67409	1
ENSDARG00000099329	25	1.38799102057566	1.10098295612561	1.15619522747964	0.832999068682821	6.9399551028783	0.97748	1
ENSDARG00000099331	5	1.41660414734908	1.87636397003357	1.13992774541387	0.804690391135056	3.16762317068066	0.82978	1
ENSDARG00000099336	11	3.1112797080566	3.25124218596974	3.01069000528563	0.967669347596589	10.3189474094702	0.04473	0.36168683081811
ENSDARG00000099339	13	1.48513264582906	1.08733280567666	1.61211140357442	1.08549994379423	5.35472190540218	0.83446	1
ENSDARG00000099345	16	2.11531148207088	1.89423789991017	1.11549270770564	0.527342056789472	8.46124592828352	0.32074	0.864537002118644
ENSDARG00000099351	1	2.19315229999806	2.19315229999806	NA	NA	2.19315229999806	0.34167	0.88351556402439
ENSDARG00000099352	1	1.60333524059651	1.60333524059651	NA	NA	1.60333524059651	0.57679	1
ENSDARG00000099353	6	1.65418649944785	1.97138817803356	0.675603804938605	0.408420577222771	4.05191286304791	0.5942	1
ENSDARG00000099368	5	1.39346045791875	1.39869324485607	0.728764895844632	0.522989290225792	3.1158723078643	0.84205	1
ENSDARG00000099373	4	2.02196004327462	1.95715867899384	1.10324394987449	0.545630935459908	4.04392008654924	0.41595	0.93900040247678
ENSDARG00000099376	6	1.49263294048925	1.25923341541445	1.30710902856064	0.875706942479911	3.65618907746872	0.85041	1
ENSDARG00000099379	1	1.74446101063095	1.74446101063095	NA	NA	1.74446101063095	0.4632	0.968863311555737
ENSDARG00000099380	1	0.114207773399668	0.114207773399668	NA	NA	0.114207773399668	0.99453	1
ENSDARG00000099383	10	1.51930179339738	1.67531294834508	0.850778381985559	0.559979844480468	4.80445412031428	0.85949	1
ENSDARG00000099397	1	5.39527842643494	5.39527842643494	NA	NA	5.39527842643494	0.05549	0.402694782608696
ENSDARG00000099406	3	1.11398177089584	1.04782277521322	0.345842069345862	0.310455770804709	1.92947302589715	0.78091	1
ENSDARG00000099408	4	2.37892369620553	2.45406967656364	0.713062039467706	0.299741450558109	4.75784739241107	0.23714	0.776137743589744
ENSDARG00000099411	4	3.7797636436141	3.52888401788051	0.825481416340659	0.21839498290728	7.5595272872282	0.04123	0.349699116666667
ENSDARG00000099412	31	5.93609464611817	5.64753429443642	2.60923455265863	0.439554068492641	33.0507762250428	0	0
ENSDARG00000099420	1	5.35036678600845	5.35036678600845	NA	NA	5.35036678600845	0.05888	0.416527046560111
ENSDARG00000099425	4	5.04213197881445	4.16614043395313	3.43014657208008	0.680296863805339	10.0842639576289	0.00974	0.144089709302326
ENSDARG00000099430	5	0.862088737165459	0.729769622504537	0.9428185273917	1.09364440891744	1.92768901893892	0.99223	1
ENSDARG00000099439	6	1.91689713556301	1.75344566660054	1.52825314455518	0.797253601250918	4.69541987153206	0.67967	1
ENSDARG00000099441	14	1.88901021308087	1.38695467553289	1.66246091372825	0.880069838805621	7.06802901746544	0.6077	1
ENSDARG00000099445	5	2.24008128022834	1.6244208892013	1.58781570154306	0.708820575198596	5.00897401771532	0.28767	0.835077764471058
ENSDARG00000099446	24	2.58247984392289	2.23783371205766	1.88416840083817	0.729596556299175	12.6515157772668	0.07611	0.473482051282051
ENSDARG00000099447	3	5.9131992673712	4.97758521732432	4.60740030072155	0.779172169310275	10.241961566366	0.5306	1
ENSDARG00000099453	1	66.7156964579799	66.7156964579799	NA	NA	66.7156964579799	0	0
ENSDARG00000099455	6	2.30900046794479	1.73946899803071	1.90019872162332	0.822952939162743	5.65587296231233	0.95617	1
ENSDARG00000099458	12	2.34024036668408	1.7098902638449	2.10551130441609	0.899698737954608	8.10683043404088	0.7185	1
ENSDARG00000099468	10	5.33543311135806	2.54757315007067	5.5109778484847	1.03290168454234	16.8721209353702	0.02625	0.271241116751269
ENSDARG00000099478	25	2.33875448513265	2.59122460032227	1.72652621218131	0.73822465040976	11.6937724256632	0.14769	0.636944415254237
ENSDARG00000099479	10	1.39351122407249	1.33801705848663	0.989321575871963	0.709948767388257	4.40666941307832	0.85737	1
ENSDARG00000099483	2	0.270672680184342	0.270672680184342	0.382788975280572	1.41421356237309	0.382788975280572	1	1
ENSDARG00000099487	3	4.06805707606518	4.5231332165596	1.03494637896896	0.254408028112036	7.04608154383499	0.04743	0.371054988470407
ENSDARG00000099491	1	1.56030140154889	1.56030140154889	NA	NA	1.56030140154889	0.57353	1
ENSDARG00000099500	2	2.15624390497016	2.15624390497016	1.86003488547559	0.86262731279527	3.04938937419313	0.321	0.86473947075946
ENSDARG00000099510	3	2.46626300842773	3.17861892299263	2.19841923545726	0.89139691425643	4.27169283542451	0.30653	0.849307986977754
ENSDARG00000099511	3	7.31043710269422	4.11405119733792	5.65657438152902	0.773766917363166	12.662048487403	0.00155	0.0391461538461538
ENSDARG00000099516	9	2.27706203718691	2.49968387796192	1.33352106038038	0.585632292226793	6.83118611156073	0.27986	0.827095487804878
ENSDARG00000099517	5	1.98888594563939	1.92870913052087	0.884783495153755	0.44486386818391	4.44728417394364	0.38291	0.915709330828833
ENSDARG00000099519	4	1.27435316931838	1.04267460071564	0.943904451774664	0.740692984096028	2.54870633863676	0.85434	1
ENSDARG00000099524	10	1.50332824387934	1.20033549179734	1.21674277424213	0.809366004527608	4.75394132151981	0.82447	1
ENSDARG00000099527	7	3.86189686480169	2.41172043961231	4.62588977762354	1.19782840908702	10.2176186932453	0.02639	0.272135177304965
ENSDARG00000099532	10	4.14899806757579	3.68303580405405	2.41921328451805	0.583083733739015	13.1202839011767	0.20238	0.727811487107029
ENSDARG00000099534	3	1.08763454852688	1.21033581756191	0.45271824201257	0.416241137821289	1.88383829811579	0.83284	1
ENSDARG00000099535	8	0.739685248376044	0.809966076383581	0.696312891454308	0.941363766525074	2.09214582028143	0.98767	1
ENSDARG00000099545	6	1.69342834877254	1.20363350437796	1.42764183868498	0.843048269340585	4.1480353704566	0.91253	1
ENSDARG00000099556	1	0.751722452661894	0.751722452661894	NA	NA	0.751722452661894	0.8454	1
ENSDARG00000099563	11	2.79183319604773	2.00612033379739	1.95436276439691	0.700028485642916	9.25946318854903	0.10029	0.542988995215311
ENSDARG00000099573	1	4.02396677982517	4.02396677982517	NA	NA	4.02396677982517	0.14343	0.630368013816926
ENSDARG00000099577	15	2.0194331241206	1.87878825269252	1.28916584980306	0.638380065378222	7.82123085849871	0.38252	0.915709330828833
ENSDARG00000099593	10	2.40354696688631	2.3043633662025	1.090895125364	0.453868861475673	7.60068287855005	0.2208	0.752974368932039
ENSDARG00000099596	10	3.07710577260101	2.40079061105828	2.77515239479193	0.901870978730171	9.73066284267134	0.04557	0.364631650943396
ENSDARG00000099609	5	3.51808902369347	2.2625378028765	2.99138442974539	0.85028673509941	7.86668620787447	0.05532	0.402609378127234
ENSDARG00000099614	40	2.76161466726673	2.08490185074197	3.1008444193263	1.12283746754406	17.4659847365818	0.04003	0.344983353090601
ENSDARG00000099616	9	2.75144483877741	2.10173434918762	2.91026097728819	1.05772099671871	8.25433451633222	0.29677	0.844931973392461
ENSDARG00000099617	18	2.31103251327665	2.19754294440228	1.5854113196782	0.68601861313944	9.80488057008305	0.23399	0.772478177100227
ENSDARG00000099621	1	1.46258844270686	1.46258844270686	NA	NA	1.46258844270686	0.58304	1
ENSDARG00000099628	5	1.31667455459461	1.35165069132102	0.969178646472368	0.736080638218733	2.94417380831781	0.80518	1
ENSDARG00000099635	1	2.7359096320133	2.7359096320133	NA	NA	2.7359096320133	0.24915	0.790396211838006
ENSDARG00000099642	8	4.15833481976987	4.81132710250185	2.80387898733678	0.674279274965155	11.7615469980136	0.00667	0.114481045531197
ENSDARG00000099646	7	3.28995816609904	1.84541291411378	3.69352088364215	1.12266499972601	8.70441113130419	0.63435	1
ENSDARG00000099648	4	0.780978208013564	0.804148752264913	0.572013271283795	0.732431795681884	1.56195641602713	0.98494	1
ENSDARG00000099651	1	1.12929595294029	1.12929595294029	NA	NA	1.12929595294029	0.74558	1
ENSDARG00000099652	7	1.91867523210981	1.07377613652615	1.9674502898596	1.02542121612534	5.07633751086169	0.72091	1
ENSDARG00000099664	8	1.93354312286556	1.75299428600434	1.64560905683975	0.8510847456047	5.46888581557939	0.94462	1
ENSDARG00000099667	1	2.87496836389162	2.87496836389162	NA	NA	2.87496836389162	0.21248	0.74246309540151
ENSDARG00000099675	29	2.64333498840252	1.76095743885143	2.73040509399892	1.03293948968951	14.2347945530126	0.61772	1
ENSDARG00000099679	6	2.15304930704487	1.16683588067403	3.06419864532668	1.42319018672749	5.27387219331283	0.36709	0.906513619602135
ENSDARG00000099687	1	2.19132179951918	2.19132179951918	NA	NA	2.19132179951918	0.39703	0.927282350251486
ENSDARG00000099692	6	1.41237065391384	1.03801631439514	0.84609942628212	0.599063301079985	3.45958742976991	0.84601	1
ENSDARG00000099699	1	0	0	NA	NA	0	1	1
ENSDARG00000099705	10	1.51291357658924	1.86955348224454	1.0362584626278	0.684942272091951	4.78425280501361	0.73674	1
ENSDARG00000099708	4	1.8812050559297	2.04717486529301	0.519640597015517	0.276227514580385	3.76241011185941	0.42783	0.944460151745068
ENSDARG00000099722	5	1.72979900053124	2.0906816859023	1.00494505207587	0.580960592396711	3.86794815259905	0.50542	0.991594935440355
ENSDARG00000099724	12	2.48170744652924	1.98414230239929	1.58024233181755	0.636756090661524	8.59688677382134	0.1773	0.688130583301563
ENSDARG00000099727	13	3.33604168878006	3.8690862383253	1.40084084007335	0.419911071490722	12.028269365982	0.06958	0.452803861892583
ENSDARG00000099742	34	2.89098214280673	1.80436195520511	3.1133720525014	1.07692538338503	16.8571778035628	0.00905	0.137890568862275
ENSDARG00000099743	8	1.19906121674273	0.92557072135905	1.00588746675021	0.838895840099573	3.39145726966631	0.94737	1
ENSDARG00000099745	9	1.2554915207809	0.700030380377252	1.07896007882341	0.859392565353458	3.76647456234269	0.8926	1
ENSDARG00000099746	2	4.96951275484881	4.96951275484881	2.95460287342297	0.594545787318914	7.02795233629327	0.41018	0.935636943074854
ENSDARG00000099749	7	1.98933637219876	2.12613197223854	1.33917344982073	0.673175973925705	5.26328931489334	0.87046	1
ENSDARG00000099753	11	1.99299546465831	0.57210937755394	1.82522800915775	0.915821456458093	6.61001816515164	0.53837	1
ENSDARG00000099755	8	3.87845676067114	3.56138607653155	2.16335191513819	0.557786781865227	10.9699323040375	0.18124	0.69688731394031
ENSDARG00000099757	8	1.42004436319106	0.791218163873645	1.36448858190681	0.960877432618083	4.01649199519253	0.92581	1
ENSDARG00000099758	3	1.25129150137537	1.17193618839342	0.670821446901915	0.536103255048545	2.16730045546128	0.71884	1
ENSDARG00000099766	6	2.1126446962327	2.22999016054289	1.57734000900286	0.746618686907268	5.17490151356728	0.99509	1
ENSDARG00000099768	30	2.02730175975044	1.99019799966172	1.1240918953401	0.554476850786378	11.1039890468523	0.47647	0.97721514809591
ENSDARG00000099771	1	2.91579268739919	2.91579268739919	NA	NA	2.91579268739919	0.22083	0.752974368932039
ENSDARG00000099772	4	4.03304604994125	4.81634343554019	1.86467790476576	0.462349767812081	8.06609209988249	0.0629	0.430528715534633
ENSDARG00000099774	5	5.26920587414827	6.11264272272647	2.22674552061228	0.422596037011406	11.7823025220367	0.00402	0.0791403481624758
ENSDARG00000099776	6	3.72603957724632	2.59981605303891	3.85995164290506	1.03593951778626	9.12689572566903	0.83923	1
ENSDARG00000099783	17	5.23829863785639	3.63369876434992	3.99845441221652	0.763311656826951	21.598058582411	0.06003	0.42166
ENSDARG00000099786	11	2.38140076146784	2.34570398574245	1.53359287393027	0.643987731399314	7.89821280125546	0.77758	1
ENSDARG00000099791	3	0.601668135230672	0.57210937755394	0.0793449658577986	0.131874967630418	1.04211977951474	0.96078	1
ENSDARG00000099793	18	3.27353603621227	3.06765872118138	2.71331662568355	0.828864138249435	13.8884371779853	0.87874	1
ENSDARG00000099799	8	2.84907154356393	3.29045840875602	1.77612896441602	0.623406235069213	8.05839123415871	0.21056	0.741806742817584
ENSDARG00000099802	10	4.62135765453958	4.53497570920178	1.47994640761446	0.320240612877193	14.6140160705987	0.00145	0.0371740554156171
ENSDARG00000099804	8	3.48621453584366	3.67570150247585	1.68239543639988	0.48258517056316	9.86050375586466	0.03512	0.320543273703041
ENSDARG00000099812	33	2.57947232689469	2.1384801920119	2.16823972742631	0.840574913256215	14.8179403768578	0.40379	0.93110022655188
ENSDARG00000099817	4	2.00566464858581	1.91691413268463	0.868552114322518	0.433049520484359	4.01132929717163	0.50393	0.991302578275995
ENSDARG00000099829	2	4.29006076291919	4.29006076291919	3.70713949449854	0.864122840995846	6.06706211432499	0.05625	0.405175159235669
ENSDARG00000099833	11	1.09365379586776	0.901401332181743	0.940971719976258	0.860392679595324	3.62723929144129	0.99037	1
ENSDARG00000099839	10	2.83522869633487	2.19315229999806	1.83441026437374	0.647006101040491	8.96578036788809	0.09426	0.524297629710541
ENSDARG00000099840	3	2.0101350529161	2.00612033379739	0.588605032347076	0.29281864991767	3.48165604172584	0.46337	0.968863311555737
ENSDARG00000099843	27	1.44295414895277	0.964655703637856	2.01328435300225	1.39525178569492	7.49780969693554	0.97376	1
ENSDARG00000099844	4	1.10056630605715	1.0373818305514	0.762538913892325	0.692860493452837	2.2011326121143	0.9667	1
ENSDARG00000099850	2	3.2585010208749	3.2585010208749	2.95462157927407	0.906742566703496	4.60821633672785	0.13255	0.609117688487585
ENSDARG00000099851	2	2.24716559762994	2.24716559762994	0.322355633162176	0.143449879039694	3.1779720650665	0.26097	0.804928409572857
ENSDARG00000099874	10	1.56065582594078	1.02810045826802	1.39899685401182	0.896416000733853	4.93522705358417	0.98549	1
ENSDARG00000099885	23	2.42408226119045	2.4840428893166	1.68652597694534	0.695737930987995	11.6254901233203	0.14041	0.622427256097561
ENSDARG00000099888	12	4.0317171684246	2.93163895428276	3.29424579407974	0.817082562209336	13.9662779549183	0.01813	0.217979834710744
ENSDARG00000099890	1	0.881028429036563	0.881028429036563	NA	NA	0.881028429036563	0.83316	1
ENSDARG00000099892	3	4.35930846576792	4.68940019300684	2.24526294750264	0.515050257428187	7.55054374857517	0.03969	0.343799846808511
ENSDARG00000099895	1	1.66871728755481	1.66871728755481	NA	NA	1.66871728755481	0.49736	0.986808850865254
ENSDARG00000099913	6	2.81564049502636	1.97419929848189	2.89732679099339	1.02901162137401	6.89688251193203	0.17076	0.677832587685113
ENSDARG00000099917	7	1.15685574357837	1.28792818639663	0.800687437820923	0.692123838486764	3.06075260028508	0.89816	1
ENSDARG00000099918	6	1.21445073177811	1.17637239236666	0.968659594425912	0.797611273211284	2.974784610606	0.87793	1
ENSDARG00000099919	1	0.69154966776939	0.69154966776939	NA	NA	0.69154966776939	0.78236	1
ENSDARG00000099921	8	2.29837154479726	2.56716272784287	1.74177048625069	0.757828076227914	6.50077642004938	0.31763	0.85956876894443
ENSDARG00000099931	13	3.42519391111958	2.8876605376282	2.61019803206945	0.762058470206806	12.3497122749487	0.36651	0.90630193877551
ENSDARG00000099943	7	5.21488194669473	2.48220344669442	8.22916862835315	1.57801628348824	13.7972807475146	0.23848	0.777217239833493
ENSDARG00000099945	1	2.50839500877384	2.50839500877384	NA	NA	2.50839500877384	0.3053	0.849307986977754
ENSDARG00000099946	4	2.6356910734953	2.07230026290465	1.9062834698074	0.723257550544193	5.27138214699059	0.20013	0.726355496453901
ENSDARG00000099954	3	3.02257990363421	2.79418303265584	1.22415483529579	0.405003299937223	5.23526196303109	0.14159	0.626566530434783
ENSDARG00000099960	6	2.04953386540224	1.84720560777114	1.27897471366284	0.624031998325544	5.02031218078955	0.39849	0.927282350251486
ENSDARG00000099961	1	2.57465625873556	2.57465625873556	NA	NA	2.57465625873556	0.68078	1
ENSDARG00000099972	15	1.51816442936314	1.26005965485685	1.31532246182998	0.866389988060613	5.87982555172793	0.97448	1
ENSDARG00000099973	22	1.6498420738841	1.55076145630615	1.07797265909531	0.653379299848696	7.73844526456573	0.9475	1
ENSDARG00000099986	12	3.61550092774616	1.70970734060733	4.93000495049764	1.36357452231963	12.5244626033375	0.01321	0.177845740740741
ENSDARG00000099999	13	2.41681797545492	2.87029978623373	1.45242150644414	0.600964375966603	8.71396113396579	0.8761	1
ENSDARG00000100007	8	1.76165793551186	1.29602003636594	2.08532874333121	1.18373079205374	4.98272108932611	0.81418	1
ENSDARG00000100011	22	1.49166709841568	1.34190116620437	0.909477657374968	0.609705515621373	6.99653886681898	0.99018	1
ENSDARG00000100012	9	2.66153729154117	1.43622986422208	2.34969020667022	0.882831968628785	7.98461187462352	0.30754	0.849307986977754
ENSDARG00000100013	30	2.51265782369695	1.40174849982714	3.19495037398287	1.27154216696408	13.7623936933066	0.10498	0.556030176899063
ENSDARG00000100025	1	1.86545323951849	1.86545323951849	NA	NA	1.86545323951849	0.48856	0.981943854660348
ENSDARG00000100028	2	0.812210444600649	0.812210444600649	1.14863902625532	1.4142135623731	1.14863902625532	0.8472	1
ENSDARG00000100031	3	1.01722915895183	0.821835181886815	0.352564750504978	0.346593240473237	1.76189258624512	0.94125	1
ENSDARG00000100053	2	1.89041759610348	1.89041759610348	1.27320958718513	0.673507054636742	2.67345420295829	0.56159	1
ENSDARG00000100055	7	1.81759791324819	2.01038949386681	0.850830281687369	0.468106986416411	4.80891206196467	0.73631	1
ENSDARG00000100056	21	2.1597502807755	2.27012379329189	1.14311453017924	0.529280880458449	9.89721914385586	0.84312	1
ENSDARG00000100057	10	1.69861089862302	1.42831802965732	1.40013770153834	0.824283950299248	5.3714792980341	0.69978	1
ENSDARG00000100060	5	3.95348904490991	3.35700366384317	2.56773559231859	0.649485951054938	8.84027025271927	0.03247	0.306471936978684
ENSDARG00000100075	8	3.44156647852241	2.76487069536499	2.72963234185903	0.793136601862464	9.73421997947	0.02632	0.27168860040568
ENSDARG00000100082	9	1.95392986526664	1.01628741068726	1.89573286758254	0.970215411147239	5.86178959579992	0.42459	0.942936290639319
ENSDARG00000100084	6	2.71415386399843	2.72268517465483	0.796843057793245	0.293588019589779	6.64829205019949	0.52999	1
ENSDARG00000100089	7	3.17136707498678	3.17861892299263	2.79645521748053	0.881782257101914	8.39064859651334	0.11258	0.570423731343284
ENSDARG00000100093	33	3.16166438459128	1.3369455356059	5.38079383620877	1.70188646917512	18.1623791246127	0.01472	0.193566098191214
ENSDARG00000100096	1	3.97933604119276	3.97933604119276	NA	NA	3.97933604119276	0.11298	0.571810263550472
ENSDARG00000100097	15	1.99338063622895	1.86434111241728	1.27460960442038	0.63942108258444	7.72033000676709	0.42938	0.945493057958477
ENSDARG00000100108	13	2.85799766873365	2.3732351737868	1.8104694110671	0.633474768322431	10.3046571397757	0.16407	0.66607461722488
ENSDARG00000100114	13	4.05760166238505	4.59156431983321	2.66753091167905	0.657415669065721	14.6298908491372	0.00373	0.0753252777777778
ENSDARG00000100116	3	2.08951434739333	1.63518712261783	0.800038993798455	0.382882747274028	3.61914501282937	0.54972	1
ENSDARG00000100118	1	3.43343630546829	3.43343630546829	NA	NA	3.43343630546829	0.18094	0.696523192133132
ENSDARG00000100119	7	2.12185690345658	1.88089939360961	0.955935859915529	0.45051853325183	5.6139056842117	0.88197	1
ENSDARG00000100127	4	1.47415186928205	1.38228262803424	0.48057734026967	0.326002598703567	2.9483037385641	0.66654	1
ENSDARG00000100128	9	3.59885779381537	4.38914850145645	2.33378359206398	0.648478969098079	10.7965733814461	0.03789	0.332738930112166
ENSDARG00000100129	16	2.42418558637748	2.3953427036047	1.45943563453996	0.602031314244727	9.69674234550991	0.6106	1
ENSDARG00000100133	1	4.09886970767191	4.09886970767191	NA	NA	4.09886970767191	0.16162	0.664839296969697
ENSDARG00000100136	10	3.17358092483496	3.75832849919985	1.91578501130345	0.603666664464551	10.0357440613421	0.07772	0.477389354254677
ENSDARG00000100145	2	8.16209452235615	8.16209452235615	4.94949578574871	0.606400204284812	11.5429447708872	0.30697	0.849307986977754
ENSDARG00000100150	10	5.68800987763035	3.88546360484432	4.40366533096803	0.774201421183646	17.9870665668475	3e-04	0.0112671586715867
ENSDARG00000100151	58	2.71188074889778	2.50530145851741	1.74467830740524	0.643346248950786	20.6530684737658	0.02717	0.27673982
ENSDARG00000100152	2	1.39894001305452	1.39894001305452	1.97839993940809	1.4142135623731	1.97839993940809	0.72152	1
ENSDARG00000100159	3	5.70281956874102	5.39263534980289	0.658047832441573	0.115389909238676	9.87757323945748	0.02274	0.249355522066738
ENSDARG00000100162	2	2.36996789808252	2.36996789808252	0.884600323591789	0.373254137453717	3.35164074385715	0.25427	0.797344582691715
ENSDARG00000100163	11	1.56473376133097	1.78214493080104	0.746369877060354	0.476994806084767	5.18963478313634	0.89555	1
ENSDARG00000100166	29	2.87773415057693	2.44939824904574	2.17435034196454	0.755577210469085	15.497072671976	0.65137	1
ENSDARG00000100170	15	4.09432858424743	3.84594021754102	3.04072162683255	0.742666731373604	15.8572664206913	0.64546	1
ENSDARG00000100186	5	0.623711337183058	0	0.979497911234117	1.5704346752104	1.39466094827861	0.98231	1
ENSDARG00000100192	6	3.44726746774679	3.67057815661498	0.536574148860532	0.155652021167725	8.4440463028759	0.0418	0.350734047815334
ENSDARG00000100198	14	2.13529110648109	2.04822870694946	1.42748015862489	0.668517821430604	7.98952774147769	0.50812	0.992716406909789
ENSDARG00000100206	15	3.1424050665117	2.92496079391118	1.90307796261008	0.605611919001466	12.1704824896376	0.02719	0.27673982
ENSDARG00000100219	2	3.6789692586258	3.6789692586258	1.42896513124298	0.388414534286362	5.2028482211023	0.0964	0.533818933623504
ENSDARG00000100222	25	2.20368610148227	1.6016534780358	2.16336570286863	0.981703202381445	11.0184305074114	0.24602	0.78753154619736
ENSDARG00000100227	1	1.96770110303155	1.96770110303155	NA	NA	1.96770110303155	0.48098	0.97776206662677
ENSDARG00000100231	2	1.24034252073022	1.24034252073022	0.157413524452444	0.126911334427018	1.75410921480471	0.65778	1
ENSDARG00000100232	10	1.85357752056032	1.64762161158759	1.40201177198133	0.756381514357982	5.86152678465821	0.49813	0.986808850865254
ENSDARG00000100247	6	3.13753678258823	1.73597753059861	4.39367549402394	1.40035824230226	7.6853641665548	0.08709	0.5042104778157
ENSDARG00000100260	2	1.52487018457126	1.52487018457126	1.3909141453179	0.912152496252639	2.15649209587904	0.52621	1
ENSDARG00000100261	14	1.60617898095465	1.56895148095009	1.31576537295585	0.81918975939643	6.00977144857003	0.71167	1
ENSDARG00000100267	2	1.98793459638864	1.98793459638864	0.803928416820296	0.404403856284176	2.81136406732351	0.72027	1
ENSDARG00000100270	7	1.72732594085027	1.75069477039172	0.742538680582959	0.429877571466012	4.57007487264048	0.87697	1
ENSDARG00000100274	9	3.21310276814866	3.0744068855864	2.26065831947425	0.703574856641391	9.63930830444597	0.43361	0.9481322895189
ENSDARG00000100280	12	0.78552640489361	0.835750022330302	0.76284443723973	0.971125136580288	2.72114328792531	0.99745	1
ENSDARG00000100292	1	2.4132181699645	2.4132181699645	NA	NA	2.4132181699645	0.34112	0.883197761953204
ENSDARG00000100294	13	2.7725409215852	1.90968754712783	2.12522162384149	0.766524889604297	9.99653845609764	0.073	0.464081199250468
ENSDARG00000100296	14	1.41171795306388	1.46639272661829	0.783477470857544	0.5549815876161	5.28216490712286	0.9865	1
ENSDARG00000100302	1	5.11764099656412	5.11764099656412	NA	NA	5.11764099656412	0.04439	0.361685408
ENSDARG00000100304	5	6.20560279149353	3.42256854700796	5.28133380856761	0.851058952050093	13.876149683142	0.00291	0.0626172938689218
ENSDARG00000100308	2	2.52773003044194	2.52773003044194	1.0797155382432	0.427148281359155	3.57475009106875	0.29389	0.842718937007874
ENSDARG00000100313	40	2.9969900907897	2.19418977526059	2.8718218609272	0.958235354115061	18.9546296237005	0.09858	0.538854586466165
ENSDARG00000100317	10	2.81396189270487	1.93861318310176	2.26586322868344	0.805221717663498	8.89852882986573	0.50065	0.988672041133101
ENSDARG00000100324	10	4.88709138267908	4.65571331890935	4.08351008897822	0.835570642990444	15.4543399026475	0.0017	0.0418949152542373
ENSDARG00000100325	1	1.19500419975371	1.19500419975371	NA	NA	1.19500419975371	0.69232	1
ENSDARG00000100342	24	3.07449158626828	2.36613022902785	2.615957897485	0.850858694546036	15.0618712096747	0.023	0.250904608788853
ENSDARG00000100349	5	3.37390003568348	2.47487373345283	3.26855046731766	0.968775136414355	7.54426982907722	0.38543	0.917471959775491
ENSDARG00000100357	6	1.89262868338987	1.43319911352998	1.84795140499254	0.976394060393663	4.63597454686071	0.60328	1
ENSDARG00000100359	19	1.50103383018404	1.6244208892013	1.0350071721969	0.689529543827803	6.54285477660801	0.97464	1
ENSDARG00000100361	4	2.55311114550808	2.40141828934046	0.485678873462226	0.190230211605447	5.10622229101616	0.19465	0.720679410694798
ENSDARG00000100363	3	1.33765639230303	1.04782277521322	1.31235663518878	0.981086505279061	2.31688883453814	0.72907	1
ENSDARG00000100375	6	3.82944001782911	2.228784063283	4.53508251240017	1.1842678018942	9.38017404427584	0.02378	0.255578500527983
ENSDARG00000100376	8	2.33844785571024	2.25517666557443	0.735848649963582	0.314673961263117	6.6141293448954	0.26484	0.811209557894737
ENSDARG00000100385	12	3.0421345774108	3.18531305558781	0.880953799354822	0.289584098578772	10.5382633030752	0.03605	0.324418125552608
ENSDARG00000100394	19	1.86103746112745	1.74070192985344	1.43400195811927	0.770539007447237	8.11207422319805	0.6168	1
ENSDARG00000100398	3	3.94210669542098	3.96520016444514	1.32945629160042	0.337245131681665	6.82792908532659	0.07322	0.464953869158878
ENSDARG00000100402	10	1.57020774644805	1.50033926076254	0.789520947976179	0.50281305117883	4.965432878416	0.98336	1
ENSDARG00000100407	14	2.37954726512923	1.2786002422261	2.34930983209734	0.987292778977327	8.90345060174853	0.68426	1
ENSDARG00000100409	6	2.73492157680699	2.5120739706099	1.87067326564937	0.683995212701265	6.69916234970511	0.49783	0.986808850865254
ENSDARG00000100421	1	2.79418303265584	2.79418303265584	NA	NA	2.79418303265584	0.25572	0.798932387968079
ENSDARG00000100424	2	2.07071919589656	2.07071919589656	0.747944240122835	0.361200225315436	2.92843917070322	0.35261	0.892155042225534
ENSDARG00000100427	7	3.57777465264532	3.35700366384317	2.01038097302461	0.561908216197513	9.46590197793001	0.02498	0.264332066458982
ENSDARG00000100435	9	1.04449974023477	0.65972728695013	1.17613720018429	1.12602919357351	3.13349922070431	0.99761	1
ENSDARG00000100439	2	8.485855838953	8.485855838953	10.0413407873011	1.18330324929724	12.0008124157902	0.00324	0.0675752459016393
ENSDARG00000100440	11	2.00338818074347	2.0906816859023	0.613341872046	0.306152286382354	6.64448690495881	0.42237	0.941827146923582
ENSDARG00000100446	18	2.19154592580704	1.6244208892013	1.63295400450593	0.745115119549498	9.29794191251944	0.29064	0.838027110481587
ENSDARG00000100452	10	3.51385957965493	1.95648768006204	3.06952838598558	0.87354896130682	11.1117996497114	0.23101	0.76867183006536
ENSDARG00000100456	7	1.82866217198884	0.522178229515474	2.69911396806159	1.476004704098	4.8381853390337	0.66945	1
ENSDARG00000100461	4	2.79064102617299	2.85944338456756	1.37363296399271	0.492228470487467	5.58128205234599	0.16289	0.66518023246493
ENSDARG00000100468	2	2.34013842920882	2.34013842920882	1.65208745255577	0.705978514747235	3.30945550441758	0.27421	0.82269667648792
ENSDARG00000100481	24	1.49348397704433	1.17096278048746	1.12848114938244	0.755603117762103	7.31654736556224	0.95499	1
ENSDARG00000100482	6	1.47762579271116	1.5821460782151	0.729204522446789	0.493497424073006	3.61942922291784	0.70258	1
ENSDARG00000100484	1	2.3331065642714	2.3331065642714	NA	NA	2.3331065642714	0.32619	0.870624412997903
ENSDARG00000100486	11	2.50812784272899	0.882318605824622	3.47591464450189	1.38586023618314	8.31851898057557	0.16446	0.666616439665472
ENSDARG00000100494	58	1.95175575015555	1.47615751169469	1.40152151738995	0.718082432844504	14.8641289512499	0.98603	1
ENSDARG00000100498	7	2.88915269832585	2.86809409270736	1.09424778333168	0.378743492500674	7.64397953946142	0.08681	0.50339367881549
ENSDARG00000100499	13	1.89913372758388	1.7902947478648	1.20130229506622	0.63255276741072	6.84742403376674	0.98626	1
ENSDARG00000100503	20	2.23369298357563	1.8364300442387	2.20017667208336	0.984995112695113	9.98937870427884	0.60654	1
ENSDARG00000100506	31	1.95199656176405	1.42405447347082	2.27462385954863	1.16528066908736	10.8682568929566	0.44148	0.953040721102863
ENSDARG00000100511	1	2.3331065642714	2.3331065642714	NA	NA	2.3331065642714	0.32744	0.871753946680606
ENSDARG00000100513	4	4.24965432583196	4.5291301845249	2.03674589171096	0.479273309203149	8.49930865166392	0.02362	0.25466563559322
ENSDARG00000100514	1	5.19626659676391	5.19626659676391	NA	NA	5.19626659676391	0.05889	0.416527046560111
ENSDARG00000100524	31	3.08456507564957	2.37127518680783	2.74150542197768	0.888781839494943	17.1741315030317	0.07655	0.474209312233719
ENSDARG00000100529	27	2.39756714403463	2.06641238603354	1.76048545340724	0.734279937805911	12.4581243240774	0.12718	0.598169149722736
ENSDARG00000100534	4	1.27777021278076	0.506105571725563	1.89693315854635	1.48456517421714	2.55554042556152	0.73792	1
ENSDARG00000100536	5	1.84540518370299	1.83545146593575	0.644797004594197	0.349406737495094	4.12645143679038	0.78085	1
ENSDARG00000100553	30	2.21122058252721	2.17151947709501	1.45809324862237	0.659406510659334	12.1113539266987	0.97499	1
ENSDARG00000100555	28	1.64768714956258	1.4262227874269	1.24604985040896	0.756241772438264	8.71874087235896	0.94286	1
ENSDARG00000100560	17	2.27220216751892	1.54504400503116	1.96422376536708	0.86445818661984	9.36852953943792	0.30698	0.849307986977754
ENSDARG00000100564	9	2.32743314259613	1.57275094726751	1.96321443796921	0.843510561931481	6.98229942778838	0.26772	0.815824598802395
ENSDARG00000100585	3	2.59018211256857	2.52007836465314	0.953180868516063	0.367997626070714	4.48632701982486	0.5255	1
ENSDARG00000100586	1	2.9700020859458	2.9700020859458	NA	NA	2.9700020859458	0.26225	0.807130480798307
ENSDARG00000100587	21	4.23764303449038	3.1680428406548	3.70243019629581	0.873700348557336	19.4193199737545	0.00027	0.0103310526315789
ENSDARG00000100592	22	1.90211155680242	1.92870482653375	1.35821729296726	0.714057641945311	8.92169402296834	0.88313	1
ENSDARG00000100593	4	3.71950832548284	3.80360518884806	0.673101976707632	0.180965309876072	7.43901665096568	0.06501	0.437903229649239
ENSDARG00000100598	3	4.82947823516911	5.88162425564693	3.12019287188558	0.646072457509755	8.36490167736098	0.01943	0.227832419354839
ENSDARG00000100606	7	3.54213663598595	3.29287503731686	3.00196784023327	0.84750198784968	9.37161264862975	0.03982	0.344047504244482
ENSDARG00000100607	27	1.72879188746177	1.36249970283902	1.47794954359779	0.854903099856473	8.98306615439003	0.97802	1
ENSDARG00000100616	6	2.67056061419472	2.03387223800356	2.61873574384593	0.980594010833032	6.54151083195071	0.17358	0.6834924516628
ENSDARG00000100623	35	1.71657923051457	1.62007730573395	1.57553971936936	0.917836876598508	10.1554196817359	0.83702	1
ENSDARG00000100624	16	2.10409456580841	1.41533683332494	2.15918371613393	1.02618187947478	8.41637826323363	0.64241	1
ENSDARG00000100631	1	0	0	NA	NA	0	1	1
ENSDARG00000100636	14	1.5609772092002	0.9700529389907	1.3033640282287	0.834966725040466	5.84064190538971	0.90247	1
ENSDARG00000100642	2	1.7860826949785	1.7860826949785	1.54080314405198	0.862671783553968	2.52590237075848	0.80915	1
ENSDARG00000100646	5	0.739405809209934	0.656554768926321	0.348882278306097	0.471841408277388	1.65336165235165	0.97952	1
ENSDARG00000100654	2	8.5496971760591	8.5496971760591	5.45928434822045	0.638535404915576	12.0910977005657	0.00484	0.0915641635687732
ENSDARG00000100657	3	1.93727787608992	1.96770110303155	0.179548893304672	0.0926810219229171	3.35546370976686	0.37589	0.910906766666667
ENSDARG00000100658	6	2.68510671759473	3.09711290505423	1.04630982939862	0.389671599472175	6.5771413630265	0.13882	0.619969267222466
ENSDARG00000100666	34	1.65475221553465	1.35688947007485	1.46095014721341	0.882881517545743	9.64878056667123	0.93945	1
ENSDARG00000100670	9	3.56488069516515	2.41328317098102	3.10763596901433	0.871736317355317	10.6946420854954	0.48114	0.97776206662677
ENSDARG00000100679	10	1.21296554110475	1.0056910416302	1.16115866095398	0.957289075084869	3.8357338331896	0.9124	1
ENSDARG00000100690	1	4.61379969476125	4.61379969476125	NA	NA	4.61379969476125	0.0457	0.365050933333333
ENSDARG00000100691	16	2.04695529492384	2.15865229342406	0.833188883405497	0.407038143662291	8.18782117969535	0.77885	1
ENSDARG00000100693	5	1.27982329474476	0.841000624206828	1.2300453595378	0.961105618712084	2.86177188623703	0.78725	1
ENSDARG00000100708	8	2.37125622659097	2.45068013465935	1.61773490516413	0.682226950855438	6.7069254310132	0.40207	0.930962514181983
ENSDARG00000100718	8	0.803861907033756	0.476817141037176	0.831268633995343	1.03409382472509	2.27366482240448	0.9981	1
ENSDARG00000100722	38	2.58632272242453	2.88790875785329	1.51974347676262	0.587607827741599	15.9431640063106	0.11891	0.58591074843071
ENSDARG00000100725	5	2.15635884506856	1.97380953902242	1.29977410014694	0.602763358760735	4.82176496145624	0.49059	0.983111836975783
ENSDARG00000100741	1	1.92870913052087	1.92870913052087	NA	NA	1.92870913052087	0.37381	0.909903005008347
ENSDARG00000100752	4	4.2785066132477	3.40069482784124	4.51339169031691	1.05489884632688	8.5570132264954	0.23466	0.772870294022617
ENSDARG00000100755	2	2.42999111155046	2.42999111155046	0.239857024425328	0.0987069554638359	3.43652638640073	0.25171	0.7948819050574
ENSDARG00000100766	8	2.77693836903259	2.6451162995249	1.50262280507011	0.541107725625751	7.85436780672022	0.34705	0.887118875219684
ENSDARG00000100772	1	1.46258844270686	1.46258844270686	NA	NA	1.46258844270686	0.58088	1
ENSDARG00000100773	11	2.45398441224201	1.44343139942018	3.25782839203675	1.32756686464049	8.13894553678758	0.25437	0.797344582691715
ENSDARG00000100797	4	2.41458886449152	2.6601362859455	1.65682928673148	0.686174491689451	4.82917772898305	0.23194	0.768952872964169
ENSDARG00000100805	6	2.3258142712695	2.43427974864859	1.34378387946311	0.577769212298123	5.69705820109338	0.28053	0.828084205336427
ENSDARG00000100813	8	4.57116376258609	3.25306010402569	6.09179761654412	1.3326579254071	12.9292035777554	0.00202	0.0475915740740741
ENSDARG00000100821	4	1.98128365199693	1.95064745624893	1.43576931576342	0.724666210371395	3.96256730399387	0.8326	1
ENSDARG00000100823	1	1.25792877411841	1.25792877411841	NA	NA	1.25792877411841	0.87025	1
ENSDARG00000100825	1	27.5366155639706	27.5366155639706	NA	NA	27.5366155639706	0.00497	0.0933296309963099
ENSDARG00000100829	3	5.9131992673712	4.97758521732432	4.60740030072155	0.779172169310275	10.241961566366	0.53136	1
ENSDARG00000100847	9	2.01414052020911	1.43956230368816	1.96054179319668	0.973388784707599	6.04242156062733	0.3796	0.913063235710912
ENSDARG00000100850	9	2.27600658001186	1.75840217275202	1.75190710244594	0.769728487532231	6.82801974003559	0.6466	1
ENSDARG00000100851	4	3.63114903003603	3.32267375297506	2.23902614375655	0.61661642781275	7.26229806007207	0.0895	0.510951556550952
ENSDARG00000100857	15	1.91567738168112	1.71077433334494	1.39207739847073	0.726676324407556	7.41938659595721	0.48911	0.982020477129337
ENSDARG00000100869	6	3.75853535842743	4.18656721241574	1.71323948381204	0.45582635799091	9.20649380835589	0.04533	0.36385547318612
ENSDARG00000100872	7	1.44111860256913	1.42405447347082	1.48090966519579	1.02761123377058	3.81284143214684	0.72875	1
ENSDARG00000100876	22	1.71582878595916	1.02754813765032	1.89798720584888	1.10616351781736	8.04795037882154	0.85921	1
ENSDARG00000100889	11	1.25167218274691	0.881028429036563	1.48860062391788	1.18928953158567	4.15132699069665	0.91314	1
ENSDARG00000100896	7	1.94459551913767	2.01922574346728	1.02928822411492	0.529307104734745	5.14491614424882	0.41886	0.941324544049459
ENSDARG00000100897	26	2.33765644967889	1.7929105047964	1.69219442941331	0.723884995866591	11.9197558529887	0.1713	0.678929672897196
ENSDARG00000100908	5	1.20248127535496	1.1692680663301	0.356009312330744	0.296062250304608	2.68882987336432	0.82984	1
ENSDARG00000100913	1	0	0	NA	NA	0	1	1
ENSDARG00000100918	4	4.01496407058355	2.07840874809264	5.20210174247805	1.29567828030948	8.0299281411671	0.03599	0.324418125552608
ENSDARG00000100938	1	5.25719022651858	5.25719022651858	NA	NA	5.25719022651858	0.10773	0.562872659137577
ENSDARG00000100940	2	1.22927985603395	1.22927985603395	1.06546131980849	0.866736174499771	1.73846424435525	0.72594	1
ENSDARG00000100944	1	2.31869119347104	2.31869119347104	NA	NA	2.31869119347104	0.39771	0.927282350251486
ENSDARG00000100949	4	1.1317541872765	1.20483380590874	0.317498043727492	0.28053622181998	2.263508374553	0.80637	1
ENSDARG00000100954	6	2.39817398310899	2.46744753654115	1.12191162005172	0.467819110687405	5.87430257303496	0.37153	0.909903005008347
ENSDARG00000100959	1	1.51348207269889	1.51348207269889	NA	NA	1.51348207269889	0.57264	1
ENSDARG00000100962	4	0.944204203159944	0.50757035087073	0.940879817316872	0.996479166443078	1.88840840631989	0.91944	1
ENSDARG00000100973	1	0.57210937755394	0.57210937755394	NA	NA	0.57210937755394	0.81286	1
ENSDARG00000100981	2	30.2926786651978	30.2926786651978	10.312098864314	0.340415549852356	42.8403170089328	0	0
ENSDARG00000100991	1	0	0	NA	NA	0	1	1
ENSDARG00000101009	6	2.7349770877997	2.64377556755635	2.4939019819733	0.911854798747019	6.69929832331238	0.60615	1
ENSDARG00000101018	19	3.50168657777724	3.4073177290306	2.66979088041538	0.762429995122543	15.2634979244838	0.00405	0.0794236994219653
ENSDARG00000101024	9	2.45113706788172	2.09967151460726	1.64721754116549	0.672021798678528	7.35341120364517	0.19825	0.725040783327345
ENSDARG00000101030	4	3.47122819485884	3.63623266929332	1.42377135747885	0.410163572532502	6.94245638971768	0.06273	0.430286087542088
ENSDARG00000101036	1	2.13677230477683	2.13677230477683	NA	NA	2.13677230477683	0.42705	0.944348693009119
ENSDARG00000101047	6	2.48004181438748	2.43610409696978	1.67226403627106	0.674288645687241	6.07483698601552	0.458	0.963522943365027
ENSDARG00000101048	1	0.674815068749066	0.674815068749066	NA	NA	0.674815068749066	0.79669	1
ENSDARG00000101050	1	0	0	NA	NA	0	1	1
ENSDARG00000101054	11	3.25324941479081	3.14423290187059	1.55660704830404	0.478477623396157	10.7898076583044	0.93534	1
ENSDARG00000101057	3	2.11503390670719	2.05219271582677	1.007943840139	0.476561551539488	3.66334618614775	0.44188	0.953658744698897
ENSDARG00000101061	9	1.51609102445286	1.27082850909354	1.26577738613059	0.834895376144977	4.54827307335859	0.84072	1
ENSDARG00000101063	5	2.84992302528747	2.96241397538507	1.42425319084682	0.499751459323418	6.37262161518464	0.12499	0.597169803001876
ENSDARG00000101069	1	1.28370317467633	1.28370317467633	NA	NA	1.28370317467633	0.65994	1
ENSDARG00000101072	24	1.80878917792768	1.50080317616286	1.61214562735352	0.891284427741074	8.86122107638212	0.60125	1
ENSDARG00000101074	7	2.07410256889056	1.90852956019654	1.6076212621805	0.775092459887566	5.48755959092463	0.94887	1
ENSDARG00000101079	50	1.57879004888021	1.09716404853414	1.91597860275572	1.21357403038781	11.1637314963303	0.95407	1
ENSDARG00000101080	10	1.70456505929585	1.31204394540109	1.54349214253521	0.905504975663891	5.39030800731486	0.91519	1
ENSDARG00000101081	12	1.83074393740852	1.70236121077845	1.37399120757856	0.750509767916254	6.34188303048052	0.82206	1
ENSDARG00000101085	7	2.01472928489642	2.3976442160211	1.18251069633811	0.586932797970875	5.33047264695492	0.47195	0.974306742347456
ENSDARG00000101090	4	1.29893690790152	1.29980475592265	0.349322783590624	0.268929754375035	2.59787381580305	0.72022	1
ENSDARG00000101094	13	1.35392533144271	1.38555567604735	0.906389712593712	0.669453249410648	4.88164720566627	0.93427	1
ENSDARG00000101102	1	1.40509268223156	1.40509268223156	NA	NA	1.40509268223156	0.63197	1
ENSDARG00000101106	33	1.33277492445073	1.28792818639663	0.905851525759369	0.679673296023855	7.65620904724218	0.98263	1
ENSDARG00000101109	13	2.83793376583605	2.00612033379739	3.0091982632783	1.0603483067519	10.2323157090925	0.06864	0.44898323907455
ENSDARG00000101110	2	1.41552922188304	1.41552922188304	0.359474011556383	0.253950258319771	2.00186062352243	0.68602	1
ENSDARG00000101112	1	0.531292386882995	0.531292386882995	NA	NA	0.531292386882995	0.8262	1
ENSDARG00000101115	2	2.02272546398231	2.02272546398231	0.0355843036426475	0.0175922557342951	2.8605657841212	0.54733	1
ENSDARG00000101116	15	2.04919637621385	1.57275094726751	1.47369522786951	0.719157639050849	7.93650343818485	0.59801	1
ENSDARG00000101120	30	2.25342575119486	1.57313881231707	2.01498587816688	0.894187828065092	12.3425211559245	0.23832	0.776944573991031
ENSDARG00000101127	14	7.78838744407072	7.50738083044546	3.47857873790533	0.446636580792288	29.1414774111646	0.00503	0.094282394106814
ENSDARG00000101134	11	1.28417634911028	1.10092782285774	0.749041007234505	0.58328515998092	4.25913111464726	0.90938	1
ENSDARG00000101139	21	1.62248227619412	1.13788788057288	1.19964948169023	0.739391424665829	7.43514784438382	0.93999	1
ENSDARG00000101143	3	1.83786494707084	1.20637105785855	1.19692096232272	0.65125621130669	3.18327546577657	0.59383	1
ENSDARG00000101144	13	2.15048870548619	1.39540085529522	1.59158984475317	0.740106116666784	7.75369729493665	0.31735	0.859496620542842
ENSDARG00000101150	3	1.05235225650788	0.365332227013753	1.20910425017595	1.14895391984832	1.8227275757314	0.85482	1
ENSDARG00000101169	2	2.87277255634424	2.87277255634424	0.288830820935936	0.100540789523376	4.06271391079525	0.15731	0.658618338132456
ENSDARG00000101172	9	2.18708625047593	2.31869119347104	0.967023844657766	0.442151673006646	6.5612587514278	0.45571	0.959895774006623
ENSDARG00000101175	3	0.387236125863384	0.470158709820762	0.353153439662726	0.911984745419434	0.670712644521518	0.97983	1
ENSDARG00000101178	22	2.65761788931614	2.585559445822	2.17229077595068	0.817382658614498	12.4653328316371	0.05101	0.386294479166667
ENSDARG00000101180	2	2.93279815501724	2.93279815501724	2.9974212586741	1.02203462367375	4.14760292652817	0.24881	0.790396211838006
ENSDARG00000101185	1	0.308950225135543	0.308950225135543	NA	NA	0.308950225135543	0.90287	1
ENSDARG00000101188	2	5.00600778523908	5.00600778523908	3.67565649394037	0.734249056659193	7.07956410323041	0.04056	0.34766265993266
ENSDARG00000101193	9	2.10821141013879	1.66266187498724	2.12420026780779	1.00758408648777	6.32463423041636	0.32907	0.873503295958279
ENSDARG00000101205	21	4.05974138904317	3.15603784679601	4.05757845945591	0.999467224786018	18.6040722172355	0.00031	0.0115152554744526
ENSDARG00000101210	3	4.88820066912918	5.01553704925696	2.72709152594943	0.557892711559907	8.46661191652393	0.02797	0.282699761668322
ENSDARG00000101212	22	2.9860520473759	3.05286782117625	2.05661005728409	0.688738851384526	14.005825582665	0.05599	0.403946137491141
ENSDARG00000101214	1	3.86944417931162	3.86944417931162	NA	NA	3.86944417931162	0.07332	0.464953869158878
ENSDARG00000101215	4	1.60331701227235	1.24650381491203	1.20904675022055	0.754090888430723	3.20663402454469	0.88297	1
ENSDARG00000101216	1	0.805998257847476	0.805998257847476	NA	NA	0.805998257847476	0.85254	1
ENSDARG00000101219	4	2.77409110982288	1.36090888874091	3.3240339224186	1.19824252009907	5.54818221964575	0.16413	0.66607461722488
ENSDARG00000101220	8	1.01995152686516	0.695109172110559	1.18476769260052	1.16159215550364	2.8848585645117	0.95683	1
ENSDARG00000101222	1	2.77070257856102	2.77070257856102	NA	NA	2.77070257856102	0.24662	0.788172052730697
ENSDARG00000101232	16	3.3658168693112	1.77750056156503	3.30015238392156	0.980490772986388	13.4632674772448	0.20125	0.726355496453901
ENSDARG00000101234	31	1.93844220383773	1.62458928002768	1.53652678345098	0.792660611912477	10.7927894219334	0.69729	1
ENSDARG00000101236	9	1.66535523588375	1.58709483460232	0.883068597373637	0.530258396734809	4.99606570765125	0.66528	1
ENSDARG00000101239	4	1.10810857909274	1.20210765579472	0.463300041114078	0.41809985939591	2.21621715818549	0.93206	1
ENSDARG00000101240	2	3.60036076643962	3.60036076643962	3.38000569711292	0.938796391911413	5.0916790253349	0.08843	0.508210355731225
ENSDARG00000101243	1	3.63556618677503	3.63556618677503	NA	NA	3.63556618677503	0.13412	0.612368726457399
ENSDARG00000101251	10	13.7905842170567	12.39389854094	6.88003545291759	0.498893690407118	43.6096563902691	0	0
ENSDARG00000101259	2	3.13062344649324	3.13062344649324	1.96032971644858	0.626178698892848	4.42737013671395	0.13417	0.612368726457399
ENSDARG00000101260	13	2.64678081787339	2.77409818706769	1.81791074755925	0.686838417175733	9.54310395375703	0.16014	0.662832419682798
ENSDARG00000101282	3	1.91265191056307	2.1311807081486	1.81329055700946	0.948050477452351	3.31281028628891	0.54884	1
ENSDARG00000101285	1	0.990977925630496	0.990977925630496	NA	NA	0.990977925630496	0.78162	1
ENSDARG00000101289	18	2.8736379913161	2.01252564474222	2.39419182199705	0.833157074493065	12.1918134620094	0.05133	0.386990177777778
ENSDARG00000101300	1	0.367093999458847	0.367093999458847	NA	NA	0.367093999458847	1	1
ENSDARG00000101306	1	1.28492197231192	1.28492197231192	NA	NA	1.28492197231192	0.72726	1
ENSDARG00000101307	5	8.9790631726152	3.84303909112097	10.1940709739084	1.13531565353041	20.0777956282325	1e-04	0.00475607476635514
ENSDARG00000101309	18	2.62435289987268	1.93344996843462	2.04932332703639	0.780887100639481	11.1341863903593	0.093	0.519228743828854
ENSDARG00000101316	1	1.19186501729813	1.19186501729813	NA	NA	1.19186501729813	0.74288	1
ENSDARG00000101317	11	5.34848104897773	5.41202978308216	3.84751425467892	0.719365782442906	17.7389048377856	0.27828	0.825739895165987
ENSDARG00000101318	43	5.53707609598325	3.43358641598994	5.62752713553587	1.01633552401749	36.3090361037923	1e-05	0.000656645161290323
ENSDARG00000101321	2	1.4044673943102	1.4044673943102	1.52692530836613	1.08719171021843	1.98621683694429	0.65574	1
ENSDARG00000101331	1	2.3331065642714	2.3331065642714	NA	NA	2.3331065642714	0.32767	0.871753946680606
ENSDARG00000101332	12	2.48635953893462	2.32321239893589	1.55299414556101	0.624605621689956	8.61300209463659	0.34572	0.88677877016129
ENSDARG00000101334	14	1.66936361341631	1.41253490761636	1.09316181672864	0.65483745299295	6.24618669535076	0.71868	1
ENSDARG00000101338	3	2.08573684452468	2.94466578406889	1.8156424129653	0.870504070411176	3.61260218593514	0.33858	0.881928387922211
ENSDARG00000101348	4	2.75945331299134	2.62082298030811	1.28171945672407	0.464483110002193	5.51890662598268	0.16548	0.668355333333333
ENSDARG00000101350	4	2.11388463186817	2.06621628699495	0.961351983450429	0.454779777929898	4.22776926373634	0.32224	0.866245360443623
ENSDARG00000101358	1	0.586213345141312	0.586213345141312	NA	NA	0.586213345141312	1	1
ENSDARG00000101361	14	1.44969745065251	1.47915331165743	0.676140401278722	0.466401041799714	5.42427117482133	0.92681	1
ENSDARG00000101362	3	3.09369118297666	2.3331065642714	1.98481394696897	0.641568220477405	5.35843031184344	0.17654	0.687335857852503
ENSDARG00000101363	1	4.23890495558404	4.23890495558404	NA	NA	4.23890495558404	0.07655	0.474209312233719
ENSDARG00000101365	10	5.24169705394008	4.94603471768495	2.99291253186153	0.570981592614517	16.5757014950451	0.0013	0.0343672727272727
ENSDARG00000101366	9	1.60298277742642	1.64669703397626	1.02464728886646	0.639212911888876	4.80894833227925	0.7928	1
ENSDARG00000101379	1	1.86434111241728	1.86434111241728	NA	NA	1.86434111241728	0.44	0.952834042553191
ENSDARG00000101380	4	12.9147034183063	5.04043339748162	18.3751122078028	1.42280558930656	25.8294068366126	0	0
ENSDARG00000101385	2	2.00202262263955	2.00202262263955	1.02019861802341	0.509583960983586	2.8312875451146	0.33577	0.879204286081811
ENSDARG00000101387	4	4.54187382670851	5.49924338885099	2.40633707897638	0.529811520704495	9.08374765341702	0.22931	0.766390702560735
ENSDARG00000101404	3	1.49218329673433	0.851039226007627	1.15057136345831	0.771065703507306	2.58453728414949	0.70714	1
ENSDARG00000101419	9	1.74136320084675	1.66871728755481	0.543350012397344	0.312025665945586	5.22408960254024	0.55205	1
ENSDARG00000101422	1	1.6244208892013	1.6244208892013	NA	NA	1.6244208892013	0.55803	1
ENSDARG00000101431	5	2.56816077697119	2.91016397264651	0.80341657143074	0.312837334264666	5.74258207445625	0.25105	0.794029490366687
ENSDARG00000101438	10	2.15358864517797	2.13658486627168	1.37538158476173	0.638646376521952	6.81024526183859	0.40999	0.935636943074854
ENSDARG00000101441	9	2.15123412095978	1.92870913052087	1.45076117813713	0.674385537121301	6.45370236287935	0.36475	0.906114403892944
ENSDARG00000101445	8	1.25012102594705	1.01727173526408	1.09038419300097	0.872222905118273	3.53587621900416	0.89846	1
ENSDARG00000101446	24	6.24555563120637	5.53202965570306	4.94681511901247	0.792053647604282	30.5968489132434	0.23511	0.772916531007752
ENSDARG00000101449	21	2.24306667356106	1.93822961596368	1.56509646044301	0.697748523880607	10.2790228204264	0.66402	1
ENSDARG00000101457	9	2.63819129057988	2.62971466833417	1.43825096276455	0.545165533636654	7.91457387173963	0.30191	0.847679994482759
ENSDARG00000101458	14	2.93106968084991	2.45666040357488	2.02086018008963	0.689461664215247	10.9670585225012	0.99028	1
ENSDARG00000101465	2	1.76614420280819	1.76614420280819	0.483787934777447	0.273923235717796	2.49770508471796	0.4269	0.944348693009119
ENSDARG00000101481	6	3.5025844591244	3.78194292627797	1.22106127774816	0.348617225936476	8.57954470585697	0.04343	0.357423055780113
ENSDARG00000101501	12	1.43209009936228	1.27447378350637	1.09629745569506	0.76552268337254	4.96090562622368	0.99674	1
ENSDARG00000101507	24	2.1417732792566	2.09613580424773	1.19492379798709	0.557913299955748	10.4925033578123	0.4111	0.936476230975828
ENSDARG00000101510	8	2.0623741998342	1.86369270897261	0.901960156778358	0.43734069057442	5.83327512818778	0.61587	1
ENSDARG00000101512	14	1.80244605456968	1.69675028627534	1.2667029329347	0.702768845549229	6.74413559434219	0.59025	1
ENSDARG00000101518	3	2.96365622263641	2.70458063388429	1.31164387041772	0.442576254424984	5.13320315377393	0.17749	0.688158377760853
ENSDARG00000101521	5	2.2237018055065	1.81048422533376	2.23665935611086	1.00582701807062	4.97234839880155	0.76666	1
ENSDARG00000101522	11	3.37699413826683	2.53910534262441	2.87733084485074	0.852039040354233	11.2002224758606	0.0342	0.317598175182482
ENSDARG00000101523	3	1.60585168200717	1.42579946951914	0.313372005569358	0.195143803802398	2.78141670265636	0.52759	1
ENSDARG00000101526	8	2.78226922530542	2.90341387665434	1.758058754441	0.631879452373276	7.8694457452004	0.14319	0.630085525291829
ENSDARG00000101530	2	2.86925811432422	2.86925811432422	1.13062284631864	0.394047102515533	4.05774373922637	0.17019	0.677631098944075
ENSDARG00000101536	4	1.32627201429708	1.52887174033015	1.0015330408876	0.755149041894255	2.65254402859416	0.73149	1
ENSDARG00000101549	1	0	0	NA	NA	0	1	1
ENSDARG00000101557	6	1.66319333748772	1.5743062462039	1.27681286174543	0.767687576042166	4.07397502044149	0.57797	1
ENSDARG00000101560	3	5.63616552407931	3.25346510428569	6.94827658596694	1.23280208082639	9.76212504757344	0.01311	0.176733218543046
ENSDARG00000101562	17	1.95763457556247	1.66266187498724	1.48448676283113	0.758306366960549	8.07153413140527	0.50519	0.991594935440355
ENSDARG00000101569	21	2.74002486838212	2.34935482833729	1.82483174053742	0.665990941029273	12.5563713654225	0.15887	0.660738464052288
ENSDARG00000101578	14	1.93745090975093	1.69878569301802	1.48564259018662	0.766802700759838	7.24927750798146	0.70381	1
ENSDARG00000101579	8	1.67952748086745	1.28366852184432	1.33505595260997	0.794899736871486	4.75042108364214	0.86082	1
ENSDARG00000101584	3	1.56519041912245	1.54184275175628	1.18235349081973	0.755405525343452	2.7109893294401	0.60212	1
ENSDARG00000101589	4	1.1480964445734	0.844653552236783	0.948658563982279	0.826288216870818	2.2961928891468	0.8333	1
ENSDARG00000101602	9	1.95485560183397	2.19315229999806	1.11051319057248	0.568079396519434	5.86456680550191	0.62229	1
ENSDARG00000101615	2	3.9958163149402	3.9958163149402	1.32746496955348	0.332213711774023	5.65093762534011	0.06725	0.445981454545455
ENSDARG00000101616	2	49.0391995976752	49.0391995976752	19.3945225737785	0.395490194230208	69.3519011589536	0	0
ENSDARG00000101619	3	3.76078982876405	3.6792414043618	0.494092578938314	0.131380002987482	6.51387906000758	0.10696	0.561311453608247
ENSDARG00000101627	2	0.676499614138649	0.676499614138649	0.471410414244193	0.696837669071572	0.956714929255042	0.96674	1
ENSDARG00000101628	5	2.05398585047208	1.9826747803625	1.26211665060784	0.614471930426276	4.5928519864783	0.34882	0.888143786893447
ENSDARG00000101629	7	1.13972362391825	1.04782277521322	1.01435519362736	0.890001025108277	3.01542527223299	0.88367	1
ENSDARG00000101635	14	1.27962940182837	0.950306785620526	1.09811345888018	0.858149599650623	4.78793480368423	0.98305	1
ENSDARG00000101637	6	1.81237348641456	1.56775185051975	1.41812000169911	0.782465651991299	4.43939026506465	0.56789	1
ENSDARG00000101641	1	1.42579946951914	1.42579946951914	NA	NA	1.42579946951914	0.60922	1
ENSDARG00000101644	44	2.05882827126204	1.25726728508109	2.08452900410964	1.01248318434633	13.6567217671045	0.86186	1
ENSDARG00000101648	4	1.76481819195149	2.06760015363859	1.02311461546574	0.579728053649766	3.52963638390299	0.53753	1
ENSDARG00000101652	9	2.03488048587014	1.42405447347082	1.76264486531382	0.866215425207189	6.10464145761043	0.37928	0.913063235710912
ENSDARG00000101660	6	2.25019739478007	2.26093491587937	1.09939985033941	0.488579292149995	5.51183543775122	0.3798	0.913063235710912
ENSDARG00000101665	8	3.32607159872776	1.91789712336813	3.31168924279485	0.995675873021372	9.40755112868951	0.56997	1
ENSDARG00000101669	3	2.0968563244713	1.51348207269889	1.01043384389729	0.481880342541858	3.63186169015642	0.33367	0.876689938048529
ENSDARG00000101675	4	3.45318696496389	3.08919339493902	3.53921364711238	1.02491225729198	6.90637392992778	0.06397	0.434970585885486
ENSDARG00000101676	5	1.7975858974498	1.24133723250111	1.77679618870427	0.988434650730725	4.01952426209272	0.63407	1
ENSDARG00000101677	1	4.09886970767191	4.09886970767191	NA	NA	4.09886970767191	0.16212	0.66518023246493
ENSDARG00000101687	6	2.82863009829998	2.80501512483715	0.755370958162835	0.267044799748407	6.92870041191358	0.38145	0.915420871203202
ENSDARG00000101690	18	3.41391025222851	3.05055809745922	2.46350507251037	0.721608036093583	14.4839945382783	0.00546	0.0995911827956989
ENSDARG00000101694	8	1.65000715022894	1.59497931754124	1.05504280314166	0.639417109795721	4.6669249797327	0.627	1
ENSDARG00000101696	4	4.30541358798147	2.44864227832867	4.78974943504576	1.11249461571272	8.61082717596293	0.04993	0.381522177177177
ENSDARG00000101701	2	0.580854188795076	0.580854188795076	0.156547047658861	0.269511782266048	0.821451871555219	0.90317	1
ENSDARG00000101702	1	1.6016534780358	1.6016534780358	NA	NA	1.6016534780358	0.52656	1
ENSDARG00000101704	8	1.7959449603653	1.43801359733662	1.28732434415709	0.716794986799172	5.07969944044844	0.70614	1
ENSDARG00000101719	11	1.57221510115041	1.08612743914641	1.20726739188196	0.767876730733972	5.21444758024658	0.7803	1
ENSDARG00000101722	10	1.20693127824144	0.795277217430774	1.10675395677378	0.916998321881571	3.81665181854139	0.99454	1
ENSDARG00000101725	14	3.35338375404518	3.12124986525537	2.6405679922341	0.787433883476294	12.5472130940109	0.01634	0.206594434782609
ENSDARG00000101727	2	3.60072815581971	3.60072815581971	1.68151083802676	0.466991887546135	5.09219859237889	0.09132	0.515218935698448
ENSDARG00000101733	6	3.98479740009312	3.00643411256836	1.95094310553913	0.489596561545021	9.76072035859718	0.22477	0.758223903247184
ENSDARG00000101744	1	4.88821957752702	4.88821957752702	NA	NA	4.88821957752702	0.0553	0.402609378127234
ENSDARG00000101745	4	4.56457302570727	4.38244567574992	0.983430674963002	0.215448557712717	9.12914605141454	0.20388	0.729894702778755
ENSDARG00000101749	4	2.72457328976178	2.72205001381506	0.276248569724044	0.101391498904475	5.44914657952357	0.16751	0.671163195592286
ENSDARG00000101755	7	1.71466940684827	2.01833645384522	0.659569864513571	0.384662992107572	4.53658883121116	0.86263	1
ENSDARG00000101756	5	1.23876865464346	0.908646593915662	1.05456460967599	0.851300689376512	2.76997092017873	0.8057	1
ENSDARG00000101759	12	2.18474183034584	1.90992552762099	1.34440381271946	0.615360494336597	7.56816770316003	0.81225	1
ENSDARG00000101776	15	5.47184508712885	4.36970894289033	5.26320897228925	0.961870975600101	21.1923648954769	0.04433	0.361685408
ENSDARG00000101778	12	2.51791636216476	2.41506735183479	1.31727012003142	0.523158806950564	8.72231813695672	0.41052	0.936202679811786
ENSDARG00000101785	4	2.91252142971385	2.90804704067852	1.3118848985643	0.450429269010801	5.8250428594277	0.12609	0.598169149722736
ENSDARG00000101794	7	5.85165912797876	2.81604511334612	5.38682361545773	0.920563467154385	15.4820348097529	0.02371	0.255310718816068
ENSDARG00000101808	26	2.20968976064011	1.75018302978209	2.38451862471218	1.07911919002667	11.2672512084901	0.54895	1
ENSDARG00000101812	4	3.37612667181462	3.01857343835115	1.43787214215621	0.425894014629308	6.75225334362923	0.08864	0.508555954929578
ENSDARG00000101813	2	5.39742019986083	5.39742019986083	2.36032351233342	0.437305865567828	7.63310484846968	0.20244	0.727811487107029
ENSDARG00000101831	1	0.758585433370847	0.758585433370847	NA	NA	0.758585433370847	0.86059	1
ENSDARG00000101844	1	1.99935752926809	1.99935752926809	NA	NA	1.99935752926809	0.65013	1
ENSDARG00000101847	1	1.84970835136764	1.84970835136764	NA	NA	1.84970835136764	0.52806	1
ENSDARG00000101849	1	1.92870913052087	1.92870913052087	NA	NA	1.92870913052087	0.37729	0.91123887544484
ENSDARG00000101858	61	2.43612561808172	1.98240865826888	2.02628738336907	0.831766378683143	19.0267493190907	0.88596	1
ENSDARG00000101859	1	28.1058611344807	28.1058611344807	NA	NA	28.1058611344807	1e-04	0.00475607476635514
ENSDARG00000101865	3	5.9131992673712	4.97758521732432	4.60740030072155	0.779172169310275	10.241961566366	0.52995	1
ENSDARG00000101866	13	3.07458552855206	2.44844751583087	1.913275870125	0.622287411541299	11.085575773994	0.06014	0.422141324137931
ENSDARG00000101867	5	2.17408950593989	1.23241785660833	2.13377420893354	0.981456468606193	4.86141192445052	0.48066	0.97776206662677
ENSDARG00000101868	5	2.23663750344402	1.76196513349038	1.70280478350388	0.761323540753417	5.00127349872624	0.28173	0.829461365345675
ENSDARG00000101869	9	2.94469366680654	2.78965975123715	1.67264456755456	0.568019888251572	8.83408100041961	0.0904	0.51281243454039
ENSDARG00000101877	4	2.30943966667123	2.48632591640242	0.753220348878369	0.326148528471429	4.61887933334246	0.36873	0.909140973837209
ENSDARG00000101883	9	4.26125127302685	3.42530674706083	3.61723197315483	0.848866152543368	12.7837538190805	0.00494	0.0931098518518518
ENSDARG00000101886	16	1.27028200667178	0.901721263588862	1.16248641875976	0.915140427601227	5.08112802668711	0.98766	1
ENSDARG00000101888	1	4.24067056937852	4.24067056937852	NA	NA	4.24067056937852	0.08031	0.48538906175772
ENSDARG00000101891	20	1.98992230704655	1.91363194034075	1.60763438203033	0.807888014691582	8.89920309699861	0.83646	1
ENSDARG00000101900	15	2.92762736238387	2.90084915181496	1.83363381600144	0.626320767308437	11.3386520184139	0.11537	0.577687860304968
ENSDARG00000101903	8	2.26314150860936	2.17949259425129	1.44851879458279	0.6400478224947	6.40113083008971	0.34461	0.88549370865943
ENSDARG00000101908	11	4.54753739355996	2.50839500877384	4.48600110014924	0.986468216072756	15.0824752545491	0.00891	0.136522947368421
ENSDARG00000101914	3	2.55587416597786	3.1160196007862	1.2451493722256	0.487171625583225	4.42690391322638	0.21475	0.743894095238095
ENSDARG00000101917	6	0.831264856751831	0.825252308757766	0.364075647190515	0.437977913096365	2.03617474014974	0.97394	1
ENSDARG00000101919	12	1.70485166252673	1.7103155022244	1.15440901516379	0.677131647602033	5.90577939772914	0.62197	1
ENSDARG00000101935	7	3.86947533896694	3.93267252204625	2.87529785870595	0.743071762145818	10.2376694512039	0.76495	1
ENSDARG00000101936	3	1.140346588913	1.13722889340629	0.214501598058106	0.188102108730445	1.97513823023518	0.87706	1
ENSDARG00000101947	2	2.24107903705435	2.24107903705435	0.524196787883828	0.233903748692784	3.1693643685523	0.49431	0.985711331899081
ENSDARG00000101952	1	2.10823393214556	2.10823393214556	NA	NA	2.10823393214556	0.36073	0.902534400196657
ENSDARG00000101959	28	3.48821000652086	2.42142340704732	2.97706487637875	0.853464920636495	18.4578723960424	0.02013	0.23282175
ENSDARG00000101961	9	2.20764339160245	1.95826104628529	1.59557498019439	0.722750325647572	6.62293017480737	0.2826	0.829823961937716
ENSDARG00000101963	2	1.67824973137033	1.67824973137033	0.57618061814246	0.343322335986311	2.37340353115292	0.60588	1
ENSDARG00000101980	3	1.26339571292376	1.6244208892013	0.625313948124205	0.494947023903618	2.18826556484866	0.69064	1
ENSDARG00000101982	3	2.71255429373922	3.10985339611995	1.14287293325805	0.421327210259308	4.69828185504545	0.21144	0.742141447776629
ENSDARG00000101985	1	1.04782277521322	1.04782277521322	NA	NA	1.04782277521322	0.7921	1
ENSDARG00000101987	4	5.23814768603814	5.30661936256793	0.92714953862413	0.176999503296818	10.4762953720763	0.40027	0.929700607028754
ENSDARG00000101996	15	1.78970855264889	1.84096405429055	0.916861030621093	0.512296278220315	6.93151141897413	0.6971	1
ENSDARG00000101999	20	2.34464823940119	2.21969680040126	0.972954343085756	0.414968150332965	10.4855856932525	0.20879	0.738541125
ENSDARG00000102009	10	1.35034883236621	1.43605246741	0.892761388738728	0.661133899138009	4.27017794602611	0.99257	1
ENSDARG00000102015	1	2.22472349365335	2.22472349365335	NA	NA	2.22472349365335	0.43932	0.952828050234142
ENSDARG00000102017	6	2.57155836540362	1.64402916120602	2.32592776287363	0.904481809227208	6.29900583902445	0.18233	0.698702838855422
ENSDARG00000102021	3	1.62257426680132	1.47422222785327	0.299867621953236	0.1848097976707	2.8103810691537	0.55613	1
ENSDARG00000102027	25	1.61645175186285	1.12903435013942	1.71572859680283	1.06141652222256	8.08225875931426	0.78439	1
ENSDARG00000102035	11	2.13140079599869	1.6244208892013	1.81230291705723	0.850287247926102	7.06905671819249	0.32386	0.868964178082192
ENSDARG00000102040	1	1.28792818639663	1.28792818639663	NA	NA	1.28792818639663	0.66282	1
ENSDARG00000102047	2	1.66375099515319	1.66375099515319	0.878134438345353	0.527804004868228	2.35289922175737	0.7528	1
ENSDARG00000102048	6	2.23713767346699	2.22945789121458	1.03189676381507	0.461257604327899	5.47984578435121	0.28399	0.830755905963303
ENSDARG00000102053	2	2.95431685704621	2.95431685704621	2.16411781684169	0.732527322409629	4.1780349667822	0.15888	0.660738464052288
ENSDARG00000102055	13	3.75679753030477	4.07411650126653	1.91034395569056	0.508503303752859	13.5453261270503	0.06984	0.452859452577976
ENSDARG00000102060	9	5.99116480817128	2.24734457652802	6.69927029921506	1.11819162278394	17.9734944245138	0.00087	0.0256662608695652
ENSDARG00000102061	3	2.2932036921702	2.65359207515744	1.91100598898379	0.833334603248996	3.97194530694333	0.75982	1
ENSDARG00000102062	1	6.4586331299016	6.4586331299016	NA	NA	6.4586331299016	0.0736	0.465858706467662
ENSDARG00000102064	12	2.00695963047079	1.03952602514077	1.93495371430655	0.964121891107824	6.95231209743013	0.50591	0.991938350992102
ENSDARG00000102070	24	1.73216584853092	1.31409246869083	1.47745802117113	0.852954133938266	8.48584495755161	0.82216	1
ENSDARG00000102071	3	3.09945787406152	2.06808100488002	2.70958873543282	0.87421376431943	5.36841851379397	0.195	0.721188226744186
ENSDARG00000102078	1	0.398620578350051	0.398620578350051	NA	NA	0.398620578350051	0.94782	1
ENSDARG00000102082	6	1.3455861840153	0.885428074159751	1.23187751105607	0.915495065043012	3.29599955577624	0.91958	1
ENSDARG00000102095	6	2.27821707409857	2.39948527886281	1.45629286692911	0.639224805873836	5.58046935483794	0.4493	0.958092478525037
ENSDARG00000102096	4	3.75366113175206	3.41548731197576	2.28185628170778	0.607901513113597	7.50732226350413	0.08043	0.485825839762611
ENSDARG00000102100	2	1.61163645474211	1.61163645474211	1.39718527891487	0.866935762593214	2.27919813191118	0.48109	0.97776206662677
ENSDARG00000102101	2	2.19315229999806	2.19315229999806	0	0	3.101585727007	0.29726	0.844931973392461
ENSDARG00000102104	1	3.67310432294748	3.67310432294748	NA	NA	3.67310432294748	0.23699	0.776137743589744
ENSDARG00000102105	2	4.07170896367214	4.07170896367214	0.0408629611295029	0.0100358256186979	5.75826603846124	0.08204	0.490085035211268
ENSDARG00000102111	5	3.74314658032289	2.75147014947022	2.94937992475454	0.787941337979911	8.36993020334786	0.0354	0.3216975
ENSDARG00000102118	3	4.09241152843824	3.86944417931162	1.66552088098013	0.406977858753058	7.08826469273564	0.04324	0.356931646390917
ENSDARG00000102119	2	0	0	0	0	0	1	1
ENSDARG00000102125	10	1.82393784445999	1.80522756296419	1.44113798817206	0.790124505914144	5.7677978990715	0.96637	1
ENSDARG00000102127	1	207.270348307969	207.270348307969	NA	NA	207.270348307969	0	0
ENSDARG00000102138	3	2.27531501710425	1.95826104628529	1.07412868481646	0.472079108493506	3.940961212849	0.29056	0.838027110481587
ENSDARG00000102145	5	3.15792141756293	3.1160196007862	2.75917620495077	0.873731749499998	7.06132695727321	0.09783	0.535906210979548
ENSDARG00000102147	3	2.5169174892403	2.46556228994829	1.03360572650191	0.410663333589807	4.35942896982289	0.45323	0.959895774006623
ENSDARG00000102153	11	1.43088374685277	1.22845394457727	0.925819432591109	0.647026311276126	4.74570450692852	0.9904	1
ENSDARG00000102154	1	2.77070257856102	2.77070257856102	NA	NA	2.77070257856102	0.25039	0.792466169154229
ENSDARG00000102161	6	2.28945275783296	1.62781464471409	2.29265549998741	1.00139891165847	5.6079910468985	0.25913	0.80311362362972
ENSDARG00000102171	41	2.55114524376437	1.80923661915889	2.28330669600912	0.895012426905165	16.3352999435592	0.09172	0.516616579966796
ENSDARG00000102176	18	4.63139647600327	4.26398547633482	2.51532988336711	0.543103985245018	19.6493511272724	0.00853	0.134135987654321
ENSDARG00000102185	16	1.77168730288276	1.82131132377486	1.15283426099778	0.650698494662106	7.08674921153105	0.86496	1
ENSDARG00000102191	34	2.18465504850654	2.08506245388971	1.50280420706969	0.687890844871381	12.7386184946725	0.29731	0.844931973392461
ENSDARG00000102195	8	0.683367910583463	0.645637105962471	0.281746942528831	0.412291736508778	1.9328563344754	0.99899	1
ENSDARG00000102198	6	2.23775370156816	2.15318804113501	1.55679303335568	0.695694540585373	5.4813547388663	0.37314	0.909903005008347
ENSDARG00000102199	17	2.93218593818853	2.01507861813244	2.77139110466216	0.945162129238741	12.0897123371021	0.06748	0.445981454545455
ENSDARG00000102204	12	1.28051499247658	1.15646245805658	1.05864262720728	0.826731926941212	4.43583405364624	0.99876	1
ENSDARG00000102206	1	1.96770110303155	1.96770110303155	NA	NA	1.96770110303155	0.48349	0.97850301489573
ENSDARG00000102229	29	2.14280230857177	1.77205638397777	1.71310698451801	0.799470384022424	11.5393435807673	0.97851	1
ENSDARG00000102234	4	2.86511823795221	2.90741081901614	0.403070901653501	0.140682117866657	5.73023647590442	0.14551	0.63419784338896
ENSDARG00000102245	1	1.96770110303155	1.96770110303155	NA	NA	1.96770110303155	0.4809	0.97776206662677
ENSDARG00000102249	4	1.88265608095139	1.72412170603548	0.615485669717067	0.326924113195457	3.76531216190278	0.69091	1
ENSDARG00000102257	5	3.4946789292728	3.10901331486569	2.49289148128142	0.713339202751928	7.81433964539017	0.34709	0.887118875219684
ENSDARG00000102261	3	1.17508633700735	0.866008240221108	0.69194477660083	0.588845904176743	2.03530923897673	0.76368	1
ENSDARG00000102265	5	1.82086184230172	2.19315229999806	0.811714075033596	0.445785647310574	4.07157085702215	0.46527	0.968863311555737
ENSDARG00000102266	6	1.27412103777622	1.29203427396467	0.590704207550161	0.463617026982887	3.12094641309711	0.82599	1
ENSDARG00000102267	2	6.92144871968712	6.92144871968712	6.66411507629337	0.962820840865034	9.78840665065141	0.01067	0.154185872340426
ENSDARG00000102274	3	2.59202118864881	2.72792408305986	0.531153260756918	0.204918564355487	4.48951239303481	0.22128	0.753240080267559
ENSDARG00000102277	32	2.12441754258859	1.44951887437312	1.94323661607803	0.914715011113215	12.0175204034884	0.29357	0.842718937007874
ENSDARG00000102279	1	1.17193618839342	1.17193618839342	NA	NA	1.17193618839342	0.65279	1
ENSDARG00000102291	10	1.79444724906647	1.67413977606334	1.29087202841632	0.71937028468676	5.6745404480735	0.91896	1
ENSDARG00000102294	14	1.91257587106854	1.92884182361056	0.773944680512518	0.404660903768551	7.15620363574921	0.87256	1
ENSDARG00000102295	19	2.26890615764081	1.83499047718184	1.83258496562919	0.807695355516464	9.88993265353347	0.29859	0.844931973392461
ENSDARG00000102296	2	5.73317590958029	5.73317590958029	3.11778265788074	0.543814232643873	8.10793512679914	0.0181	0.217979834710744
ENSDARG00000102305	1	1.6244208892013	1.6244208892013	NA	NA	1.6244208892013	0.55891	1
ENSDARG00000102307	12	2.12316830145799	1.7399117832676	2.19959869849294	1.0359982753051	7.35487074228992	0.42112	0.941827146923582
ENSDARG00000102317	1	14.9228323319813	14.9228323319813	NA	NA	14.9228323319813	0.20244	0.727811487107029
ENSDARG00000102320	1	1.96770110303155	1.96770110303155	NA	NA	1.96770110303155	0.48119	0.97776206662677
ENSDARG00000102333	3	3.43134993295969	4.68794925717573	2.67889512380183	0.780711724580992	5.94327242243425	0.19239	0.716219978054133
ENSDARG00000102334	6	3.91091073587923	3.73316552411519	1.93775537357138	0.495474201391033	9.57973573247678	0.02185	0.242723173913043
ENSDARG00000102335	9	1.99465765952994	2.31612379526056	1.14658852400729	0.574829730068815	5.98397297858982	0.73426	1
ENSDARG00000102336	2	2.05756154429126	2.05756154429126	0.182224831098597	0.0885634899253355	2.90983144135403	0.35561	0.89500459446093
ENSDARG00000102338	6	2.50331689222507	2.48288946241013	1.30640890601882	0.521871166242012	6.13184905044116	0.30578	0.849307986977754
ENSDARG00000102340	9	6.68425082568601	4.51616633668693	7.64594095189692	1.14387403334946	20.052752477058	0.00682	0.116662117647059
ENSDARG00000102356	10	3.85521856117174	3.63605116112298	2.43948964132703	0.632775963961322	12.1912715310599	0.10247	0.548626859547606
ENSDARG00000102362	1	3.10122263434833	3.10122263434833	NA	NA	3.10122263434833	0.20165	0.726840389518414
ENSDARG00000102365	2	1.78124884735034	1.78124884735034	1.57065539410296	0.881772019917013	2.5190662778843	0.72749	1
ENSDARG00000102367	4	6.55540780491532	2.58339140894758	8.87699938646046	1.35414907060464	13.1108156098306	0.01087	0.155823746478873
ENSDARG00000102377	3	2.68804730655745	2.40692615306148	1.58604349684819	0.590035559634336	4.65583450810617	0.18923	0.710957157622739
ENSDARG00000102380	5	1.32030450587891	1.08612743914641	1.24020351157017	0.939331423961613	2.95229062614452	0.78017	1
ENSDARG00000102385	1	3.36472415751656	3.36472415751656	NA	NA	3.36472415751656	0.17609	0.687335857852503
ENSDARG00000102402	3	2.42990172462963	2.41172043961231	0.677210302966959	0.278698638756751	4.20871324445776	0.23132	0.768691127770535
ENSDARG00000102403	12	3.81973696329089	2.56903063410916	4.31591219392144	1.12989774830021	13.2319569839374	0.0123	0.169863500678426
ENSDARG00000102406	6	1.32943780440373	0.442895225703249	2.07689436229661	1.56223507065689	3.25644426555513	0.87807	1
ENSDARG00000102412	15	2.3109012737174	1.78493868961357	1.24693784182683	0.539589404362981	8.950082147837	0.66842	1
ENSDARG00000102417	1	3.86944417931162	3.86944417931162	NA	NA	3.86944417931162	0.07205	0.460053262233375
ENSDARG00000102424	5	2.38448318511016	2.43850362402015	0.86851618425007	0.364236657097645	5.33186649311153	0.3498	0.8889803196005
ENSDARG00000102436	46	2.92771196596179	1.65152222519827	3.90761354548284	1.33469876508126	19.8567086486973	0.00797	0.127906204724409
ENSDARG00000102441	5	1.19559324570511	0.623677269447383	0.926794389186724	0.775175330335813	2.67342777083623	0.85799	1
ENSDARG00000102443	28	2.88419966976746	2.97718093447627	1.72418799973623	0.59780465888315	15.2617501153186	0.0398	0.344047504244482
ENSDARG00000102445	48	2.36500404659315	1.96603529265386	2.05688632300327	0.869717887361025	16.3852286752213	0.07729	0.476246610169491
ENSDARG00000102452	3	3.52455195239152	4.11423011501594	1.03720858697137	0.294280975562751	6.1047030554582	0.14741	0.636944415254237
ENSDARG00000102453	16	6.14625947659842	4.61094535471723	5.89364462326048	0.958899416092054	24.5850379063937	0.91918	1
ENSDARG00000102458	1	5.15991628090912	5.15991628090912	NA	NA	5.15991628090912	0.06202	0.427379526066351
ENSDARG00000102463	4	2.04224187155957	1.52841478899812	1.57506730262507	0.77124425101629	4.08448374311914	0.48475	0.979314311234617
ENSDARG00000102472	7	2.8391872977144	2.46808961791801	1.60936288177921	0.566839279351094	7.51178351528581	0.21485	0.743894095238095
ENSDARG00000102473	22	3.58253695058874	3.23065721671172	2.30984361764851	0.644750814717742	16.8035877731912	0.00176	0.0428547368421053
ENSDARG00000102490	9	1.5434138490485	1.66363743321075	1.25790646692967	0.81501566654022	4.6302415471455	0.8044	1
ENSDARG00000102493	23	2.04647618283199	1.57275094726751	1.91221494100133	0.93439393873382	9.81455498933433	0.37983	0.913063235710912
ENSDARG00000102499	2	1.13649597483508	1.13649597483508	0.41967544361575	0.369271385828403	1.6072480211942	0.80092	1
ENSDARG00000102506	36	2.52206929240532	1.78767036015696	2.33557250271136	0.926054057969161	15.1324157544319	0.06798	0.448319805699482
ENSDARG00000102511	3	7.48150088838964	4.51137075331502	7.79699834412381	1.04217034261451	12.9583396555625	0.00085	0.0253703812316716
ENSDARG00000102512	8	4.82356317970543	3.88379945179624	3.90342304200072	0.809240575188051	13.6430969354058	0.00383	0.0770390118577075
ENSDARG00000102538	24	2.33747954452926	1.81128487536521	1.52823379857698	0.65379558172123	11.4512643365798	0.51002	0.994196863270777
ENSDARG00000102551	3	1.98552092810625	1.92870913052087	1.25367607033588	0.631409144365762	3.43902312697133	0.41668	0.93900040247678
ENSDARG00000102556	4	0.360190402219392	0.427274131868128	0.252032416389558	0.69971996709686	0.720380804438785	0.99795	1
ENSDARG00000102564	5	1.56991233555364	1.50817561720252	0.426379611586536	0.271594535523011	3.51043070101339	0.71646	1
ENSDARG00000102569	3	1.17167540330765	1.21359006692959	1.15129045394243	0.982601879916844	2.02940132850761	0.82037	1
ENSDARG00000102571	9	2.60267977866948	2.60125410820146	1.59752173674935	0.613798804540613	7.80803933600843	0.63083	1
ENSDARG00000102584	13	2.75555252415222	2.00255882445196	1.85979780423897	0.674927364997754	9.93528591806507	0.13021	0.604873290734824
ENSDARG00000102586	4	2.74952626315616	2.22649331985471	1.80641774944935	0.656992360340569	5.49905252631232	0.17283	0.682601373690338
ENSDARG00000102599	2	5.29401976487205	5.29401976487205	0.686545284481079	0.129683173651255	7.48687455095327	0.02645	0.272477834008097
ENSDARG00000102601	2	1.77162844852566	1.77162844852566	1.08537623244243	0.612643262387025	2.505460979391	0.46183	0.968575948116121
ENSDARG00000102606	11	2.09427239679288	2.13677230477683	0.990634466789507	0.473020829719448	6.9459157489603	0.34884	0.888143786893447
ENSDARG00000102608	8	1.92229405316076	2.0831186936998	1.22714984979485	0.638377800616451	5.43706864169819	0.44148	0.953040721102863
ENSDARG00000102610	6	0.986312534053747	0.673109844892497	0.909876916756218	0.922503654107103	2.41596243534314	0.99186	1
ENSDARG00000102612	6	2.37314133171073	1.72749351747772	1.84902512832822	0.779146654108168	5.81298535020024	0.25393	0.797344582691715
ENSDARG00000102618	3	0.889499079753616	0.92271212319837	0.153060790140839	0.17207526530914	1.54065759941902	0.90237	1
ENSDARG00000102626	46	1.913116507534	1.84706258660622	1.16940561312643	0.611256872501605	12.9753874502598	0.60389	1
ENSDARG00000102632	4	35.9497738041123	35.2355059451679	10.6611072377986	0.296555613837523	71.8995476082246	0	0
ENSDARG00000102636	14	1.825285236686	2.05657051376127	1.19547654643082	0.654953276563688	6.8295919888156	0.82165	1
ENSDARG00000102643	5	1.90569129513545	1.25226647050614	1.46560235757047	0.769065987398707	4.26125528005249	0.83807	1
ENSDARG00000102657	1	8.6751270919699	8.6751270919699	NA	NA	8.6751270919699	0.01783	0.217025530393325
ENSDARG00000102658	8	1.35009038626477	0.452752403658302	1.46104765266622	1.08218506518547	3.81863226937034	0.83452	1
ENSDARG00000102671	1	2.47510545179259	2.47510545179259	NA	NA	2.47510545179259	0.27201	0.820725684647303
ENSDARG00000102674	23	2.17765018267391	2.03127332112901	1.21445625366894	0.557691158723082	10.4436433928152	0.93364	1
ENSDARG00000102678	4	2.22684579066374	2.22842245382154	0.758714935950293	0.340712832083513	4.45369158132748	0.28419	0.830755905963303
ENSDARG00000102679	10	11.4667671623793	8.13006309505242	7.74393987573853	0.675337675046302	36.2611016319445	0	0
ENSDARG00000102684	10	1.08118340917856	1.0047872083867	0.636356736675715	0.58857427081608	3.41900214139005	0.97143	1
ENSDARG00000102690	8	5.26016923899857	2.02042743442599	8.91827603126412	1.69543518964077	14.8780053563391	0.02684	0.274928873239437
ENSDARG00000102719	8	6.02439934300854	2.68390746166985	6.03081512823126	1.00106496678879	17.0395745120685	0.02323	0.252062835820896
ENSDARG00000102724	1	1.12903435013942	1.12903435013942	NA	NA	1.12903435013942	0.76921	1
ENSDARG00000102730	2	3.2591266517854	3.2591266517854	0.468428404256699	0.143728199086736	4.60910111244652	0.36504	0.906114403892944
ENSDARG00000102731	1	2.92464778916901	2.92464778916901	NA	NA	2.92464778916901	0.17663	0.687335857852503
ENSDARG00000102734	8	1.39076310307143	1.21022554535935	1.25152517115513	0.89988378926015	3.93367208482343	0.87349	1
ENSDARG00000102742	2	1.4833246739445	1.4833246739445	0.313903746340554	0.211621738554251	2.09773787129497	0.59038	1
ENSDARG00000102744	2	2.6425901963692	2.6425901963692	2.33694227972635	0.884337754275028	3.73718689549951	0.45137	0.959297704166667
ENSDARG00000102755	25	2.52909735212396	2.20638216194712	1.58569043236271	0.626978803734475	12.6454867606198	0.08273	0.491095918367347
ENSDARG00000102759	5	0.837145147422682	1.04782277521322	0.794236077725522	0.948743572331197	1.8719134566712	0.93724	1
ENSDARG00000102761	2	0.928047563027854	0.928047563027854	0.430444597164983	0.463817388583632	1.31245745016129	0.84861	1
ENSDARG00000102766	18	1.82688686611101	1.32522615336989	1.4655620192149	0.802218268903929	7.75082454892643	0.64351	1
ENSDARG00000102769	18	1.84681715804747	1.48693812269344	1.58271078181572	0.856993760816601	7.83538161640219	0.8413	1
ENSDARG00000102772	2	9.26423312137701	9.26423312137701	9.64291270123416	1.04087543727536	13.1016041252374	0.00633	0.110683567753002
ENSDARG00000102773	2	5.38880879806279	5.38880879806279	4.55698419760605	0.845638501637733	7.62092648725585	0.02594	0.269680612870276
ENSDARG00000102777	7	4.61256762040861	3.43343630546829	3.91186812352572	0.848089056996672	12.2037068290702	0.01524	0.197093672172808
ENSDARG00000102783	3	2.91347807011541	3.1160196007862	0.350812221764572	0.120410112354364	5.04629204417761	0.15195	0.644620773388773
ENSDARG00000102788	5	2.74659941135748	3.43358641598994	1.85027380866877	0.67365987228341	6.14158299075624	0.15834	0.660069557739558
ENSDARG00000102798	9	2.2303355469384	1.66266187498724	1.61348434760876	0.723426728244369	6.69100664081521	0.27348	0.82205535735381
ENSDARG00000102807	1	2.55085562935923	2.55085562935923	NA	NA	2.55085562935923	0.49121	0.983773195592286
ENSDARG00000102810	5	1.3115453366083	0.429619875611211	1.69265769717155	1.29058268130389	2.93270452822899	0.87783	1
ENSDARG00000102822	2	1.31047083756519	1.31047083756519	1.24571137682471	0.950583058482397	1.85328563157913	0.68213	1
ENSDARG00000102825	1	0.586213345141312	0.586213345141312	NA	NA	0.586213345141312	1	1
ENSDARG00000102827	5	2.04179361291173	1.97864232221319	0.920071058742219	0.450619030701217	4.56558931449552	0.54622	1
ENSDARG00000102828	5	0.776654468463792	0.95221669778229	0.55067114958706	0.709029783445755	1.73665218651401	0.9721	1
ENSDARG00000102829	19	1.45870964591278	1.35502522725343	0.935868822734502	0.641573067921196	6.35836793450179	0.87213	1
ENSDARG00000102831	19	2.08058833771499	1.86434111241728	1.43684484087111	0.69059545073156	9.06907430720891	0.49739	0.986808850865254
ENSDARG00000102832	24	1.34537413577272	1.2786002422261	1.06862892701751	0.794298699969981	6.59096029156212	0.99454	1
ENSDARG00000102843	2	1.35599132993373	1.35599132993373	0.0962558206879067	0.0709855723728051	1.91766132925261	0.63341	1
ENSDARG00000102845	2	4.89371230409246	4.89371230409246	1.04731160687211	0.214011683113508	6.92075431079964	0.04071	0.347947567114094
ENSDARG00000102850	5	1.47683606427476	1.57688171484497	1.23413185735663	0.835659344466705	3.3023058313416	0.80507	1
ENSDARG00000102855	17	1.32196801958339	1.21359006692959	0.774097836240578	0.585564722272579	5.45061377843091	0.98989	1
ENSDARG00000102866	2	1.73112612316521	1.73112612316521	1.47018312234451	0.849264015296827	2.44818204155859	0.4819	0.977826594896332
ENSDARG00000102867	3	2.35877669666026	2.34748874283529	0.296500864530065	0.125701116578723	4.08552108232505	0.2861	0.83366966800229
ENSDARG00000102874	8	3.893168440257	4.02508740336846	0.500132504591098	0.128464132047183	11.0115432176287	0.27434	0.82269667648792
ENSDARG00000102878	17	3.95820737840944	3.37304179185603	2.42101938257318	0.611645411955662	16.3201071092813	0.11606	0.578580920666014
ENSDARG00000102879	11	1.99150051120184	1.83091073828532	1.63860112418667	0.822797240055843	6.60505996545746	0.75693	1
ENSDARG00000102883	20	3.63004183186742	2.94011826796122	2.82196782371691	0.77739264571097	16.2340405944468	0.95318	1
ENSDARG00000102887	14	1.69077424271996	1.36990968809465	1.4952306934771	0.884346742278087	6.32629793464025	0.90723	1
ENSDARG00000102889	18	19.1794363384757	2.92638587574914	60.525758660434	3.15576316176789	81.3714569656312	0	0
ENSDARG00000102891	17	2.17484789657681	1.56520343602406	2.33687256042432	1.07449930825164	8.96712759723857	0.36582	0.906114403892944
ENSDARG00000102896	29	2.36554545000839	1.55344573403387	2.62089636504459	1.10794589257851	12.7388521070624	0.13857	0.619396337285902
ENSDARG00000102899	5	2.0555868710781	2.4132181699645	0.82633987853008	0.401997059893989	4.59643197738672	0.37405	0.909903005008347
ENSDARG00000102906	5	0.649625490940161	0.450977621636113	0.671647370032503	1.03389934569912	1.45260675765887	0.98804	1
ENSDARG00000102908	23	1.91683010308407	1.51348207269889	1.66608600288773	0.869188145682341	9.19279423320536	0.5014	0.98906652586708
ENSDARG00000102911	1	1.6244208892013	1.6244208892013	NA	NA	1.6244208892013	0.56256	1
ENSDARG00000102914	1	6.29928174230822	6.29928174230822	NA	NA	6.29928174230822	0.09091	0.513760122154359
ENSDARG00000102923	9	2.42789820224696	2.07449453283512	1.32258804259166	0.544746085881048	7.28369460674089	0.41567	0.93900040247678
ENSDARG00000102934	17	2.15038842821899	1.64669703397626	1.55274628140219	0.722077119196655	8.86627862565283	0.39779	0.927282350251486
ENSDARG00000102937	1	0.267587307870747	0.267587307870747	NA	NA	0.267587307870747	0.92204	1
ENSDARG00000102953	17	1.37868442975439	1.23241785660833	0.916058193124115	0.664443706880267	5.68446152827181	0.96718	1
ENSDARG00000102960	1	4.16746256694823	4.16746256694823	NA	NA	4.16746256694823	0.07001	0.452995410044501
ENSDARG00000102963	7	1.44040095286603	1.74477457455977	0.91145232869578	0.632776815984621	3.81094270950398	0.82072	1
ENSDARG00000102964	1	7.93301640503671	7.93301640503671	NA	NA	7.93301640503671	0.02101	0.23892712849162
ENSDARG00000102972	1	1.83056614575414	1.83056614575414	NA	NA	1.83056614575414	0.41964	0.941827146923582
ENSDARG00000102975	4	1.37386007311266	1.59403178415387	0.592698326935012	0.431410984666127	2.74772014622533	0.99604	1
ENSDARG00000102977	14	2.19194197523373	1.88628912807317	1.42430715220686	0.649792361431004	8.20149588301314	0.4031	0.930962514181983
ENSDARG00000102978	11	2.71902550787711	3.54694152098504	2.14519034174701	0.788955578214444	9.01798740503391	0.59363	1
ENSDARG00000102983	5	1.68805343574245	1.55344573403387	1.07490089809606	0.636769473842689	3.77460223197219	0.53582	1
ENSDARG00000102986	8	1.68746151761003	1.30063425462354	1.50581535302458	0.892355373624921	4.77286192837359	0.58133	1
ENSDARG00000102997	6	1.69086050911792	1.39635337489665	1.17015379461889	0.692046320976134	4.14174547356148	0.63774	1
ENSDARG00000102998	6	2.19008903758822	1.97542265490949	1.48183054682139	0.676607444441263	5.36460063335422	0.4022	0.930962514181983
ENSDARG00000103002	6	2.85434115216194	2.6938185722941	1.89284911727475	0.663147471296858	6.9916793746246	0.92824	1
ENSDARG00000103004	29	1.70203152056294	1.39869324485607	1.05058639593801	0.617254371170833	9.16572024516916	0.93538	1
ENSDARG00000103007	2	0.609141506061347	0.609141506061347	0.174449515514803	0.286385862363538	0.86145617927633	0.99266	1
ENSDARG00000103011	1	1.01921046615401	1.01921046615401	NA	NA	1.01921046615401	0.75518	1
ENSDARG00000103013	21	4.23703593936947	4.15851817625753	2.90066427318428	0.684597514557769	19.4165379144089	0.00809	0.129059592476489
ENSDARG00000103017	7	0.902345833892666	0.927420832205978	0.813495205731174	0.901533730390048	2.38738267305519	0.97896	1
ENSDARG00000103026	1	1.12903435013942	1.12903435013942	NA	NA	1.12903435013942	0.77066	1
ENSDARG00000103027	11	1.74336315919263	1.72846740774764	1.43644688656431	0.823951612714787	5.78208147237058	0.7946	1
ENSDARG00000103032	6	4.19674473258523	4.47450356380734	1.3772049791621	0.328160292540292	10.2798831755469	0.02845	0.285766923076923
ENSDARG00000103038	1	2.72341198360104	2.72341198360104	NA	NA	2.72341198360104	0.17176	0.67982552662262
ENSDARG00000103042	1	3.43343630546829	3.43343630546829	NA	NA	3.43343630546829	0.18334	0.70125310785419
ENSDARG00000103046	17	1.76001127592143	1.6244208892013	1.0962743805137	0.62287918010057	7.25671239290216	0.65722	1
ENSDARG00000103052	4	3.3063309239153	1.77369247530315	4.33214536261348	1.31025764277806	6.6126618478306	0.09218	0.517372315325248
ENSDARG00000103056	1	2.19315229999806	2.19315229999806	NA	NA	2.19315229999806	0.34037	0.883001156982671
ENSDARG00000103057	24	1.5132952827396	1.54572976011166	0.920139280058514	0.608036838912719	7.41360254574563	0.95924	1
ENSDARG00000103071	1	5.88117959584947	5.88117959584947	NA	NA	5.88117959584947	0.08685	0.50339367881549
ENSDARG00000103092	2	2.64888870894279	2.64888870894279	1.10951785133358	0.418861633404149	3.74609433740385	0.204	0.730067510548523
ENSDARG00000103093	5	0.741418224846994	1.17193618839342	0.680545993511177	0.917897578861945	1.6578615505151	0.97664	1
ENSDARG00000103101	1	0.518884066755985	0.518884066755985	NA	NA	0.518884066755985	0.91328	1
ENSDARG00000103106	11	2.19917501304304	1.86604881574918	1.46289488319177	0.66520166631374	7.29383836658871	0.35865	0.899763298003451
ENSDARG00000103108	7	1.21496062124125	1.18350424452053	0.66092826090136	0.543991508322408	3.2144836565409	0.87797	1
ENSDARG00000103109	12	2.63705030803623	1.98555107394952	1.90519118480212	0.722470549384735	9.1350102312678	0.54982	1
ENSDARG00000103114	6	2.09315254587148	1.93285635276603	1.08873850849063	0.520142934941868	5.12715569119269	0.46784	0.969718224394217
ENSDARG00000103118	2	6.42056884148821	6.42056884148821	2.27581149241138	0.354456364941626	9.08005553378274	0.00938	0.141018670605613
ENSDARG00000103121	2	2.37244009576372	2.37244009576372	1.73228436362221	0.730169906804144	3.35513695934678	0.48144	0.97776206662677
ENSDARG00000103124	8	1.45896429049867	1.08023605823137	1.51680027795312	1.03964181154473	4.12657417328253	0.83688	1
ENSDARG00000103129	3	0.841559145342776	0.50545169256105	1.05073513105435	1.2485576763905	1.45762319730793	0.89761	1
ENSDARG00000103132	2	1.20811808339384	1.20811808339384	1.26084695400229	1.04364546093072	1.70853697848375	0.71477	1
ENSDARG00000103134	5	4.02030257529838	4.95103197333377	2.28526360312955	0.56843074876272	8.98966984848465	0.24019	0.780540810983397
ENSDARG00000103135	1	0.229676873339519	0.229676873339519	NA	NA	0.229676873339519	0.93538	1
ENSDARG00000103137	9	3.51505850857336	2.33494011657969	3.27799577219844	0.93255795435646	10.5451755257201	0.03022	0.296319036608863
ENSDARG00000103144	7	2.43340770357725	2.73739138222752	1.30157304824363	0.534876686027683	6.43819162209418	0.37046	0.909903005008347
ENSDARG00000103145	1	0.378068228091661	0.378068228091661	NA	NA	0.378068228091661	0.87745	1
ENSDARG00000103155	6	2.84447140753903	2.25077001342405	2.16351831508575	0.760604697713442	6.96750353640688	0.11314	0.572152250372578
ENSDARG00000103156	6	1.431803903265	1.41449353773377	0.750380174778422	0.524080269000034	3.50718897472455	0.75028	1
ENSDARG00000103158	3	1.52826003521426	1.98229022041768	1.14689778330657	0.75045984117865	2.64702402816811	0.737	1
ENSDARG00000103160	7	2.03030378253535	2.01922574346728	0.399041424154742	0.196542718182024	5.3716788945023	0.3721	0.909903005008347
ENSDARG00000103163	7	3.4030252105985	2.54590229425618	3.23400194157007	0.950331467277403	9.00355841252684	0.43669	0.950316617489844
ENSDARG00000103167	3	1.94792901868798	1.92870913052087	0.416029317390386	0.213575193653925	3.37391202990537	0.40127	0.93067261047836
ENSDARG00000103181	7	4.49209107070814	3.26663709031748	2.71710124654897	0.604863348445124	11.8849558397476	0.00415	0.0810723608445297
ENSDARG00000103184	6	2.30050598544213	1.35686382795788	3.01399477976851	1.31014428949171	5.63506581455181	0.30858	0.849534011360563
ENSDARG00000103186	12	5.35893211531455	3.16881583518702	7.68960119541592	1.43491296958976	18.5638853960747	2e-04	0.00824129554655871
ENSDARG00000103198	10	3.37994928526767	2.99190474283918	2.10353424411654	0.6223567475658	10.688338117304	0.06163	0.425845308893415
ENSDARG00000103200	8	1.69380196791665	1.47963297500249	0.900389172155184	0.531578773203722	4.79079543000393	0.81515	1
ENSDARG00000103203	8	5.6710646173472	4.79418447195369	4.32624902676468	0.762863645307643	16.0401929898932	0.0012	0.0323968169761273
ENSDARG00000103220	6	1.7499108996055	1.80072520728467	1.33545135386373	0.763153914959212	4.28638879936814	0.64488	1
ENSDARG00000103251	1	1.96770110303155	1.96770110303155	NA	NA	1.96770110303155	0.48006	0.97776206662677
ENSDARG00000103266	3	2.27509222064769	2.17520814428461	0.367654193183629	0.161599688068452	3.9405753180665	0.29612	0.844611448585038
ENSDARG00000103271	7	2.90234454472939	1.46258844270686	2.52356767415864	0.869492796346803	7.67888188437894	0.0901	0.512251015625
ENSDARG00000103278	3	4.88324128582746	1.55344573403387	5.84623630305401	1.19720406198674	8.45802201267114	0.0246	0.262008974895397
ENSDARG00000103284	7	8.1742445555165	3.26814106451422	8.1613422337804	0.998421588484603	21.6270182497204	3e-05	0.00169633333333333
ENSDARG00000103288	6	2.68425495609432	2.71717645178863	1.95605500294643	0.728714311770354	6.57505498196794	0.64764	1
ENSDARG00000103290	10	4.45230725217606	3.11391940974468	4.58049890478931	1.02879218467023	14.079431759762	0.00241	0.0547521875
ENSDARG00000103293	1	1.50994665864163	1.50994665864163	NA	NA	1.50994665864163	0.69953	1
ENSDARG00000103298	9	2.76222511988689	2.50839500877384	1.71251206114248	0.619975558405103	8.28667535966066	0.11553	0.578104395280236
ENSDARG00000103311	2	2.64377626319848	2.64377626319848	2.14216855694308	0.810268473456773	3.73886424729535	0.20167	0.726840389518414
ENSDARG00000103318	6	2.41529652829764	1.59957387347388	2.14079784804313	0.886349904850818	5.91624407184489	0.26578	0.81249781981982
ENSDARG00000103320	13	2.43260896547811	1.76095743885143	1.75409738916167	0.721076594740299	8.77089635818472	0.35307	0.892363163645394
ENSDARG00000103337	11	2.86852182100247	2.84593943943853	1.31757770558637	0.459322880495261	9.51381058321222	0.11984	0.586872670509126
ENSDARG00000103340	14	1.92844064953067	1.67683095079025	1.3474440820357	0.698722090495048	7.21556420127158	0.47087	0.97270445707327
ENSDARG00000103341	2	1.67725430002	1.67725430002	0.355610831618552	0.212019627324438	2.37199577863688	0.45016	0.958226135508156
ENSDARG00000103346	1	3.26360482801612	3.26360482801612	NA	NA	3.26360482801612	0.18151	0.697289018867924
ENSDARG00000103350	18	2.30999043335985	1.77067023954954	2.03312001091988	0.880142177888906	9.80045939942883	0.46771	0.969718224394217
ENSDARG00000103359	3	3.11329789970769	3.18495245749866	0.167347023596135	0.0537523324099011	5.3923901413912	0.56028	1
ENSDARG00000103362	3	3.14360094568875	3.76343841717867	1.58084000346497	0.502875533751506	5.44487655665449	0.15603	0.65568676300578
ENSDARG00000103364	15	2.77711803036164	2.61644920283142	2.92396459557744	1.05287732232133	10.755731882043	0.91457	1
ENSDARG00000103367	5	2.17149090361066	2.09967151460726	0.791200113497746	0.364358014202211	4.85560127299588	0.33033	0.873657942322681
ENSDARG00000103369	1	0.222669182510541	0.222669182510541	NA	NA	0.222669182510541	0.98002	1
ENSDARG00000103370	1	1.6244208892013	1.6244208892013	NA	NA	1.6244208892013	0.56252	1
ENSDARG00000103379	7	1.22829090219387	1.17511482998594	0.4636480228097	0.377474116255011	3.24975226484813	0.9299	1
ENSDARG00000103380	2	0	0	0	0	0	1	1
ENSDARG00000103388	23	2.13274854216566	1.43956230368816	1.56947823654507	0.735894647454019	10.2283026898173	0.43005	0.945571160077771
ENSDARG00000103390	2	1.30860544915295	1.30860544915295	0.4617760418137	0.352876447299377	1.85064757398744	0.65389	1
ENSDARG00000103394	9	1.97191177933392	1.79089225705268	1.72307297693025	0.873808349333087	5.91573533800177	0.88699	1
ENSDARG00000103403	3	5.98003046503025	5.68033002155491	2.28577943839043	0.382235416986102	10.3577165962421	0.12608	0.598169149722736
ENSDARG00000103404	3	3.50443227457869	4.17546485672703	1.32686946446913	0.378626082773608	6.06985475125446	0.30934	0.850705895703864
ENSDARG00000103405	2	5.81998121341025	5.81998121341025	2.30999623317654	0.39690785046761	8.23069636476139	0.02276	0.249355522066738
ENSDARG00000103409	5	1.2250785747524	1.42405447347082	0.316147856638596	0.258063330103127	2.73935897092491	0.80002	1
ENSDARG00000103413	2	6.4836384231847	6.4836384231847	3.24789574007599	0.50093720964789	9.16924939159111	0.02404	0.257828366701791
ENSDARG00000103415	3	2.03095881022193	0.913595300058378	2.57794634649542	1.26932478074911	3.51772384738403	0.58118	1
ENSDARG00000103422	3	4.51652555142475	4.37780023744809	0.255975716571156	0.0566753611059298	7.82285172875071	0.02461	0.262008974895397
ENSDARG00000103428	27	1.79726224690743	1.21289121083549	1.99110337127315	1.10785355598453	9.33884857850721	0.7444	1
ENSDARG00000103433	4	10.8672190835821	13.2739160393222	7.29635788024505	0.671409844977559	21.7344381671643	1e-05	0.000656645161290323
ENSDARG00000103435	39	2.255232336832	2.04938380171002	1.59921156032981	0.709111666328922	14.0839214294392	0.55926	1
ENSDARG00000103453	7	3.17448949939756	2.66076034226546	2.4480363889938	0.771159075958002	8.39890975499187	0.09232	0.517704110192837
ENSDARG00000103457	15	1.06731496312836	1.04338676606664	0.628037522687532	0.588427544243095	4.13369307735413	0.9985	1
ENSDARG00000103462	13	1.75410448911565	1.51348207269889	1.95192970865862	1.11277846945293	6.32451367802803	0.62928	1
ENSDARG00000103464	4	3.24064677389186	2.68534437886792	1.73221203153504	0.534526640018447	6.48129354778372	0.12732	0.598551020785219
ENSDARG00000103466	2	3.38269168421979	3.38269168421979	0.687085844451954	0.203118081277463	4.78384845715031	0.10522	0.556615987525988
ENSDARG00000103478	3	1.06664822551441	0.69154966776939	1.29558310270981	1.21463015802139	1.84748892039414	0.80207	1
ENSDARG00000103479	1	3.03343841348863	3.03343841348863	NA	NA	3.03343841348863	0.18965	0.711934587020649
ENSDARG00000103483	5	1.66615827424425	1.65638013951358	0.757259911175485	0.454494583666711	3.72564316248387	0.65909	1
ENSDARG00000103486	1	4.39585456034362	4.39585456034362	NA	NA	4.39585456034362	0.1296	0.603692814645309
ENSDARG00000103488	3	2.70178807139665	2.79360329568254	1.44517836186699	0.534897010304708	4.67963421094252	0.19877	0.72537865184654
ENSDARG00000103490	6	2.18280571303824	2.26943700654616	1.19973887897132	0.549631546135824	5.34676020457569	0.62392	1
ENSDARG00000103503	19	2.82728004871773	2.77874380027457	1.42210895290734	0.502995433208788	12.3238280174493	0.17755	0.688158377760853
ENSDARG00000103505	11	3.54381726215314	3.61385136028209	2.3598836054588	0.665915714859685	11.7535121841465	0.13738	0.617648153710247
ENSDARG00000103507	13	1.12132132426429	1.06157234631249	0.901639199937145	0.804086375980337	4.04298153090608	0.98233	1
ENSDARG00000103518	8	1.75131878719181	1.85963838473667	1.2113328635485	0.691668971067703	4.95347756177091	0.83238	1
ENSDARG00000103521	1	2.06641238603354	2.06641238603354	NA	NA	2.06641238603354	0.44989	0.958226135508156
ENSDARG00000103525	9	0.949575122753333	0.497985283538048	1.7119054849871	1.8028120619076	2.84872536826	0.97683	1
ENSDARG00000103533	11	2.07766084552579	1.74489282558	1.33327522115037	0.641719375913327	6.89082146622161	0.4864	0.980761596671949
ENSDARG00000103546	8	3.24557657233901	3.66251047959424	2.14553587467372	0.66106462961294	9.17987681264442	0.09508	0.527657709923664
ENSDARG00000103553	11	2.44335410408899	2.60438605920906	1.32760110169079	0.543351902808123	8.10368879323815	0.43717	0.950954533019876
ENSDARG00000103566	4	3.39887043079399	3.83631695430967	2.47251718473309	0.727452615531303	6.79774086158798	0.57282	1
ENSDARG00000103578	3	6.35753505942326	1.66953481930634	9.08572246826202	1.4291266006933	11.0115737338215	0.00462	0.0882220637898687
ENSDARG00000103590	6	10.4842235925697	9.69900053965528	5.48365944939214	0.523039155067091	25.680998151045	0	0
ENSDARG00000103591	2	9.12069394485525	9.12069394485525	0.183439995846509	0.0201125042629001	12.8986090750685	0.0134	0.179218396846255
ENSDARG00000103600	11	9.74610905572272	4.96448776854659	7.67668241985057	0.787666378034523	32.3241869037172	0	0
ENSDARG00000103602	20	3.26884319773435	2.30080426322446	2.84127669304652	0.869199444933861	14.6187111958436	0.97417	1
ENSDARG00000103606	3	2.52558328759088	2.8978757313308	1.04068150742687	0.41205590508146	4.37443857285424	0.4362	0.950026494117647
ENSDARG00000103607	4	0.682977800398235	0.311838634723692	0.994617002624296	1.45629477567843	1.36595560079647	0.9663	1
ENSDARG00000103608	1	2.46556228994829	2.46556228994829	NA	NA	2.46556228994829	0.37994	0.913112
ENSDARG00000103610	6	2.46127683754217	2.24043360710946	1.5399969594788	0.62569026612083	6.02887236770937	0.26018	0.804729004854369
ENSDARG00000103614	2	4.21316711646658	4.21316711646658	3.17556849004766	0.753724787615566	5.95831807665138	0.07441	0.467108705302096
ENSDARG00000103616	1	0.429619875611211	0.429619875611211	NA	NA	0.429619875611211	1	1
ENSDARG00000103619	11	2.43777068565258	2.00054190979466	2.21922642616556	0.910350772214445	8.08517068923702	0.42916	0.945452484848485
ENSDARG00000103643	9	1.85004423425646	1.87636397003357	1.61518006249847	0.873049429084394	5.55013270276937	0.5281	1
ENSDARG00000103644	6	2.61154293358921	2.01023006140896	2.92372400009083	1.11953893711124	6.39694762866466	0.16838	0.672594835164835
ENSDARG00000103647	4	1.82664065643343	2.00164163914546	0.895381178450387	0.49017915773245	3.65328131286685	0.46445	0.968863311555737
ENSDARG00000103651	13	1.99836279927321	1.61296090553597	1.4665586271897	0.733880068085273	7.20519953975932	0.80039	1
ENSDARG00000103658	37	2.15470393419108	2.07003008985095	1.26969250379686	0.589265413057098	13.1065523547837	0.95514	1
ENSDARG00000103672	4	10.5460787556157	12.2658589050729	6.37483176496087	0.604474128506422	21.0921575112313	0.00573	0.103038763250883
ENSDARG00000103679	16	1.3450323945343	1.42669210447278	0.97440514734754	0.724447345139901	5.38012957813721	0.9238	1
ENSDARG00000103690	5	1.93825611322388	1.95553720808304	0.784729379769616	0.404863616534341	4.33407242697313	0.51294	0.996507600687154
ENSDARG00000103691	13	2.05720842421331	2.03202428395051	1.71384075977092	0.833090483005534	7.41737045781758	0.67041	1
ENSDARG00000103697	34	6.08411732973903	3.24777534350377	9.01203929787936	1.48124022096496	35.4761954723029	0	0
ENSDARG00000103699	28	2.04255220227765	1.78507313347176	1.63114982106565	0.798584153318944	10.8081703341879	0.42196	0.941827146923582
ENSDARG00000103712	14	2.07468157995617	1.98606300594639	1.40653207222475	0.677950817037894	7.76274765884682	0.39718	0.927282350251486
ENSDARG00000103714	12	2.14221096416158	1.04439375996612	2.21840460457928	1.03556775765431	7.42083646091794	0.88623	1
ENSDARG00000103718	2	9.39304694443326	9.39304694443326	7.09579526292652	0.755430618509983	13.2837743808247	0.00188	0.0452355555555556
ENSDARG00000103725	12	2.03411264187486	0.868174780061196	2.46606172707124	1.21235258869354	7.04637288809081	0.38316	0.915709330828833
ENSDARG00000103732	18	1.6366958073702	1.49803943499342	1.18061821103797	0.721342478988176	6.94391222478634	0.85172	1
ENSDARG00000103740	6	2.95337931667508	2.32403782956105	1.64346591984104	0.556469638207957	7.23427234274359	0.54088	1
ENSDARG00000103743	23	1.64182119152181	1.25199291384201	1.54741170465078	0.942497095689504	7.87389782594313	0.77598	1
ENSDARG00000103744	2	3.30363235822288	3.30363235822288	1.12463544489646	0.340423910093142	4.6720416860934	0.1466	0.635745547507456
ENSDARG00000103746	22	2.07362653798467	1.80109902221253	1.17411585134147	0.566213746706085	9.72617059375138	0.57716	1
ENSDARG00000103747	20	4.26247590934098	2.1087631901087	4.83310973428938	1.13387379473462	19.0623717714833	0.00031	0.0115152554744526
ENSDARG00000103748	3	1.6746591966913	1.43956230368816	1.80373533206614	1.07707606158307	2.90059481403182	0.52082	1
ENSDARG00000103751	21	1.89643688048746	1.6244208892013	1.66486275051218	0.877889882675265	8.6905655555397	0.50288	0.989810992071166
ENSDARG00000103752	2	2.99727228627311	2.99727228627311	0.547335170299432	0.182611093695463	4.23878311737244	0.26302	0.808158998189499
ENSDARG00000103754	3	1.96028916532199	0.623677269447383	2.87217875307157	1.46518115994372	3.39532043186447	0.37768	0.911338795637743
ENSDARG00000103774	28	2.88475258129456	2.71863721245959	2.02197548912368	0.700918166166021	15.2646758481141	0.03787	0.332738930112166
ENSDARG00000103776	2	4.08285689979319	4.08285689979319	3.30699118065074	0.809969896524722	5.7740316009161	0.07433	0.466994283950617
ENSDARG00000103791	2	5.13992705916207	5.13992705916207	2.43186082076503	0.473131387425074	7.26895455667545	0.25338	0.797344582691715
ENSDARG00000103792	4	0.664423858494636	0.636069878965596	0.568999106565119	0.856379702941858	1.32884771698927	0.9723	1
ENSDARG00000103799	16	2.39043489444108	2.05118839854657	1.73659195214077	0.726475318854821	9.56173957776431	0.74701	1
ENSDARG00000103800	10	1.81505611872401	1.24762235693485	1.82595557930542	1.00600502676968	5.73971141619285	0.99813	1
ENSDARG00000103810	1	4.09886970767191	4.09886970767191	NA	NA	4.09886970767191	0.16256	0.66518023246493
ENSDARG00000103811	29	2.69101291162431	2.07507254798171	1.90668015456334	0.708536234191631	14.4915480272238	0.25955	0.803925715155204
ENSDARG00000103813	4	1.91201628794858	1.32643061908296	1.75910095720933	0.920024043883376	3.82403257589716	0.46404	0.968863311555737
ENSDARG00000103823	1	1.79709874247389	1.79709874247389	NA	NA	1.79709874247389	0.51009	0.994196863270777
ENSDARG00000103824	2	10.3894276327809	10.3894276327809	5.8405684351504	0.562164600552407	14.6928694635725	0.00351	0.0718808450704225
ENSDARG00000103825	2	4.01121766089259	4.01121766089259	0.828603160683287	0.206571477973325	5.67271841766478	0.07415	0.466439245982695
ENSDARG00000103826	1	13.007897062241	13.007897062241	NA	NA	13.007897062241	0.00848	0.133813085271318
ENSDARG00000103830	4	1.58535366760504	1.60467119609946	0.813956246158771	0.51342250173641	3.17070733521007	0.55789	1
ENSDARG00000103831	9	4.22417853967506	4.98312583957634	3.2615441320151	0.772113228970193	12.6725356190252	0.0644	0.436103260146374
ENSDARG00000103834	3	8.1015171914169	7.32708275776518	6.63673520876512	0.819196584041858	14.0322393939268	0.00074	0.0225500598802395
ENSDARG00000103844	4	5.32161967202782	5.29955636505661	0.33835403684879	0.0635810256466259	10.6432393440556	0.00484	0.0915641635687732
ENSDARG00000103846	20	5.25355181524498	4.3856835560926	5.34271342399242	1.01697168161332	23.4945979644104	0.00757	0.124635282714055
ENSDARG00000103847	3	2.10980301827097	2.47510545179259	0.818800966809337	0.388093561208554	3.6542860216075	0.31376	0.855235479378682
ENSDARG00000103848	17	2.24426785578827	2.27505409848453	1.55048286688959	0.690863553960675	9.25335342159349	0.68346	1
ENSDARG00000103850	30	1.25523229129977	1.03410395887171	1.12815745116529	0.898763885365872	6.87519040853779	0.99183	1
ENSDARG00000103856	4	2.91950905401739	1.61544249684257	3.23556514710171	1.10825658945959	5.83901810803479	0.21153	0.742141447776629
ENSDARG00000103862	3	1.65694355888645	1.46258844270686	0.862065892222521	0.520274747802437	2.86991042926533	0.51742	0.998957572078907
ENSDARG00000103870	1	3.82830826485372	3.82830826485372	NA	NA	3.82830826485372	0.14482	0.633696457437661
ENSDARG00000103871	8	2.26540450112103	1.05926582038032	2.27984588894972	1.00637475021416	6.40753153949283	0.31965	0.862512645811241
ENSDARG00000103889	10	1.81001390600862	1.53689622622311	1.58614382737738	0.876315823934796	5.72376653956516	0.57826	1
ENSDARG00000103893	14	2.7839518597442	2.64318135136813	1.68607729069651	0.605641683348447	10.4165940404349	0.16167	0.664839296969697
ENSDARG00000103902	5	1.42670422338997	1.23241785660833	1.10139216322517	0.77198353041121	3.19020762728601	0.72914	1
ENSDARG00000103903	6	3.4828187115448	3.94095220540183	2.6203884239329	0.752375774038103	8.5311287099023	0.08061	0.486047736966825
ENSDARG00000103906	11	5.29687027537607	3.30140253730617	5.27526269445178	0.99592068904826	17.5677312666089	0.0151	0.196410702426564
ENSDARG00000103907	4	1.98251416671657	1.56981864571249	1.50585592483395	0.759568809199451	3.96502833343314	0.37878	0.912262858495031
ENSDARG00000103914	5	3.18719199931438	3.26814106451422	1.22459738931328	0.384224542975983	7.12677796781042	0.12704	0.598169149722736
ENSDARG00000103915	5	3.02587453882537	2.86513053069237	1.25061985067489	0.41330856075757	6.76606116019936	0.1121	0.569338223552894
ENSDARG00000103917	1	2.50839500877384	2.50839500877384	NA	NA	2.50839500877384	0.30651	0.849307986977754
ENSDARG00000103919	5	5.67683325522225	4.72342803171179	3.96143741756058	0.697825220410757	12.6937850556084	0.33921	0.882050015321757
ENSDARG00000103922	4	2.99549655029112	2.92025984317209	0.633479380732077	0.21147725263463	5.99099310058223	0.32631	0.870624412997903
ENSDARG00000103923	2	0.502235642438445	0.502235642438445	0.414908771531265	0.826123708617747	0.710268457043613	0.9655	1
ENSDARG00000103934	1	6.4586331299016	6.4586331299016	NA	NA	6.4586331299016	0.07297	0.464081199250468
ENSDARG00000103937	27	5.6706691272672	5.46157118966161	4.34920185474201	0.766964489927481	29.4656611240172	0.65279	1
ENSDARG00000103940	8	2.39018955837954	2.20092215344703	1.71416226275076	0.71716582341398	6.76047698020582	0.73142	1
ENSDARG00000103949	2	1.93224565326083	1.93224565326083	0.420184392876781	0.217459095932075	2.73260800867792	0.45408	0.959895774006623
ENSDARG00000103950	15	3.76714385788373	2.96858936201572	2.58886541323557	0.687222338965818	14.5900854243512	0.16744	0.671163195592286
ENSDARG00000103953	19	2.32626043346066	2.12585922246192	1.28377680690832	0.551862890518458	10.1399341458122	0.37483	0.909903005008347
ENSDARG00000103954	15	7.11184476407539	7.52974975606738	3.27225000122659	0.46011268662049	27.5440563320764	0	0
ENSDARG00000103957	6	8.38338563221213	4.34751839178072	9.38200501675533	1.11911886537894	20.5350171158995	2e-05	0.00120449704142012
ENSDARG00000103962	18	2.38981862468611	2.05368778644347	1.97076439763346	0.824650196159682	10.1391417319287	0.93359	1
ENSDARG00000103979	5	1.81301127431497	1.0496100137027	2.12022714900361	1.16945061458855	4.05401645334179	0.82068	1
ENSDARG00000103980	13	1.40375393496236	0.940357206921407	1.62930493065526	1.16067701758496	5.06130679064112	0.99412	1
ENSDARG00000103983	4	1.98068173544011	1.20838974544773	2.47101027134419	1.24755543868088	3.96136347088023	0.37959	0.913063235710912
ENSDARG00000103994	2	4.14517148178278	4.14517148178278	4.38324562063795	1.05743408684091	5.86215772789938	0.54905	1
ENSDARG00000103996	3	1.79294673247143	1.71077433334494	0.243031763406484	0.135548791832474	3.10547483590511	0.46303	0.968863311555737
ENSDARG00000104007	6	3.51277918706863	1.97636051316253	3.96475383187027	1.12866582860246	8.60451658738683	0.65742	1
ENSDARG00000104011	1	2.06641238603354	2.06641238603354	NA	NA	2.06641238603354	0.4524	0.959297704166667
ENSDARG00000104018	12	5.89251876504794	3.57263806150938	6.30570892196019	1.07012114401114	20.4122837712321	0.07413	0.466439245982695
ENSDARG00000104023	10	3.12684537425349	2.67886320683359	2.30925717225208	0.738526180816792	9.88795327380265	0.9776	1
ENSDARG00000104024	6	1.96309344530857	1.34270783986903	2.12932149026352	1.08467658294729	4.80857725840824	0.42516	0.943239716652136
ENSDARG00000104030	4	2.48869230520063	1.97115535769533	1.33273407375661	0.53551580923507	4.97738461040126	0.761	1
ENSDARG00000104031	3	1.72152813705446	1.39599570118095	1.90526736742014	1.10673030920079	2.98177420003772	0.74824	1
ENSDARG00000104034	2	1.27619319998413	1.27619319998413	0.922796878629562	0.723085563095808	1.80480973162587	0.63346	1
ENSDARG00000104039	13	2.25866532675196	1.66538092740087	1.76921058837556	0.783299131314752	8.1437336497168	0.63447	1
ENSDARG00000104042	12	1.62969914192008	1.37186549696204	1.14912939154214	0.705117504196673	5.64544342971395	0.69955	1
ENSDARG00000104043	3	6.13208512487051	6.75223191077983	2.02595875304117	0.330386599628939	10.6210829926131	0.00585	0.104642003514938
ENSDARG00000104065	10	2.46060616838718	2.57307970535901	1.05744166956037	0.429748442943015	7.78111991676329	0.18733	0.707813028953229
ENSDARG00000104066	5	3.18532744346155	4.20749441442529	2.15810851733631	0.677515437782139	7.12260869417563	0.7077	1
ENSDARG00000104069	7	4.53273498513966	4.80784275445417	2.04180459532165	0.450457527743317	11.9924895296416	0.00762	0.12485231511254
ENSDARG00000104076	12	2.5041426500156	2.59541012017955	1.15028932771443	0.459354553027266	8.67460459845439	0.21398	0.743894095238095
ENSDARG00000104077	5	3.22901770550512	3.23150130162724	1.7795598420224	0.551114922345716	7.22030309005984	0.17363	0.6834924516628
ENSDARG00000104080	13	6.22072013093279	4.15851817625753	4.85448121274815	0.780372868505857	22.4291254023892	0.00035	0.0125876325088339
ENSDARG00000104082	14	2.71423600046225	1.84914120942713	2.06442618973046	0.760592000614124	10.1557411805773	0.08096	0.487004066193853
ENSDARG00000104084	36	1.9080955399836	1.8733578756418	1.06013971650399	0.555600961424138	11.4485732399016	0.90635	1
ENSDARG00000104085	19	2.32622889316006	2.07964626846941	2.23117586449657	0.95913857447864	10.1397966648292	0.27859	0.825739895165987
ENSDARG00000104090	7	2.19962933829185	2.02461158291914	1.30419039498006	0.592913711540528	5.81967220564179	0.76818	1
ENSDARG00000104097	4	1.63547057489986	1.30668021725691	1.07005512051032	0.654279653167005	3.27094114979971	0.59948	1
ENSDARG00000104100	3	0.971930895799729	0	1.68343369297106	1.73205080756888	1.68343369297106	0.84052	1
ENSDARG00000104105	17	1.53865500406505	1.42579946951914	1.01951587273712	0.662601993327685	6.34403710314536	0.79837	1
ENSDARG00000104106	3	2.79106994243493	3.1160196007862	2.64361617482523	0.947169447326333	4.83427494777563	0.16616	0.668713515223408
ENSDARG00000104107	2	0.956646955840843	0.956646955840843	0.959520516448086	1.00300378377802	1.35290309935306	0.84	1
ENSDARG00000104110	11	1.43511288068163	1.42579946951914	0.90988497484688	0.634016311256793	4.75973095702706	0.81764	1
ENSDARG00000104119	28	2.02510258880344	1.59779214098659	1.45312383904835	0.717555667096822	10.715835658734	0.61103	1
ENSDARG00000104120	7	2.25349402731284	1.28063326167805	2.45780349262072	1.09066341549239	5.96218477723917	0.27176	0.820725684647303
ENSDARG00000104126	2	1.47018602753162	1.47018602753162	0.273581601571569	0.186086383932584	2.07915701934664	0.70636	1
ENSDARG00000104130	2	32.485323929814	32.485323929814	22.8337620429178	0.702894700765527	45.9411856796262	0	0
ENSDARG00000104139	1	2.78604856726509	2.78604856726509	NA	NA	2.78604856726509	0.76444	1
ENSDARG00000104141	18	9.49417753652041	11.2193703054476	6.78617634659873	0.71477242978604	40.2803839071754	0	0
ENSDARG00000104154	2	5.02828015665651	5.02828015665651	2.16783397816351	0.431128320345019	7.11106199295514	0.08957	0.510951556550952
ENSDARG00000104163	5	4.15481149158834	4.18656721241574	0.71668253234211	0.172494596636472	9.29044092888883	0.02011	0.23282175
ENSDARG00000104173	6	2.58439116539121	2.17918221109689	2.18810577427595	0.8466619928043	6.33043965096524	0.71365	1
ENSDARG00000104177	6	1.61884692039011	1.62086799860001	0.706490840071043	0.43641608800219	3.9653489266317	0.68705	1
ENSDARG00000104179	1	1.29177380535467	1.29177380535467	NA	NA	1.29177380535467	0.66352	1
ENSDARG00000104181	3	2.39543630604281	2.14618775065786	2.52928823534752	1.05587789120798	4.14901738836126	0.56451	1
ENSDARG00000104207	2	6.4784609097896	6.4784609097896	1.72713756361053	0.266596895105234	9.16192728192839	0.02566	0.268111045081967
ENSDARG00000104208	7	5.32828061602615	6.6181501266265	3.3860432181722	0.635485152187334	14.0973054255712	0.00104	0.0290003287671233
ENSDARG00000104210	12	2.51772996372157	2.4299191816576	1.50968324429857	0.599620795737377	8.72167243380862	0.13905	0.620180061349693
ENSDARG00000104217	4	2.12699150350744	2.11595782705187	0.45306198223799	0.213006014124121	4.25398300701488	0.36771	0.907505426770126
ENSDARG00000104221	6	3.6822195980243	3.67879905159024	1.66575934461473	0.4523791425988	9.01955913603573	0.04147	0.350566162790698
ENSDARG00000104222	10	2.36068253871045	1.99876195991687	2.01898338724376	0.855254086111318	7.46513365491365	0.22092	0.752974368932039
ENSDARG00000104223	3	2.51882749614594	2.14200553202097	1.51489590346554	0.601429000510548	4.36273719882626	0.39477	0.925986935483871
ENSDARG00000104224	1	3.06462393188681	3.06462393188681	NA	NA	3.06462393188681	0.12627	0.598169149722736
ENSDARG00000104225	7	3.48548752626654	2.25358313204166	2.97621457851665	0.853887599966426	9.22173319231897	0.24314	0.785307287116176
ENSDARG00000104227	1	5.2649075500606	5.2649075500606	NA	NA	5.2649075500606	0.04612	0.366138489096573
ENSDARG00000104228	2	0.383989535206479	0.383989535206479	0.233889497325366	0.60910383195625	0.543043208498344	0.97297	1
ENSDARG00000104230	22	2.38648524768313	2.38211037967244	1.83180258721129	0.767573396479049	11.1936080163191	0.26569	0.81249781981982
ENSDARG00000104233	3	3.74202242849086	2.87043222874698	1.70709453750488	0.456195699017587	6.48137296920844	0.40333	0.93110022655188
ENSDARG00000104244	6	1.56156345549611	0.700433740894717	1.57345644362419	1.00761607739104	3.82503366694277	0.65007	1
ENSDARG00000104251	27	1.80250889854674	1.6351304197089	1.29912749986238	0.720732918938591	9.3661109801339	0.75194	1
ENSDARG00000104254	5	2.38517137456133	2.47510545179259	0.976146634279474	0.409256393352031	5.33340533150574	0.23495	0.772870294022617
ENSDARG00000104264	12	2.32871617556807	1.75088070285776	1.95420152243204	0.839175483442213	8.06690946498277	0.69812	1
ENSDARG00000104267	8	3.44840150250394	3.63087228516101	2.33542376966049	0.677248217170971	9.75355234669765	0.05063	0.384561298507463
ENSDARG00000104274	5	1.11178057377502	1.12958749279821	0.66135529882771	0.594861355224166	2.48601693902467	0.92829	1
ENSDARG00000104280	12	1.31254254161019	1.13692714197583	0.805138584935498	0.613419039315691	4.54678073832887	0.92556	1
ENSDARG00000104282	5	2.42734962826692	2.18641395806165	1.76348414137135	0.726506029801089	5.42771877396367	0.22526	0.759023592457823
ENSDARG00000104283	10	2.22917205708283	2.37001635866644	1.32864338344394	0.596025497099872	7.04926099678462	0.27987	0.827095487804878
ENSDARG00000104285	13	2.22049251224301	2.3732351737868	1.4460393106673	0.651224583147363	8.00609960967604	0.36525	0.906114403892944
ENSDARG00000104287	3	1.92550752099781	2.01922574346728	0.328530282555574	0.17062009832365	3.3350768567242	0.44929	0.958092478525037
ENSDARG00000104290	5	3.44693199771685	3.50143776966467	1.47325633226131	0.427410907217535	7.70757426071402	0.06189	0.427337993220339
ENSDARG00000104291	7	2.59249549876773	2.87496836389162	2.94097498373518	1.13441854966888	6.85909836479377	0.15428	0.650523454846727
ENSDARG00000104296	9	2.49330470285973	2.60951830178352	1.57293229342221	0.630862441970335	7.47991410857918	0.73685	1
ENSDARG00000104297	2	3.7637542708042	3.7637542708042	0.558280469027471	0.148330743417047	5.32275233521096	0.07751	0.476386944444444
ENSDARG00000104298	1	2.19699541797725	2.19699541797725	NA	NA	2.19699541797725	0.42978	0.945571160077771
ENSDARG00000104306	17	1.94701597099426	1.94572537774222	1.65794270590609	0.85153010073125	8.02775250317385	0.61427	1
ENSDARG00000104311	13	1.67284063241818	1.28063326167805	1.03008993172599	0.615772902548963	6.03151267586335	0.66556	1
ENSDARG00000104314	10	2.90638285601743	1.1762942736674	3.292203296073	1.13274935174379	9.19078957748028	0.08073	0.486483090586146
ENSDARG00000104315	16	2.07318756228941	2.05756154429126	0.790572939632707	0.381332086885415	8.29275024915763	0.36199	0.903837355898945
ENSDARG00000104326	21	5.76595910930988	5.57683928076151	4.56074101290778	0.790976995578044	26.4229440724327	0	0
ENSDARG00000104339	6	1.72637034221279	1.4410668017414	1.07829836934464	0.62460431749686	4.22872644549531	0.93659	1
ENSDARG00000104342	20	1.73285950255347	1.63886896214829	0.971162445897205	0.560439230339299	7.74958328633204	0.86144	1
ENSDARG00000104347	12	2.26074745486679	1.69193467418275	2.15311041747996	0.952388738885839	7.83145890982263	0.85634	1
ENSDARG00000104348	3	1.3056051487345	1.6244208892013	0.590982036223215	0.452649897096412	2.26137445223167	0.67467	1
ENSDARG00000104358	6	3.39949777339607	2.6491156276465	2.92019429407681	0.85900756191982	8.32703492654792	0.06634	0.442979620170269
ENSDARG00000104363	1	1.6244208892013	1.6244208892013	NA	NA	1.6244208892013	0.55864	1
ENSDARG00000104370	1	10.9281622470832	10.9281622470832	NA	NA	10.9281622470832	0.00423	0.0818875142314991
ENSDARG00000104374	28	4.49786914812596	3.54637797820498	3.92848537377791	0.873410329292197	23.8004863913025	0	0
ENSDARG00000104375	17	1.44581642186508	1.36729072740319	1.00946852101175	0.698199650900044	5.96125382260229	0.97543	1
ENSDARG00000104384	1	5.25719022651858	5.25719022651858	NA	NA	5.25719022651858	0.10925	0.563891120121642
ENSDARG00000104387	8	1.5055282934603	1.45608937654882	1.17346996083656	0.77944065610315	4.25827706229596	0.70709	1
ENSDARG00000104393	8	1.40522770370507	1.46677874141035	0.859611770866006	0.611724184343596	3.97458415360421	0.83181	1
ENSDARG00000104403	1	2.77070257856102	2.77070257856102	NA	NA	2.77070257856102	0.2462	0.78753154619736
ENSDARG00000104404	4	1.1255115472595	1.22628472503574	0.350346719803294	0.311277765791343	2.251023094519	0.82092	1
ENSDARG00000104408	1	1.6244208892013	1.6244208892013	NA	NA	1.6244208892013	0.56066	1
ENSDARG00000104414	7	2.26701678185792	1.95553720808304	0.967048172732947	0.426573010165549	5.99796262280601	0.39586	0.926408579310345
ENSDARG00000104436	5	7.30248155098031	8.17650063495683	7.01304934899319	0.960365226537509	16.3288451524301	0.59346	1
ENSDARG00000104437	2	1.27085407964761	1.27085407964761	1.07404716853577	0.84513807347071	1.79725907523483	0.87741	1
ENSDARG00000104448	2	1.19492862611329	1.19492862611329	0.446273926030596	0.373473290603288	1.68988426911726	0.77764	1
ENSDARG00000104451	1	0.143700384141285	0.143700384141285	NA	NA	0.143700384141285	1	1
ENSDARG00000104458	5	9.60721454866999	9.7182511939115	7.91946070711354	0.824324331156932	21.4823848052511	0.00313	0.0659568115942029
ENSDARG00000104470	9	2.89113799111257	2.28468581130063	2.07412846119855	0.717409015956509	8.67341397333772	0.19561	0.722054923857868
ENSDARG00000104472	2	0.696306452881087	0.696306452881087	0.524115371685172	0.752707905429506	0.984726029232335	0.94037	1
ENSDARG00000104478	25	2.44924353933058	1.42405447347082	2.47717632846517	1.01140465971882	12.2462176966529	0.12221	0.59287577693041
ENSDARG00000104480	10	3.01611069242193	0.994589304359223	3.52025455178742	1.16715031733821	9.53777946324086	0.237	0.776137743589744
ENSDARG00000104483	5	2.36603237245996	2.22823076262639	1.02429920594941	0.432918508585092	5.29060922178557	0.4942	0.985711331899081
ENSDARG00000104484	5	1.81144265209309	1.66363743321075	0.766197106463625	0.422976187282714	4.05050890742266	0.50708	0.99246261053441
ENSDARG00000104485	1	2.18566123045522	2.18566123045522	NA	NA	2.18566123045522	0.4031	0.930962514181983
ENSDARG00000104493	9	2.5716471602098	1.31793152440493	2.70891142767246	1.05337601113656	7.71494148062939	0.15612	0.655794205530334
ENSDARG00000104495	2	2.73323035195297	2.73323035195297	1.11469263634989	0.407829744592662	3.86537143282168	0.30822	0.849342252301029
ENSDARG00000104497	19	5.94130405520515	4.97758521732432	3.20308958325548	0.539122312794153	25.8975439694876	7e-05	0.00347541463414634
ENSDARG00000104508	6	1.404451224352	1.35174360022614	0.74926751206429	0.533494861959335	3.4401888682895	0.73426	1
ENSDARG00000104511	3	3.24860736139678	3.89932882668362	1.82873792068052	0.562929808757877	5.62675300378149	0.1001	0.542501490947817
ENSDARG00000104537	1	0.469861863945345	0.469861863945345	NA	NA	0.469861863945345	0.94786	1
ENSDARG00000104541	15	2.13498234302884	1.46635448287741	1.72250681232925	0.806801432317972	8.26875105899759	0.30758	0.849307986977754
ENSDARG00000104549	7	0.978680179160966	0.435619719430496	1.01428476104899	1.036380201261	2.58934436712805	0.98666	1
ENSDARG00000104559	6	1.8407660203723	1.44190499522531	1.61340141911558	0.876483703664451	4.50893748576575	0.74425	1
ENSDARG00000104561	1	2.50839500877384	2.50839500877384	NA	NA	2.50839500877384	0.30571	0.849307986977754
ENSDARG00000104563	11	1.78122533499793	1.58709483460232	1.30011558101514	0.729899555923761	5.90765610326324	0.61361	1
ENSDARG00000104568	6	1.85609024741984	1.19725525086773	1.92230365050119	1.03567359031889	4.54647402273478	0.45378	0.959895774006623
ENSDARG00000104573	15	2.26646392088004	1.66871728755481	1.98917982248544	0.877657837020883	8.77797702034835	0.47209	0.974306742347456
ENSDARG00000104574	9	2.44662429888209	1.78499821399274	2.46140681711163	1.00604200581033	7.33987289664626	0.26036	0.804729004854369
ENSDARG00000104576	3	1.18104953560256	1.42579946951914	0.423919320692647	0.358934412074739	2.04563780191925	0.74296	1
ENSDARG00000104596	14	1.46737342043038	1.22581761782361	0.95783883285029	0.65275738235013	5.49040859770907	0.94192	1
ENSDARG00000104598	22	3.59074344302823	2.51120904888733	3.27085180963354	0.910912144387316	16.8420796346623	0.89505	1
ENSDARG00000104609	38	1.98434656101944	1.42856262757202	1.61300572772076	0.812864929648225	12.2323337274915	0.95488	1
ENSDARG00000104618	1	1.6244208892013	1.6244208892013	NA	NA	1.6244208892013	0.55969	1
ENSDARG00000104624	3	1.71906523871651	2.19132179951918	1.147271626856	0.667381086544786	2.97750833498252	0.48538	0.980278722222222
ENSDARG00000104632	1	16.3915558975452	16.3915558975452	NA	NA	16.3915558975452	0.00053	0.0179213953488372
ENSDARG00000104640	8	2.87379657013989	2.44101580242704	2.33754768486786	0.813400540997263	8.12832416998622	0.11511	0.577687860304968
ENSDARG00000104641	31	2.00493510057766	1.68680783725592	1.59108010305125	0.793581848406377	11.1630062027833	0.65971	1
ENSDARG00000104647	1	0.927420832205978	0.927420832205978	NA	NA	0.927420832205978	0.82255	1
ENSDARG00000104653	8	3.85474732508682	3.17502643001255	2.21499512309817	0.574614867408536	10.9028718933184	0.02064	0.23656972972973
ENSDARG00000104660	12	1.52413292444726	0.82188318277584	1.8148802342753	1.19076243624452	5.27975132526238	0.75757	1
ENSDARG00000104663	1	2.89017384886327	2.89017384886327	NA	NA	2.89017384886327	0.20383	0.729894702778755
ENSDARG00000104664	57	1.75350175059312	1.26723469309368	1.44279912476103	0.822810199233053	13.2386478989355	0.99554	1
ENSDARG00000104669	5	2.17430271901415	1.96770110303155	1.15180704045113	0.529736282983341	4.86188868337825	0.31299	0.854133394101877
ENSDARG00000104674	5	10.3725293251751	6.74931585661713	13.9744702786596	1.34725772668989	23.1936806697015	0.00062	0.0196584423676012
ENSDARG00000104678	2	1.16594836544629	1.16594836544629	1.18818259236783	1.01906964972075	1.64889999144088	0.7417	1
ENSDARG00000104693	33	2.94619296688006	2.44071565545478	2.23807104948162	0.759648493714135	16.9245900670322	0.02555	0.267538991769547
ENSDARG00000104696	3	0.620672805946278	0.74741962932381	0.283538303705736	0.456824112462046	1.07503683477529	0.97182	1
ENSDARG00000104697	1	2.59959564003683	2.59959564003683	NA	NA	2.59959564003683	0.20019	0.726355496453901
ENSDARG00000104701	6	3.01426335904878	2.73334483722457	1.76370049637421	0.585118248237865	7.38340718003716	0.82613	1
ENSDARG00000104702	9	2.53491575694519	2.42558351667313	1.14280028807109	0.450823773902558	7.60474727083557	0.59895	1
ENSDARG00000104708	13	2.06849953531266	1.80088231997924	1.34417487670172	0.649830881638821	7.45808113784323	0.46541	0.968863311555737
ENSDARG00000104709	2	2.23369249049674	2.23369249049674	0.376168627627704	0.1684066312745	3.15891821423142	0.30586	0.849307986977754
ENSDARG00000104713	1	2.18641395806165	2.18641395806165	NA	NA	2.18641395806165	0.40615	0.932452393605044
ENSDARG00000104716	6	1.6852500111967	1.87963763813751	0.454767777574411	0.269851816972533	4.12800261645155	0.54838	1
ENSDARG00000104719	24	2.58745855425731	2.33412887589533	1.72006328807751	0.664769406739821	12.6759063770597	0.07394	0.466334014869889
ENSDARG00000104727	3	2.28641076056558	0.775047264124461	2.69039334693575	1.17668854316896	3.96017960427178	0.27412	0.82269667648792
ENSDARG00000104732	10	3.46304751607936	1.00533628137614	7.10511191812919	2.05169345356634	10.9511177961993	0.02833	0.285306152324431
ENSDARG00000104733	13	2.25086956440061	1.6016534780358	2.38236789043678	1.05842112227022	8.11562562882768	0.24873	0.790396211838006
ENSDARG00000104734	10	1.82581487755114	1.62166064039275	1.24931451343725	0.684250374338544	5.77373359888303	0.53709	1
ENSDARG00000104756	11	1.62148613725075	1.62458928002768	1.28666659669573	0.793510698079283	5.37786112002347	0.77239	1
ENSDARG00000104758	5	1.01083357991087	0.999513428911825	0.351494045361835	0.34772691800843	2.26029259862017	0.9898	1
ENSDARG00000104767	8	1.78501703123257	1.6791841619627	0.883874039536502	0.495162804651886	5.04879058927212	0.76016	1
ENSDARG00000104768	22	1.81710294759911	1.77093665851683	1.23816219754714	0.681393533141912	8.52296830264046	0.76279	1
ENSDARG00000104771	14	2.6712721468764	2.29118403650389	1.86566625897469	0.698418639656865	9.99498516044356	0.15725	0.658618338132456
ENSDARG00000104782	1	26.017566781324	26.017566781324	NA	NA	26.017566781324	6e-05	0.00306874371859297
ENSDARG00000104786	9	1.66607796473795	1.65052230553059	0.985122878724678	0.591282580752229	4.99823389421386	0.97233	1
ENSDARG00000104789	8	6.08809929953535	3.66544740841404	5.42125634049979	0.890467791961531	17.2197451969541	0.00065	0.0204188271604938
ENSDARG00000104807	2	2.94653889107873	2.94653889107873	1.85461164602218	0.629420385944136	4.16703526182332	0.15232	0.644620773388773
ENSDARG00000104809	1	2.99547478553409	2.99547478553409	NA	NA	2.99547478553409	0.21302	0.742760383693046
ENSDARG00000104820	30	2.49709718940717	2.10538731251347	1.94951199273668	0.780711299907198	13.6771645892106	0.9845	1
ENSDARG00000104826	8	5.65808067723016	6.08261260764191	3.31345072175781	0.585613905275715	16.0034688614801	0.12992	0.604356528095021
ENSDARG00000104831	3	3.69810663601746	4.09886970767191	0.962857625455013	0.260365024652704	6.40530858538986	0.08772	0.505843716713881
ENSDARG00000104835	30	1.42960955320981	1.4087486627331	0.966363228952584	0.675963046541536	7.83029400717892	0.9952	1
ENSDARG00000104837	3	2.88979539198403	1.42049606959635	3.84131908562439	1.32927026469756	5.00527244239476	0.14754	0.636944415254237
ENSDARG00000104840	21	2.45744601505529	1.71077433334494	2.05338370509482	0.835576322944624	11.2614323802584	0.12717	0.598169149722736
ENSDARG00000104845	3	0.705201380413404	0.69154966776939	0.712125384182203	1.00981847733301	1.22144462044372	0.93233	1
ENSDARG00000104846	6	5.56724779125562	4.53833917630706	4.70979566644504	0.845982762585605	13.6369163602129	0.00167	0.0413558637469586
ENSDARG00000104848	2	2.00253080460593	2.00253080460593	0.364926360273096	0.182232582606842	2.83200622294361	0.50146	0.98906652586708
ENSDARG00000104849	1	1.96770110303155	1.96770110303155	NA	NA	1.96770110303155	0.48048	0.97776206662677
ENSDARG00000104853	6	0.683138048706575	0.300485023299353	0.987734789853994	1.44587875279986	1.67333964321167	0.99843	1
ENSDARG00000104860	8	1.80006069423662	1.7514700706928	1.5149225794294	0.841595277470271	5.09134049376832	0.72944	1
ENSDARG00000104861	7	2.41467268761074	2.1384801920119	1.34735822440016	0.557987934063784	6.38862342903798	0.31112	0.853405141471302
ENSDARG00000104864	3	13.7086171985704	1.73728466212144	21.5319613568452	1.57068806028741	23.7440214894364	0	0
ENSDARG00000104869	4	1.33837310521307	0.965461936922169	1.47290230305499	1.10051696146457	2.67674621042615	0.74106	1
ENSDARG00000104883	1	4.17932877912092	4.17932877912092	NA	NA	4.17932877912092	0.16823	0.672339418924225
ENSDARG00000104889	3	3.89472735010193	3.4435149539928	0.867695247022066	0.222787160441246	6.74586565200464	0.24464	0.786657169930512
ENSDARG00000104891	16	3.019363861734	2.77042081720469	2.06880459923161	0.685178962844017	12.077455446936	0.02501	0.264332066458982
ENSDARG00000104901	2	2.3190048251805	2.3190048251805	2.09021358626137	0.901340766334405	3.2795680749789	0.30327	0.848745015122354
ENSDARG00000104903	7	9.77687432240943	6.20174306180548	7.71632070687468	0.78924208826007	25.8671780566285	0	0
ENSDARG00000104906	7	3.12856177935201	1.71077433334494	2.51140712058268	0.802735345409367	8.27739642946715	0.07372	0.466038608695652
ENSDARG00000104907	4	2.04574409445119	1.86855366735928	0.971642735515017	0.474958103582197	4.09148818890238	0.557	1
ENSDARG00000104911	1	1.35165069132102	1.35165069132102	NA	NA	1.35165069132102	0.63868	1
ENSDARG00000104922	4	1.65037329841024	1.2647101671284	0.977803410862658	0.592474085592969	3.30074659682048	0.69319	1
ENSDARG00000104924	5	2.60693119717152	2.34722030483339	1.0360779784525	0.397432037936646	5.82927536954042	0.47376	0.975359077856421
ENSDARG00000104929	9	1.4927331860655	1.6016534780358	1.11518900774768	0.747078592582954	4.4781995581965	0.81907	1
ENSDARG00000104930	15	2.56384974782996	2.19315229999806	1.6133738181737	0.62927783484163	9.92974737552353	0.18361	0.701762402402402
ENSDARG00000104940	4	3.27580241241119	3.22988756986738	1.06110724849485	0.323922848482736	6.55160482482238	0.11004	0.564858521126761
ENSDARG00000104945	1	1.50798326269639	1.50798326269639	NA	NA	1.50798326269639	0.82749	1
ENSDARG00000104953	9	2.13179534476887	1.96951189482065	1.1332102489699	0.53157553409179	6.3953860343066	0.84729	1
ENSDARG00000104974	1	1.76196513349038	1.76196513349038	NA	NA	1.76196513349038	0.46563	0.968863311555737
ENSDARG00000104996	4	1.18857091866574	1.44441521757223	0.87307893777384	0.734561921432451	2.37714183733148	0.86876	1
ENSDARG00000105000	7	2.19994327022047	1.92870913052087	1.86362540867751	0.847124302660197	5.82050279145352	0.30876	0.8495699594485
ENSDARG00000105009	1	1.6739885573645	1.6739885573645	NA	NA	1.6739885573645	0.57018	1
ENSDARG00000105010	5	1.08367119521222	0.715439306140959	0.713681320683881	0.658577365382604	2.42316245775297	0.96377	1
ENSDARG00000105011	9	1.28605707201657	1.35165069132102	0.681552983539656	0.529955472715504	3.8581712160497	0.89418	1
ENSDARG00000105012	5	2.06490526967281	1.46258844270686	1.67637787747245	0.811842510207781	4.61726855008593	0.54026	1
ENSDARG00000105022	4	6.58665836007838	3.86476310413782	7.5354671208106	1.14405009473133	13.1733167201568	0.02901	0.288062224390244
ENSDARG00000105034	7	4.36500792895198	3.74101285347809	4.1256929803081	0.945174223612158	11.548725450832	0.01727	0.213318033980583
ENSDARG00000105035	14	2.40105998309946	2.47448256523678	1.51630977616027	0.631516824582993	8.98394382185141	0.18712	0.707469301634473
ENSDARG00000105036	10	2.66944300231425	2.11831029969041	2.11444122879027	0.792090794580433	8.44151997131116	0.20747	0.736272545327755
ENSDARG00000105040	27	2.46365036799505	2.35063583201308	1.65058587137212	0.669975696557701	12.8015028283596	0.17235	0.681498951048951
ENSDARG00000105045	16	1.91821313541641	1.22349855679786	1.6522833034671	0.861365858131513	7.67285254166564	0.53625	1
ENSDARG00000105046	7	0.856709341253976	0.69154966776939	0.632236547695863	0.737982554001863	2.26663986282399	0.9753	1
ENSDARG00000105050	12	1.80847957797806	1.84613149468939	1.23543466703724	0.683134430756747	6.26475702701743	0.63104	1
ENSDARG00000105071	17	1.23589350622534	0.586213345141312	1.22288699126813	0.989476022900282	5.09571946818203	0.97813	1
ENSDARG00000105073	18	2.08808767820554	1.98183197514793	1.1935608075931	0.571604736741144	8.85900574182726	0.36205	0.903837355898945
ENSDARG00000105075	3	1.87193548254163	2.18641395806165	0.733601267961611	0.391894525641215	3.24228736425307	0.43247	0.947412755058115
ENSDARG00000105077	5	3.98851296144987	4.10512859875524	0.903723417853833	0.226581542190932	8.9185861109409	0.02319	0.252062835820896
ENSDARG00000105079	4	5.50367502254057	4.42355512886316	2.50014881258673	0.454268975247857	11.0073500450811	0.00474	0.0901751775700935
ENSDARG00000105081	1	3.34868462424119	3.34868462424119	NA	NA	3.34868462424119	0.35586	0.895412380716935
ENSDARG00000105083	42	2.4331429609924	1.95048777647635	2.10189203306229	0.863858830639776	15.768568612348	0.57157	1
ENSDARG00000105088	1	4.7609261501272	4.7609261501272	NA	NA	4.7609261501272	0.05434	0.39933033935018
ENSDARG00000105098	1	6.95803017865716	6.95803017865716	NA	NA	6.95803017865716	0.02106	0.2392284375
ENSDARG00000105102	1	0.539341621288682	0.539341621288682	NA	NA	0.539341621288682	0.84443	1
ENSDARG00000105109	26	2.17014358272044	2.12702601802208	1.62011586058024	0.74654777383407	11.0656044755897	0.46417	0.968863311555737
ENSDARG00000105114	3	2.85498030459428	0.908646593915662	3.96155642944826	1.3875950118021	4.94497094216576	0.17673	0.687335857852503
ENSDARG00000105117	7	1.08250480176524	0.722558676995091	0.901115267178403	0.832435353366519	2.8640384985041	0.95061	1
ENSDARG00000105118	12	2.53795288225645	2.51120706517971	1.35184043209428	0.532649932764858	8.79172667856809	0.65575	1
ENSDARG00000105127	13	6.8155056586359	2.70413225665929	5.72500939447638	0.839997746494751	24.5736551204267	0	0
ENSDARG00000105136	36	1.88146679790371	1.66617736038278	1.48520496369248	0.789386751521349	11.2888007874222	0.78601	1
ENSDARG00000105142	22	1.60505290012434	1.38208001054028	1.27359317679481	0.793489844911745	7.52836541809351	0.82014	1
ENSDARG00000105159	12	1.77720108874493	1.48875010375234	1.29584440790557	0.729149006329218	6.1564051619459	0.58249	1
ENSDARG00000105162	3	4.8793429735014	4.87396904672961	0.225730989682135	0.0462625789800038	8.45126993765863	0.02164	0.242216289791438
ENSDARG00000105177	1	1.60151609155043	1.60151609155043	NA	NA	1.60151609155043	0.62518	1
ENSDARG00000105184	28	2.36578394600826	2.07198516066056	2.0193923028239	0.853582723067839	12.5185519536938	0.13358	0.611916750675067
ENSDARG00000105185	4	1.19435966564725	1.40486877977872	0.941983296047366	0.788693157631783	2.38871933129449	0.77074	1
ENSDARG00000105201	77	4.93185947690609	4.70103893588849	3.03292521722379	0.61496586255666	43.2768912734732	1e-05	0.000656645161290323
ENSDARG00000105218	5	1.7009665290514	2.26038658306408	1.03507305932316	0.608520533264345	3.8034767864108	0.52015	1
ENSDARG00000105231	3	1.61567124154689	1.42579946951914	1.03456974929784	0.640334322165264	2.79842467868709	0.75328	1
ENSDARG00000105237	5	1.72602920921106	1.60417261135525	0.565349321843287	0.327543310869982	3.85951864294613	0.57438	1
ENSDARG00000105239	7	2.37796836431047	2.59122460032227	1.38442275754582	0.582187205819811	6.29151291754454	0.33001	0.873657942322681
ENSDARG00000105243	18	3.77614655653255	2.65791337777708	3.09750054410619	0.820280806831414	16.0208330212704	0.29717	0.844931973392461
ENSDARG00000105258	1	4.09886970767191	4.09886970767191	NA	NA	4.09886970767191	0.16382	0.66607461722488
ENSDARG00000105277	3	1.43447465179219	1.12903435013942	1.16660182400211	0.813260675289442	2.48458297907375	0.6145	1
ENSDARG00000105278	5	1.50205976018609	1.0216700086035	1.54136176002864	1.02616540359066	3.35870773004313	0.79257	1
ENSDARG00000105279	14	2.51906405892289	2.00227865545021	2.2309370462789	0.885621403066983	9.42547464382558	0.18574	0.704645359672009
ENSDARG00000105281	32	1.87597575227228	1.35333795928722	1.84660514916176	0.984343825833066	10.6121214061861	0.53661	1
ENSDARG00000105285	39	1.99536653729962	1.54184275175628	2.08414397798729	1.04449179588218	12.4610600315073	0.47388	0.975359077856421
ENSDARG00000105286	18	2.18520910957145	1.27943832895968	2.64267318814839	1.20934567615209	9.27105707813156	0.38307	0.915709330828833
ENSDARG00000105287	32	3.20923680549762	1.98137633716285	3.29577585429465	1.02696561645086	18.1541848608066	0.00201	0.0474658468677494
ENSDARG00000105288	18	2.65665034414566	2.05443617590917	2.58745955926756	0.973955629866545	11.2712128415218	0.10224	0.547971943127962
ENSDARG00000105292	14	3.08605577629141	2.48158794428282	2.78545025428662	0.902592323731093	11.5469633913571	0.04902	0.377392558490566
ENSDARG00000105293	15	1.75781480559892	1.43325132691325	1.35025246875675	0.768142619151901	6.80798746780146	0.97113	1
ENSDARG00000105295	1	71.9575865308564	71.9575865308564	NA	NA	71.9575865308564	0	0
ENSDARG00000105296	12	2.27612699011073	1.80230995990693	2.23434453344416	0.981643178588842	7.88473518270123	0.60658	1
ENSDARG00000105308	2	0.436099750741523	0.436099750741523	0.208002131442012	0.476959986994569	0.616738182046188	0.9563	1
ENSDARG00000105320	1	2.41172043961231	2.41172043961231	NA	NA	2.41172043961231	0.3028	0.84841880539499
ENSDARG00000105321	9	3.19617361605223	1.92849587247153	4.40769683511728	1.3790542581856	9.58852084815669	0.11913	0.58591074843071
ENSDARG00000105336	1	4.54787192276142	4.54787192276142	NA	NA	4.54787192276142	0.32004	0.862878707284768
ENSDARG00000105338	5	1.63702436081166	1.65026622150794	1.02972018571248	0.629019463828827	3.66049775159801	0.9219	1
ENSDARG00000105348	1	2.01922574346728	2.01922574346728	NA	NA	2.01922574346728	0.34704	0.887118875219684
ENSDARG00000105389	4	1.38758004618047	1.27619319998413	0.925098242208669	0.666699009368971	2.77516009236094	0.68359	1
ENSDARG00000105394	5	2.38574256068569	3.2898562374597	1.76259874022083	0.738805087047717	5.33468254250761	0.28732	0.834811007707679
ENSDARG00000105398	13	1.6223611916943	1.51348207269889	0.989795076300166	0.610095385273905	5.84950646397666	0.74524	1
ENSDARG00000105424	2	1.72109560160988	1.72109560160988	0.29360986831806	0.170594746766782	2.43399674193737	0.45499	0.959895774006623
ENSDARG00000105428	1	2.65385533247226	2.65385533247226	NA	NA	2.65385533247226	0.77744	1
ENSDARG00000105432	15	2.67754515083154	1.66266187498724	2.62775769702959	0.981405559571428	10.370087777889	0.08898	0.509644592009004
ENSDARG00000105437	7	3.72911187018658	3.43358641598994	1.56545592209454	0.419793231361605	9.86630261965268	0.0411	0.349433338898164
ENSDARG00000105441	30	1.71292700718375	1.61661492127916	1.38471988939353	0.808393985024597	9.38208761194353	0.8591	1
ENSDARG00000105442	4	0.788774803017416	0.776722867016933	0.91101129755006	1.1549700802625	1.57754960603483	0.93688	1
ENSDARG00000105450	1	2.09967151460726	2.09967151460726	NA	NA	2.09967151460726	0.44481	0.956439602872835
ENSDARG00000105452	22	1.47975349766296	1.52184084507361	1.05745217270488	0.714613734230034	6.94065912609219	0.98452	1
ENSDARG00000105458	3	2.08143885464556	1.6244208892013	0.79157833612122	0.380303430174995	3.60515784909408	0.32785	0.871925084922916
ENSDARG00000105470	7	6.07574966603609	5.57683928076151	3.51255511324701	0.578127030625121	16.0749226446152	0.00155	0.0391461538461538
ENSDARG00000105490	13	1.60297579287412	1.02610288183524	1.75644284082077	1.09573884311221	5.7796114145352	0.9628	1
ENSDARG00000105498	2	1.726402511043	1.726402511043	1.59876623667757	0.926068067238664	2.44150184523197	0.6366	1
ENSDARG00000105522	1	7.69973159306062	7.69973159306062	NA	NA	7.69973159306062	0.04849	0.375308912547529
ENSDARG00000105529	6	4.20684862849546	2.5494698660876	4.15854070347615	0.988516837831508	10.3046325649411	0.51263	0.996285686461715
ENSDARG00000105544	5	3.63097201872	2.77535991702767	2.53045725847809	0.696909049541541	8.11910025825756	0.03783	0.332738930112166
ENSDARG00000105553	1	1.76928232284804	1.76928232284804	NA	NA	1.76928232284804	0.55017	1
ENSDARG00000105566	2	0.779494614015483	0.779494614015483	0.742727421294572	0.952832011844817	1.10237185493748	0.89316	1
ENSDARG00000105575	1	1.92870913052087	1.92870913052087	NA	NA	1.92870913052087	0.37688	0.91123887544484
ENSDARG00000105584	3	1.97284861672763	0.958081677855914	2.18854323026861	1.10933155829197	3.41707403981424	0.37432	0.909903005008347
ENSDARG00000105600	2	1.35827003138401	1.35827003138401	0.43903872007825	0.32323375318153	1.9208838997482	0.60249	1
ENSDARG00000105603	1	0.159227881698001	0.159227881698001	NA	NA	0.159227881698001	0.96433	1
ENSDARG00000105638	7	2.30282170606763	1.26098131893666	2.18870029375212	0.950442792850695	6.09269354797643	0.97052	1
ENSDARG00000105644	3	1.2564427260056	1.43956230368816	0.731307311830945	0.582045879763952	2.17622263824204	0.72512	1
ENSDARG00000105648	5	9.84081179470728	8.56343047862866	3.07493038290783	0.312467146720724	22.0047241267472	0	0
ENSDARG00000105651	3	2.16891655192935	1.42579946951914	1.68604893856814	0.777369206329455	3.75667366531874	0.29688	0.844931973392461
ENSDARG00000105653	1	2.3331065642714	2.3331065642714	NA	NA	2.3331065642714	0.32566	0.870624412997903
ENSDARG00000105665	1	1.83056614575414	1.83056614575414	NA	NA	1.83056614575414	0.42705	0.944348693009119
ENSDARG00000105669	18	1.67209906468415	1.56138775804932	1.19557345245821	0.715013528629685	7.09411552472306	0.85745	1
ENSDARG00000105670	2	1.3200475865196	1.3200475865196	0.461157253914624	0.349348961828338	1.86682919983389	0.72232	1
ENSDARG00000105672	3	2.19086122791626	2.7736313477266	1.4825720884873	0.676707437968299	3.7946829590837	0.30319	0.848745015122354
ENSDARG00000105690	3	3.34690034063802	3.43343630546829	0.798760788262393	0.238656878594158	5.79700143785463	0.12506	0.597169803001876
ENSDARG00000105692	5	1.52416328110171	1.12903435013942	1.02430381645268	0.672043362514469	3.40813270535254	0.63644	1
ENSDARG00000105693	18	2.36252333763724	1.65169026776893	1.84791225123049	0.782177353252556	10.0233376365286	0.4279	0.944460151745068
ENSDARG00000105713	7	3.88548057649057	3.1160196007862	2.55424048264839	0.657380839349202	10.2800153293659	0.01969	0.229558785796105
ENSDARG00000105718	1	2.16000882407617	2.16000882407617	NA	NA	2.16000882407617	0.367	0.906513619602135
ENSDARG00000105728	10	2.11814532547291	2.05756154429126	1.08209616616004	0.51086965240142	6.69816364373305	0.3377	0.881337089418396
ENSDARG00000105740	2	4.0564084296322	4.0564084296322	0.605524967913477	0.149276133904588	5.73662781571041	0.06445	0.436151662234043
ENSDARG00000105743	1	0.541345360368685	0.541345360368685	NA	NA	0.541345360368685	1	1
ENSDARG00000105744	12	2.29819168351738	1.49710728592295	2.07565569257675	0.903169090491163	7.96116952276873	0.71506	1
ENSDARG00000105748	1	1.79709874247389	1.79709874247389	NA	NA	1.79709874247389	0.50938	0.993383721019352
ENSDARG00000105760	6	1.56988528005665	1.45446321963094	1.30571185085361	0.831724373392744	3.84541789084506	0.92111	1
ENSDARG00000105779	4	0.959335687685077	0.69154966776939	0.581700893852284	0.606358025996047	1.91867137537015	0.88587	1
ENSDARG00000105782	1	0.69154966776939	0.69154966776939	NA	NA	0.69154966776939	0.78341	1
ENSDARG00000105784	29	3.2406171600001	1.96770110303155	4.16841679456673	1.28630337641198	17.4512574834287	0.00273	0.059498800856531
ENSDARG00000105800	8	3.16208470400119	3.28807478876064	0.791952278500685	0.250452581962329	8.94372614754199	0.04862	0.375743629460896
ENSDARG00000105806	5	1.57033471296091	0.881028429036563	1.47172333657818	0.937203593877896	3.51137516560821	0.59102	1
ENSDARG00000105816	13	1.67497924237999	1.6244208892013	0.964280163212569	0.57569678406427	6.03922354373889	0.68547	1
ENSDARG00000105834	5	1.18485894186022	1.06562983502618	0.582860903506062	0.491924298255263	2.64942513774792	0.83889	1
ENSDARG00000105924	1	0.324768154399151	0.324768154399151	NA	NA	0.324768154399151	0.89976	1
ENSDARG00000105972	13	1.71825708379738	1.55344573403387	0.706129896002563	0.410957069614986	6.19526402006068	0.63779	1
ENSDARG00000106018	2	0.766275145988109	0.766275145988109	0.105677784751728	0.137911017087024	1.08367670396581	0.87437	1
ENSDARG00000106248	29	2.49818183874145	2.39587044179794	1.85920174186413	0.744221942947424	13.453120919813	0.09739	0.535484738262277
ENSDARG00000106258	1	0.367093999458847	0.367093999458847	NA	NA	0.367093999458847	1	1
ENSDARG00000106473	9	1.9580524692332	1.9826747803625	0.988473903412602	0.504825033518994	5.87415740769961	0.4524	0.959297704166667
ENSDARG00000106529	11	1.40732340697618	0.969133266458554	1.29483624095411	0.920070137777528	4.66756369962461	0.84063	1
ENSDARG00000106631	3	2.99433996329822	3.21101778368249	1.25962049611011	0.420667162563152	5.18634895156644	0.18901	0.710655923190546
ENSDARG00000106669	10	4.34480490371115	3.99355376395285	2.8136412395151	0.647587475587639	13.7394794847958	0.00248	0.0558438938053097
ENSDARG00000106873	1	2.18641395806165	2.18641395806165	NA	NA	2.18641395806165	0.40457	0.93118802804161
ENSDARG00000106989	1	0.450977621636113	0.450977621636113	NA	NA	0.450977621636113	1	1
ENSDARG00000106991	3	6.53442460693716	4.74387641786163	4.06810013824157	0.622564400532334	11.3179554174435	0.00266	0.0586006060606061
ENSDARG00000107130	6	1.3436999716986	1.36534391408761	0.505282680247755	0.376038320227852	3.29137929805378	0.74391	1
ENSDARG00000107385	12	1.71224395185827	1.00613117437801	1.83365271004382	1.07090622691573	5.9313870391421	0.61749	1
ENSDARG00000107511	11	1.28567238685323	1.08074058562824	1.2635598053542	0.98280076501203	4.26409291051281	0.93007	1
ENSDARG00000107527	2	2.68125922897687	2.68125922897687	0.592161519647346	0.220852021038379	3.79187316585711	0.2063	0.734425113676111
ENSDARG00000107858	1	1.29014651489085	1.29014651489085	NA	NA	1.29014651489085	0.80376	1
ENSDARG00000108038	2	1.25419750438692	1.25419750438692	1.77370312059847	1.4142135623731	1.77370312059847	0.67124	1
ENSDARG00000108060	7	2.65556159175472	3.07820291321812	1.32543678497562	0.499117320076847	7.02595556299782	0.44905	0.958092478525037
ENSDARG00000108326	1	0	0	NA	NA	0	1	1
ENSDARG00000108372	1	2.71263946413934	2.71263946413934	NA	NA	2.71263946413934	0.33177	0.875033703031874
ENSDARG00000108525	1	0.927420832205978	0.927420832205978	NA	NA	0.927420832205978	0.82239	1
ENSDARG00000108535	1	5.47904801183376	5.47904801183376	NA	NA	5.47904801183376	0.0461	0.366138489096573
ENSDARG00000108787	3	1.18345051036753	1.23241785660833	0.16051829348427	0.1356358310534	2.04979641219988	0.80044	1
ENSDARG00000108937	1	2.18566123045522	2.18566123045522	NA	NA	2.18566123045522	0.40451	0.93118802804161
ENSDARG00000109022	3	2.35340716142665	2.49968387796192	0.630464888852692	0.267894522964951	4.07622077448741	0.30151	0.847024228539884
ENSDARG00000109202	10	2.69373973631532	2.78266271414938	0.827454792934407	0.307176963601634	8.5183529904578	0.10508	0.556164451378055
ENSDARG00000109276	4	2.4856842878642	2.33292708103831	1.70221243579441	0.684806370666253	4.9713685757284	0.2171	0.746753565393714
ENSDARG00000109287	6	1.11001569638799	1.03506600383928	0.69122093903138	0.622712760982233	2.7189720626307	0.91813	1
ENSDARG00000109319	2	1.32050843748797	1.32050843748797	1.10190299096245	0.834453578394865	1.86748094152359	0.72164	1
ENSDARG00000109337	6	1.26880439920781	1.22018478099817	1.10848907030698	0.873648507996247	3.1079233614577	0.97535	1
ENSDARG00000109358	17	4.48785508349944	4.41792371299546	3.14160528483246	0.700023781156223	18.5039005417334	0.00017	0.00727
ENSDARG00000109360	2	1.0654171623619	1.0654171623619	0.493634333217923	0.463324930981585	1.50672740059726	0.77633	1
ENSDARG00000109373	6	1.86356954593621	1.76635390808308	1.18088353417045	0.633667542349327	4.56479448773385	0.47929	0.97776206662677
ENSDARG00000109384	2	2.02172021649609	2.02172021649609	1.5475730305596	0.765473391388326	2.85914414949264	0.35489	0.894152415841584
ENSDARG00000109443	1	0.31745712601133	0.31745712601133	NA	NA	0.31745712601133	1	1
ENSDARG00000109481	1	0.716364977917006	0.716364977917006	NA	NA	0.716364977917006	0.78086	1
ENSDARG00000109502	9	3.03450233851666	2.34748874283529	1.49491558713863	0.492639457931474	9.10350701554997	0.0556	0.403060398860399
ENSDARG00000109508	1	2.10424072764219	2.10424072764219	NA	NA	2.10424072764219	0.61498	1
ENSDARG00000109513	2	1.00648402737213	1.00648402737213	0.57697837199362	0.573261329839557	1.42338336182156	0.81275	1
ENSDARG00000109568	4	2.29350124096175	1.42275492192818	2.26911550851782	0.989367464901086	4.5870024819235	0.30601	0.849307986977754
ENSDARG00000109597	7	2.12199510882608	2.47510545179259	0.688278057618212	0.324354214934538	5.61427134124925	0.33421	0.877829517419355
ENSDARG00000109646	3	1.49047170685893	1.43956230368816	0.432054371008955	0.289877606546105	2.58157272352357	0.59499	1
ENSDARG00000109663	1	3.96702374066436	3.96702374066436	NA	NA	3.96702374066436	0.1027	0.548991911764706
ENSDARG00000109678	1	6.83649399860089	6.83649399860089	NA	NA	6.83649399860089	0.05051	0.384223303437967
ENSDARG00000109715	3	6.1023286658235	6.06420629683283	0.195983985229694	0.032116261834161	10.5695432936903	0.84543	1
ENSDARG00000109726	10	2.13769496269926	1.78121682882027	1.61004876607152	0.75317049165823	6.75998502479834	0.67328	1
ENSDARG00000109768	1	1.74281182160905	1.74281182160905	NA	NA	1.74281182160905	0.71438	1
ENSDARG00000109769	2	0.991488633975619	0.991488633975619	0.0426829093298103	0.0430493178309696	1.40217667310709	0.85221	1
ENSDARG00000109770	1	1.18350424452053	1.18350424452053	NA	NA	1.18350424452053	0.70015	1
ENSDARG00000109783	3	4.15009547138581	3.18832385644941	1.82609865359162	0.440013649368371	7.18817621270173	0.04335	0.35726016194332
ENSDARG00000109820	12	1.66593723471357	1.28160750451961	1.51974001390143	0.912243259970552	5.77097586548939	0.98059	1
ENSDARG00000109823	2	2.56329408857142	2.56329408857142	0.422304114760286	0.164750551504468	3.62504526440849	0.55571	1
ENSDARG00000109830	1	1.92870913052087	1.92870913052087	NA	NA	1.92870913052087	0.37072	0.909903005008347
ENSDARG00000109844	3	3.94272584165377	4.77873001551699	1.476837663288	0.374572750579213	6.82900147805909	0.04795	0.373686906584992
ENSDARG00000109862	4	1.03046535762973	0.964354565260435	1.19476643575798	1.15944357266524	2.06093071525946	0.83773	1
ENSDARG00000109902	1	1.43956230368816	1.43956230368816	NA	NA	1.43956230368816	0.59361	1
ENSDARG00000109929	1	2.87496836389162	2.87496836389162	NA	NA	2.87496836389162	0.21581	0.74559205023761
ENSDARG00000109961	9	3.38144587523339	2.17306174165936	4.19693811753519	1.2411667293789	10.1443376257002	0.06223	0.427957391891892
ENSDARG00000109963	5	1.76453820123447	1.28535252274564	1.66348248994919	0.94272965515024	3.94562736685547	0.68043	1
ENSDARG00000109974	6	1.00843783535415	1.21806866053561	0.844414801266895	0.837349385022177	2.47015813393447	0.95993	1
ENSDARG00000110024	4	1.41241484334582	1.15902000075218	0.75836023799708	0.536924573945021	2.82482968669165	0.82513	1
ENSDARG00000110040	5	3.75197390661673	1.08612743914641	5.35863973647699	1.42821881757409	8.38966870500045	0.03907	0.339295614334471
ENSDARG00000110056	4	6.22294366675766	5.72057578458482	4.57022884809794	0.734415911960066	12.4458873335153	0.00565	0.102141563055062
ENSDARG00000110103	3	0.835147984512058	0.623677269447383	0.958541267152387	1.14775020107655	1.44651874101363	0.92137	1
ENSDARG00000110105	2	1.12103336011397	1.12103336011397	0.834019682630351	0.743974008539372	1.58538058174586	0.73326	1
ENSDARG00000110178	6	2.57967428708083	1.34270913054616	2.9003055543411	1.12429137618885	6.31888570592601	0.19206	0.715888692786525
ENSDARG00000110183	3	1.78306305535826	1.91786463541748	0.970983296423711	0.544559146972298	3.0883558049795	0.52298	1
ENSDARG00000110206	1	3.7054210433146	3.7054210433146	NA	NA	3.7054210433146	0.35996	0.901716190007384
ENSDARG00000110266	1	1.74681740293493	1.74681740293493	NA	NA	1.74681740293493	0.70272	1
ENSDARG00000110269	3	0.159550585582508	0.239325878373762	0.138174860303135	0.866025403784439	0.27634972060627	0.99829	1
ENSDARG00000110325	4	0.665211093256779	0.841846929020062	0.451344963722566	0.678498852917268	1.33042218651356	0.9718	1
ENSDARG00000110346	1	3.03507703840486	3.03507703840486	NA	NA	3.03507703840486	0.2501	0.792255773420479
ENSDARG00000110357	4	3.4427499501434	3.63813253839259	1.58875858712158	0.461479517864899	6.88549990028681	0.17639	0.687335857852503
ENSDARG00000110377	2	4.84424371009723	4.84424371009723	1.08363559458227	0.223695515633032	6.85079515426006	0.0326	0.306656931608133
ENSDARG00000110528	13	4.45957537292377	4.50928711635153	2.72821302569222	0.611765201291701	16.0792276738731	0.8355	1
ENSDARG00000110545	1	3.26832482602933	3.26832482602933	NA	NA	3.26832482602933	0.57565	1
ENSDARG00000110570	1	2.98583887912659	2.98583887912659	NA	NA	2.98583887912659	0.24168	0.782947994907702
ENSDARG00000110574	1	1.74446101063095	1.74446101063095	NA	NA	1.74446101063095	0.46195	0.968575948116121
ENSDARG00000110581	29	2.17463694731905	1.6016534780358	2.40054936485518	1.10388511876184	11.7107783569969	0.31226	0.854017034649476
ENSDARG00000110616	1	1.51348207269889	1.51348207269889	NA	NA	1.51348207269889	0.57271	1
ENSDARG00000110642	1	0	0	NA	NA	0	1	1
ENSDARG00000110658	2	3.34964387267488	3.34964387267488	0.275300872767137	0.0821881021480929	4.73711179385675	0.10269	0.548991911764706
ENSDARG00000110700	2	1.12443915445745	1.12443915445745	0.99618894932198	0.885942956871372	1.59019710229706	0.83491	1
ENSDARG00000110709	2	2.05815825478562	2.05815825478562	0.253667489642956	0.123249749650266	2.91067531742797	0.36836	0.908448771504725
ENSDARG00000110727	3	3.18698104708984	3.80679049919211	1.46543921463564	0.459820498767568	5.52001309631867	0.11707	0.581521942410932
ENSDARG00000110729	1	18.3581097598434	18.3581097598434	NA	NA	18.3581097598434	0.00074	0.0225500598802395
ENSDARG00000110838	2	0.783356388661304	0.783356388661304	0.0642077219200276	0.0819648921607108	1.10783322901642	0.88585	1
ENSDARG00000110874	16	1.3295164578057	1.06639992865589	1.08023213797667	0.812500012041627	5.31806583122278	0.96714	1
ENSDARG00000110922	3	2.7485003425499	2.35063583201308	0.94444764310237	0.343622894449475	4.76054223791688	0.17844	0.690556015209125
ENSDARG00000110940	7	2.97769813354543	2.49946667980464	1.73688825780774	0.583298971188759	7.87824874078241	0.63386	1
ENSDARG00000110950	1	1.30912187916869	1.30912187916869	NA	NA	1.30912187916869	0.77604	1
ENSDARG00000110961	2	2.59959564003683	2.59959564003683	0	0	3.67638341082605	0.18368	0.701762402402402
ENSDARG00000110973	20	1.21498008619549	0.780123989438728	1.20687604893488	0.993329901162424	5.43355612808334	0.98889	1
ENSDARG00000110985	3	2.50525336440027	2.67960207799539	0.344676770662391	0.137581601749451	4.33922611297414	0.21528	0.744772209381373
ENSDARG00000110991	13	2.47156227191855	1.89309784012949	1.27802720889239	0.517092862038358	8.91134450190462	0.4315	0.947117616892911
ENSDARG00000111069	8	4.35922526026758	3.60445802130067	3.22997193657465	0.740950913001543	12.3297509690196	0.01353	0.180010901960784
ENSDARG00000111102	6	3.0718581933086	2.79244772027009	2.36306191223492	0.769261392789016	7.52448513579388	0.69416	1
ENSDARG00000111107	1	0.238724770144762	0.238724770144762	NA	NA	0.238724770144762	0.97947	1
ENSDARG00000111129	3	1.57619757036192	1.79709874247389	0.411935694544794	0.26134775379092	2.73005427463347	0.55052	1
ENSDARG00000111188	14	3.31615408749959	3.14017496451078	2.21247778880439	0.667181840899505	12.4079124371734	0.01284	0.175083400267738
ENSDARG00000111213	7	1.38371103856955	0.982080478597003	0.824604169683545	0.595936685260532	3.66095529442993	0.75486	1
ENSDARG00000111235	13	3.23641184725712	1.12510917463957	4.08195243827069	1.26125865029513	11.6690488638047	0.83262	1
ENSDARG00000111240	1	7.69973159306062	7.69973159306062	NA	NA	7.69973159306062	0.04684	0.368421576506955
ENSDARG00000111249	2	10.2094886470491	10.2094886470491	0.347230017709099	0.0340105199891142	14.438397309551	0.00196	0.0467186885245902
ENSDARG00000111261	2	2.35562537265677	2.35562537265677	2.46531978110849	1.04656700073153	3.33135734988138	0.29135	0.839332097367676
ENSDARG00000111290	3	5.35800551321762	4.20292549459989	3.87377908754282	0.722989007380942	9.28033777612707	0.01918	0.225420369515012
ENSDARG00000111388	4	1.46402052167592	1.25803839527217	0.99898135964396	0.682354751762896	2.92804104335185	0.8825	1
ENSDARG00000111423	3	1.31098328120065	1.66871728755481	0.752388980426923	0.573911956938046	2.27068965091287	0.69605	1
ENSDARG00000111450	1	1.42579946951914	1.42579946951914	NA	NA	1.42579946951914	0.61218	1
ENSDARG00000111462	1	2.41172043961231	2.41172043961231	NA	NA	2.41172043961231	0.30457	0.849307986977754
ENSDARG00000111465	1	0.586213345141312	0.586213345141312	NA	NA	0.586213345141312	1	1
ENSDARG00000111506	2	0.204038455433996	0.204038455433996	0.288553950920415	1.4142135623731	0.288553950920415	0.98273	1
ENSDARG00000111509	5	3.36697630545261	3.25200367803084	1.86357780457494	0.553487056489526	7.52878789762312	0.06837	0.448944707395498
ENSDARG00000111564	2	3.69299191898645	3.69299191898645	0.825459976218339	0.223520655968532	5.22267925756488	0.09673	0.534828745247148
ENSDARG00000111585	2	1.30578356988745	1.30578356988745	1.30899266716657	1.00245760273994	1.84665683405879	0.84144	1
ENSDARG00000111588	4	0.853807919882851	1.01403345934564	0.604285188234262	0.707753083758199	1.7076158397657	0.95915	1
ENSDARG00000111693	1	3.3032362706935	3.3032362706935	NA	NA	3.3032362706935	0.27406	0.82269667648792
ENSDARG00000111722	7	2.17775655385785	1.70528814162177	1.23402479885435	0.566649562674168	5.76180225754891	0.33863	0.881928387922211
ENSDARG00000111743	3	3.44248595801107	3.26663709031748	2.25492555391125	0.655028250344427	5.96256058361759	0.08966	0.510951556550952
ENSDARG00000111751	1	1.92870913052087	1.92870913052087	NA	NA	1.92870913052087	0.37299	0.909903005008347
ENSDARG00000111759	2	1.27588747877589	1.27588747877589	0.615022887829336	0.482035366017858	1.80437737654687	0.68242	1
ENSDARG00000111785	8	3.77121397432527	1.79626563962226	5.3050096119742	1.40671137943674	10.6666038982035	0.03284	0.308060387096774
ENSDARG00000111805	2	2.02764473002879	2.02764473002879	0.296820130189871	0.146386655311977	2.86752267688105	0.3741	0.909903005008347
ENSDARG00000111837	19	3.70186088158826	3.76450943719039	1.94606558008809	0.525699274591091	16.1360374858896	0.00199	0.047212634032634
ENSDARG00000111860	1	3.87932468334411	3.87932468334411	NA	NA	3.87932468334411	0.43877	0.952602615187713
ENSDARG00000111877	7	1.59520315375838	1.28792818639663	1.7845869378295	1.11872079341426	4.2205108354706	0.65396	1
ENSDARG00000111920	2	5.48554940968564	5.48554940968564	3.42598421904287	0.624547144355992	7.75773837224516	0.69584	1
ENSDARG00000111939	6	5.34306394505283	1.73505293290354	7.41356887511732	1.38751266152852	13.0877803284415	0.33856	0.881928387922211
ENSDARG00000111942	4	1.0075667969301	0.485210227392166	1.16810989099028	1.15933742015848	2.0151335938602	0.95803	1
ENSDARG00000111983	8	2.66591878029674	1.87597855160527	2.14696226961824	0.805336713738617	7.54035699056159	0.13725	0.617648153710247
ENSDARG00000112034	1	1.92870913052087	1.92870913052087	NA	NA	1.92870913052087	0.37242	0.909903005008347
ENSDARG00000112040	1	5.10771294552146	5.10771294552146	NA	NA	5.10771294552146	0.07215	0.460402946708464
ENSDARG00000112056	4	3.443981572869	2.345319511184	2.93269112505857	0.851540887489565	6.88796314573799	0.08186	0.489524723854289
ENSDARG00000112100	2	1.28075199458392	1.28075199458392	0.187710418406637	0.146562659437918	1.81125684077697	0.79619	1
ENSDARG00000112141	5	3.10062750835307	2.6823674146269	1.87041882854491	0.603238803598955	6.93321388158325	0.08898	0.509644592009004
ENSDARG00000112145	8	1.52032500830574	1.7376333964953	1.15610341473342	0.760431755326966	4.30012849192194	0.75598	1
ENSDARG00000112165	7	2.64636305886503	1.76196513349038	2.63785446178636	0.996784796005154	7.00161853254506	0.13733	0.617648153710247
ENSDARG00000112234	2	0.8955618308025	0.8955618308025	0.628737018220021	0.702058748592064	1.26651568706458	0.85669	1
ENSDARG00000112294	12	1.93023605681715	2.034848185602	0.949235355845959	0.491771642382017	6.68653384201742	0.44639	0.957164650673401
ENSDARG00000112342	1	2.55483363774512	2.55483363774512	NA	NA	2.55483363774512	0.25503	0.797787547633682
ENSDARG00000112431	3	3.4813544942466	3.67426315228452	0.980756674136021	0.281716979915965	6.02988286319336	0.23883	0.778108751600512
ENSDARG00000112435	18	2.27154340760574	2.47188501848153	1.32063621869887	0.581382778896947	9.63734248366572	0.45544	0.959895774006623
ENSDARG00000112439	1	15.7840866077203	15.7840866077203	NA	NA	15.7840866077203	0.00104	0.0290003287671233
ENSDARG00000112452	14	2.28455383364248	2.28605096562562	1.48301990395128	0.649150780389692	8.5480177271311	0.4415	0.953040721102863
ENSDARG00000112453	10	1.49389839409662	1.52071243343532	0.997849601764432	0.667950113413063	4.72412151821317	0.86951	1
ENSDARG00000112454	2	0.28605468877697	0.28605468877697	0.404542420448805	1.4142135623731	0.404542420448805	0.96127	1
ENSDARG00000112476	6	1.37662161167106	1.21865024042128	1.22344257647517	0.888728294037204	3.3720205174819	0.84237	1
ENSDARG00000112527	2	4.88090491267032	4.88090491267032	2.02136511098089	0.414137367383174	6.90264192415184	0.03775	0.332738930112166
ENSDARG00000112529	2	6.72552848725276	6.72552848725276	0.818705022371296	0.121730957488773	9.51133360079946	0.05384	0.397605782608696
ENSDARG00000112581	2	1.12404907932434	1.12404907932434	0.707632599757165	0.629538881151452	1.58964545275347	0.69371	1
ENSDARG00000112637	6	2.06873875235274	1.99070753478174	1.91868638483701	0.927466739168935	5.06735435438611	0.37422	0.909903005008347
ENSDARG00000112670	6	1.46093474304589	1.59463936183029	0.793434863883704	0.543100824770229	3.57854466796648	0.85791	1
ENSDARG00000112691	1	4.41636595333184	4.41636595333184	NA	NA	4.41636595333184	0.13788	0.618657472479084
ENSDARG00000112728	4	1.8512505927796	1.6771433789362	1.09595727112276	0.592009139874042	3.7025011855592	0.6549	1
ENSDARG00000112749	6	3.13263871942454	3.36400193455134	0.688785264342912	0.219873827157905	7.67336641107583	0.20836	0.737772243478261
ENSDARG00000112751	15	2.02886813335773	1.96770110303155	1.33902408694627	0.659985764934965	7.8577724921454	0.39793	0.927282350251486
ENSDARG00000112767	1	3.96702374066436	3.96702374066436	NA	NA	3.96702374066436	0.10135	0.54538818373812
ENSDARG00000112772	1	3.848021422102	3.848021422102	NA	NA	3.848021422102	0.4386	0.952602615187713
ENSDARG00000112811	2	0.238949277127724	0.238949277127724	0.00846244853392448	0.0354152506157242	0.337925308433275	0.99692	1
ENSDARG00000112859	9	1.80624179600603	1.48812427962682	0.903343207853467	0.500123078676922	5.41872538801808	0.5161	0.998643688212928
ENSDARG00000112870	2	5.49838827372896	5.49838827372896	0.281280304079282	0.0511568645348722	7.77589526790069	0.02153	0.241867924944812
ENSDARG00000112898	4	4.65295887438579	4.63795796228867	0.987026204935518	0.212128718860815	9.30591774877159	0.08729	0.505081080159181
ENSDARG00000112930	2	0.878259096691722	0.878259096691722	0.569043001272215	0.647921556879649	1.24204592581898	0.84616	1
ENSDARG00000112944	8	1.81745211445775	1.19113600297767	1.57924671557632	0.86893442914588	5.14053085845961	0.51285	0.996507600687154
ENSDARG00000112968	1	3.14731606139174	3.14731606139174	NA	NA	3.14731606139174	0.16343	0.665866834733894
ENSDARG00000112977	1	2.40692615306148	2.40692615306148	NA	NA	2.40692615306148	0.28619	0.83366966800229
ENSDARG00000112993	3	1.77204523426829	1.66871728755481	0.781029611749604	0.440750380772366	3.06927237906297	0.43973	0.952828050234142
ENSDARG00000113045	1	0	0	NA	NA	0	1	1
ENSDARG00000113064	3	1.78257720963473	1.00964874282909	1.76926136622999	0.992530004684921	3.08751429550171	0.49512	0.985711331899081
ENSDARG00000113087	1	4.31940624827178	4.31940624827178	NA	NA	4.31940624827178	0.5503	1
ENSDARG00000113111	5	4.89300872348319	3.25124218596974	4.65789919184054	0.951949905481613	10.9411001202079	0.00928	0.140287270029674
ENSDARG00000113187	2	2.60039543860327	2.60039543860327	1.15322999394991	0.443482547627194	3.67751449680588	0.54643	1
ENSDARG00000113226	1	4.15851817625753	4.15851817625753	NA	NA	4.15851817625753	0.10877	0.563175774504825
ENSDARG00000113250	28	3.30255581197679	2.6148465286248	2.47290465043901	0.748785120139671	17.4754827388031	0.37135	0.909903005008347
ENSDARG00000113274	4	1.86459422859164	2.17680453831634	0.802130189155409	0.430190213428511	3.72918845718329	0.46645	0.969081057358644
ENSDARG00000113332	5	5.53093013109649	5.64108865914677	1.14835207318931	0.207623681003118	12.3675357519336	0.00337	0.0698571486761711
ENSDARG00000113367	1	1.16491723718223	1.16491723718223	NA	NA	1.16491723718223	0.6594	1
ENSDARG00000113393	4	0.494981862137636	0.575584672157524	0.394314293054586	0.796623721426266	0.989963724275271	0.98885	1
ENSDARG00000113411	10	1.80183148132499	1.57474140147972	1.03599674023452	0.574968719867571	5.69789144078212	0.88653	1
ENSDARG00000113498	1	3.47148718573349	3.47148718573349	NA	NA	3.47148718573349	0.13359	0.611916750675067
ENSDARG00000113503	3	2.96610020917619	1.17193618839342	3.21039659196897	1.08236282174048	5.13743626263383	0.1402	0.622427256097561
ENSDARG00000113525	2	0.959641238860413	0.959641238860413	0.749538199151015	0.781060847323634	1.35713765500891	0.94661	1
ENSDARG00000113533	3	2.13390966723386	1.12903435013942	1.77778302925211	0.833110724671215	3.69603996241144	0.31679	0.859303935037274
ENSDARG00000113552	3	0.199588254749883	0.289020033097621	0.173158834175273	0.867580281175712	0.345696997820798	0.9991	1
ENSDARG00000113609	4	1.02690338114129	0.985786783538628	1.0365991292882	1.00944173358951	2.05380676228258	0.92046	1
ENSDARG00000113626	1	0.57210937755394	0.57210937755394	NA	NA	0.57210937755394	0.81646	1
ENSDARG00000113643	2	0.204038455433996	0.204038455433996	0.288553950920415	1.4142135623731	0.288553950920415	0.96989	1
ENSDARG00000113657	3	1.63284739777915	2.1810373488803	1.33851598313479	0.819743464671175	2.82817465396011	0.88243	1
ENSDARG00000113686	1	5.39263534980289	5.39263534980289	NA	NA	5.39263534980289	0.08925	0.510616357504216
ENSDARG00000113737	3	3.29956390449821	4.09788246165801	2.63878977975521	0.799738952216632	5.71501232541123	0.11532	0.577687860304968
ENSDARG00000113761	48	1.34478868049621	1.10758089464292	0.931763061209804	0.692869500408046	9.31696928025179	0.99419	1
ENSDARG00000113771	32	4.86067885221697	3.07410821219881	8.98345824623742	1.84819004080881	27.4961518205813	0	0
ENSDARG00000113833	1	0	0	NA	NA	0	1	1
ENSDARG00000113837	4	2.52937397002689	2.16865417903494	2.45981034861023	0.972497692219108	5.05874794005378	0.20093	0.726355496453901
ENSDARG00000113848	1	1.24133723250111	1.24133723250111	NA	NA	1.24133723250111	0.65663	1
ENSDARG00000113928	7	2.61932191320781	2.85791122165621	1.7143587091675	0.654504778707393	6.93007438596978	0.1726	0.682222446601942
ENSDARG00000113961	8	2.72495285010048	2.63606826600215	1.09624528638622	0.402298809076936	7.70733055487862	0.11738	0.582151883211679
ENSDARG00000113971	9	1.7211733521398	1.08612743914641	1.00109732811073	0.58163654861734	5.1635200564194	0.57874	1
ENSDARG00000114022	3	3.03604742005468	3.33217714453538	1.70678078621304	0.56217197891537	5.25858838572311	0.34162	0.88351556402439
ENSDARG00000114038	3	1.81100273464593	1.98742843681976	1.55334230907578	0.857724993650808	3.13674874905293	0.75107	1
ENSDARG00000114067	2	0.265646193441498	0.265646193441498	0.375680449557753	1.4142135623731	0.375680449557753	0.98024	1
ENSDARG00000114086	2	1.27532456812169	1.27532456812169	1.16580263182075	0.914122303420967	1.8035813006653	0.67488	1
ENSDARG00000114159	1	0.429619875611211	0.429619875611211	NA	NA	0.429619875611211	1	1
ENSDARG00000114171	1	0	0	NA	NA	0	1	1
ENSDARG00000114226	10	2.53904552853607	1.28400852855645	2.4474583358264	0.963928495302533	8.02916695304002	0.41275	0.937529854943093
ENSDARG00000114245	9	5.55356187584424	2.02747252646523	10.3370832612412	1.861342952926	16.6606856275327	0.00022	0.0088504347826087
ENSDARG00000114329	5	2.409662689464	1.97871013108383	2.17552500427516	0.902833833875348	5.38816957648646	0.30256	0.84841880539499
ENSDARG00000114338	1	2.50839500877384	2.50839500877384	NA	NA	2.50839500877384	0.30737	0.849307986977754
ENSDARG00000114444	1	3.27321354035824	3.27321354035824	NA	NA	3.27321354035824	0.24571	0.78753154619736
ENSDARG00000114472	1	1.3084406719797	1.3084406719797	NA	NA	1.3084406719797	0.70188	1
ENSDARG00000114508	1	0	0	NA	NA	0	1	1
ENSDARG00000114552	3	1.05362987664915	1.01628741068726	0.597292308767995	0.566890064533437	1.82494047872886	0.80935	1
ENSDARG00000114670	2	2.45545838681341	2.45545838681341	0.550194130689906	0.224069824862284	3.47254255247428	0.24125	0.782486456341619
ENSDARG00000114695	18	2.28218991696644	1.80724484552685	2.32775862477894	1.01996709716125	9.6825117974552	0.46625	0.968863311555737
ENSDARG00000114697	2	0.293106672570656	0.293106672570656	0.414515431571472	1.41421356237309	0.414515431571472	1	1
ENSDARG00000114716	1	1.66266187498724	1.66266187498724	NA	NA	1.66266187498724	0.54109	1
ENSDARG00000114742	16	2.04935524778014	1.7896780410351	1.04756595562097	0.511168552526796	8.19742099112054	0.44332	0.955542447596866
ENSDARG00000114760	18	2.11991839339207	2.05023386759804	1.63569937100395	0.771586008264536	8.99405202917773	0.41652	0.93900040247678
ENSDARG00000114762	2	1.86519496408323	1.86519496408323	0.00120752860623771	0.000647400743348686	2.6377840146765	0.54355	1
ENSDARG00000114874	1	2.2212636588972	2.2212636588972	NA	NA	2.2212636588972	0.62164	1
ENSDARG00000114920	28	1.52812369544484	1.34286297195481	1.33826457002503	0.875756703475147	8.08607054138411	0.98583	1
ENSDARG00000114922	2	2.92111604792115	2.92111604792115	0.747991763418968	0.256063693173466	4.13108193223578	0.33553	0.879028144144144
ENSDARG00000114991	1	10.8149417944231	10.8149417944231	NA	NA	10.8149417944231	0.01253	0.172243076923077
ENSDARG00000115005	2	1.55069360363545	1.55069360363545	1.00365743662893	0.647231299771891	2.19301192534647	0.54355	1
ENSDARG00000115013	2	0.61125446916847	0.61125446916847	0.864444360359218	1.4142135623731	0.864444360359218	0.92958	1
ENSDARG00000115015	2	2.47567921753304	2.47567921753304	1.14978015227281	0.464430183090739	3.50113912552044	0.28389	0.830755905963303
ENSDARG00000115017	1	3.82830826485372	3.82830826485372	NA	NA	3.82830826485372	0.14514	0.633855463121784
ENSDARG00000115154	1	0	0	NA	NA	0	1	1
ENSDARG00000115189	4	0.991579015256514	0.894577433618693	0.660884281010275	0.666496840737709	1.98315803051303	0.89824	1
ENSDARG00000115222	16	1.60064855023256	1.29886782895628	1.03157093177984	0.644470600138904	6.40259420093023	0.89437	1
ENSDARG00000115248	1	2.56362032099146	2.56362032099146	NA	NA	2.56362032099146	0.38412	0.916664328253224
ENSDARG00000115266	5	1.38613005572384	1.19500419975371	0.85975301257717	0.620254217147183	3.09948103025407	0.83759	1
ENSDARG00000115271	2	9.86187467083543	9.86187467083543	4.63132023533454	0.469618646547067	13.9467969099192	0.10073	0.543024332627119
ENSDARG00000115282	9	2.57177203893847	2.09967151460726	1.26325946788318	0.491201960654573	7.7153161168154	0.27427	0.82269667648792
ENSDARG00000115335	4	2.42657024955756	2.42313266132133	2.12696455880872	0.87653121074757	4.85314049911512	0.33877	0.882050015321757
ENSDARG00000115349	8	1.06469800561197	1.05111354304387	0.647750640771959	0.60838908061976	3.01142071873607	0.97973	1
ENSDARG00000115383	13	3.03947110549375	2.48141747089994	2.61444715960207	0.860165163234007	10.9589689211489	0.23304	0.770842092947676
ENSDARG00000115424	1	0	0	NA	NA	0	1	1
ENSDARG00000115425	1	4.36871915936981	4.36871915936981	NA	NA	4.36871915936981	0.12656	0.598169149722736
ENSDARG00000115456	5	1.34631660069998	0.69154966776939	1.40820553625151	1.04596908002126	3.0104554384016	0.73511	1
ENSDARG00000115505	8	1.83553710121988	1.87374809184726	0.745219934036122	0.405995571291288	5.19168292556832	0.48101	0.97776206662677
ENSDARG00000115511	6	3.28621287135331	3.25190772777915	1.85585563281593	0.564739931790135	8.04954472098199	0.0705	0.454720532319392
ENSDARG00000115545	8	2.5712273958567	2.86802266155583	0.926052094290515	0.360159547064085	7.2725293103316	0.14607	0.635039462457338
ENSDARG00000115547	8	2.50875540446027	2.39729283024747	1.33033311306976	0.53027613242191	7.09583183532902	0.19746	0.724490212612613
ENSDARG00000115549	6	2.00343814457645	1.91786463541748	0.918794129710962	0.458608683376748	4.90740118544058	0.39819	0.927282350251486
ENSDARG00000115646	4	2.20184567586081	1.38623033372972	1.81311714166183	0.823453324426557	4.40369135172162	0.46852	0.97041037037037
ENSDARG00000115651	1	7.16938617662065	7.16938617662065	NA	NA	7.16938617662065	0.03042	0.2977065
ENSDARG00000115712	2	1.72129391480333	1.72129391480333	0.607433164094273	0.352893343124191	2.43427719914514	0.70089	1
ENSDARG00000115717	3	2.11319578587389	2.96241397538507	1.60780192095838	0.760839072132393	3.66016246747403	0.36506	0.906114403892944
ENSDARG00000115737	1	3.52503268039822	3.52503268039822	NA	NA	3.52503268039822	0.13388	0.612233195691203
ENSDARG00000115741	3	0.5424909331717	0.541345360368685	0.543064625776226	1.00105751556284	0.939621858898837	0.96075	1
ENSDARG00000115762	1	1.66871728755481	1.66871728755481	NA	NA	1.66871728755481	0.49791	0.986808850865254
ENSDARG00000115805	5	2.71471381685887	3.5350218195162	2.27378394093505	0.837577768534728	6.07028463395435	0.58975	1
ENSDARG00000115832	1	2.01922574346728	2.01922574346728	NA	NA	2.01922574346728	0.34358	0.884340814159292
ENSDARG00000115843	3	1.8233312757536	1.74446101063095	0.98411119747615	0.539732527249832	3.15810240863461	0.43577	0.949932137044968
ENSDARG00000115856	5	3.3280198294703	3.42289388280342	1.30360397779189	0.391705592090591	7.44167856916284	0.06595	0.441872513157895
ENSDARG00000115862	1	0.56266946575035	0.56266946575035	NA	NA	0.56266946575035	0.90378	1
ENSDARG00000115868	3	2.08666722807173	1.60606811856494	1.22474264615203	0.586937212448486	3.61421365750915	0.50719	0.99246261053441
ENSDARG00000115869	12	2.65995185609328	2.69029188986814	1.33717347332566	0.502705893064391	9.2143435208814	0.11197	0.569246083916084
ENSDARG00000115903	5	1.07069375071222	0.805998257847476	0.566051771422841	0.52867757101067	2.39414400967674	0.90766	1
ENSDARG00000115906	1	0.818728929201644	0.818728929201644	NA	NA	0.818728929201644	0.82348	1
ENSDARG00000115956	2	0.518348835446636	0.518348835446636	0.0296882824498152	0.057274716213521	0.733055953128933	0.94877	1
ENSDARG00000116042	3	1.41346014341332	1.28792818639663	0.910629338216396	0.644255405757211	2.44818478286547	0.64747	1
ENSDARG00000116058	9	2.92285835241691	1.36840706151106	2.85158043427494	0.97561362558571	8.76857505725073	0.58539	1
ENSDARG00000116059	1	2.45557353681995	2.45557353681995	NA	NA	2.45557353681995	0.38155	0.915420871203202
ENSDARG00000116062	3	2.57036104508423	2.18641395806165	1.37727544403775	0.535829566306166	4.45199592388173	0.22014	0.752515795836132
ENSDARG00000116097	1	1.01628741068726	1.01628741068726	NA	NA	1.01628741068726	0.68927	1
ENSDARG00000116119	1	1.43118477503203	1.43118477503203	NA	NA	1.43118477503203	0.69295	1
ENSDARG00000116271	2	0.961533974476843	0.961533974476843	0.263732034982681	0.274282596333815	1.35981438738766	0.83689	1
ENSDARG00000116300	11	4.24303109773684	3.50834067002421	2.21357013447657	0.521695477475348	14.0725421250029	0.00352	0.0719408835341366
ENSDARG00000116313	1	0	0	NA	NA	0	1	1
ENSDARG00000116334	1	3.04247269180471	3.04247269180471	NA	NA	3.04247269180471	0.15212	0.644620773388773
ENSDARG00000116341	1	2.86617886878428	2.86617886878428	NA	NA	2.86617886878428	0.38515	0.91723450163781
ENSDARG00000116344	1	8.15795044543197	8.15795044543197	NA	NA	8.15795044543197	0.01855	0.221338686987104
ENSDARG00000116393	1	0.321600015420279	0.321600015420279	NA	NA	0.321600015420279	0.96156	1
ENSDARG00000116404	5	1.7298373650382	2.29250894494599	0.943993461858887	0.545712262284287	3.86803393824453	0.52879	1
ENSDARG00000116487	1	2.3732351737868	2.3732351737868	NA	NA	2.3732351737868	0.35685	0.897681487889273
ENSDARG00000116491	3	3.39250995156263	4.25764528308095	1.5824380077429	0.466450513141166	5.8759996012895	0.34941	0.8889803196005
ENSDARG00000116493	2	3.30363235822288	3.30363235822288	1.12463544489646	0.340423910093142	4.6720416860934	0.14478	0.633696457437661
ENSDARG00000116511	16	7.13771657458212	4.83531640139224	5.33280009811379	0.747129707714123	28.5508662983285	0	0
ENSDARG00000116556	13	1.75093581887426	1.34995904567657	1.5699347950312	0.896626123075473	6.31308887499766	0.7743	1
ENSDARG00000116584	2	1.59997233827162	1.59997233827162	1.28470366099143	0.802953670048599	2.26270258020551	0.49821	0.986808850865254
ENSDARG00000116586	3	1.12084396608665	1.28792818639663	0.451617433596274	0.402926229931065	1.94135869661908	0.83785	1
ENSDARG00000116618	13	3.10062930742356	2.82048305963092	1.46598382707338	0.472802028789286	11.179477954122	0.03622	0.325085679012346
ENSDARG00000116680	24	2.53639520137949	1.81504781254695	2.49350978033927	0.983091979902463	12.4257480588471	0.6831	1
ENSDARG00000116712	5	0.905219702270591	0.639688258929584	0.448025459589419	0.494935603440383	2.02413278884916	0.97136	1
ENSDARG00000116723	1	0.50545169256105	0.50545169256105	NA	NA	0.50545169256105	1	1
ENSDARG00000116725	1	5.25719022651858	5.25719022651858	NA	NA	5.25719022651858	0.10977	0.564313555555556
ENSDARG00000116727	2	1.91282403202596	1.91282403202596	1.36030703531522	0.711151163170225	2.70514168852429	0.53423	1
ENSDARG00000116765	4	2.12190799809373	2.0770575305466	1.30611068220465	0.615535962623278	4.24381599618745	0.3314	0.874616624319419
ENSDARG00000116769	14	1.4134296686516	1.29752437733891	1.18493597932213	0.83834095576368	5.28856956039572	0.99548	1
ENSDARG00000116789	11	1.98846244467948	2.10823393214556	1.84852859221781	0.929627108203081	6.59498383871466	0.42223	0.941827146923582
ENSDARG00000116833	5	2.5325376256399	2.59959564003683	0.465416328465809	0.183774694501611	5.66292628650673	0.20019	0.726355496453901
ENSDARG00000116835	8	0.854139620002785	0.746771354304647	0.627199575204824	0.734305680847329	2.41587166953628	0.99967	1
ENSDARG00000116937	53	2.11991207523975	2.1384801920119	1.29751615568808	0.612061307090457	15.4331928633581	0.34981	0.8889803196005
ENSDARG00000116971	3	2.10052343439452	1.99164453432953	0.669331932282357	0.318650066608417	3.63821331086039	0.72991	1
ENSDARG00000117069	4	1.0958056515193	0.923487154731239	0.592750354160945	0.540926535046719	2.19161130303859	0.91456	1
ENSDARG00000117093	9	2.11560056227009	1.92407083226107	1.13206151720874	0.535101728274267	6.34680168681028	0.55626	1
ENSDARG00000117126	1	1.42579946951914	1.42579946951914	NA	NA	1.42579946951914	0.61097	1
ENSDARG00000117130	19	2.52045403869199	1.80088231997924	2.83036509889284	1.12295842552308	10.9864044464973	0.20149	0.726706314670447
ENSDARG00000117133	2	1.78416879519459	1.78416879519459	1.40619309546507	0.788150257561087	2.52319570772706	0.57522	1
ENSDARG00000117145	2	2.76655391003778	2.76655391003778	0.943114128125695	0.340898518081947	3.91249806061174	0.19534	0.721507931785196
ENSDARG00000117163	2	1.83056614575414	1.83056614575414	0	0	2.58881147014656	0.39217	0.923959782407408
ENSDARG00000117193	3	1.26970385237811	1.42579946951914	0.620350902825406	0.488579208185837	2.19919158288483	0.7138	1
ENSDARG00000117233	4	2.74784172974308	2.20118002931532	1.09870128964458	0.399841547550597	5.49568345948616	0.18409	0.701824561797753
ENSDARG00000117240	1	1.92870913052087	1.92870913052087	NA	NA	1.92870913052087	0.37718	0.91123887544484
ENSDARG00000117244	2	1.23404946889813	1.23404946889813	0.0998897806769935	0.0809447134774781	1.74520949555506	0.75411	1
ENSDARG00000117251	6	1.72505821032507	1.50221559723157	0.697535358252034	0.40435467862884	4.22551239189516	0.57794	1
ENSDARG00000117253	1	2.12664862755447	2.12664862755447	NA	NA	2.12664862755447	0.42259	0.941827146923582
ENSDARG00000117273	3	8.55905369213934	8.76306390800931	4.06503530434566	0.474939806497417	14.8247158594953	0.00268	0.0589136933045356
ENSDARG00000117274	1	3.43343630546829	3.43343630546829	NA	NA	3.43343630546829	0.18305	0.700407105263158
ENSDARG00000117278	2	1.12306161775076	1.12306161775076	0.833544396108429	0.742207179849875	1.58824897120379	0.89753	1
ENSDARG00000117282	4	4.42676095763338	4.25885422893028	3.26705984613028	0.738024907465729	8.85352191526676	0.03184	0.30324536950421
ENSDARG00000117284	1	0.828758104235495	0.828758104235495	NA	NA	0.828758104235495	0.7466	1
ENSDARG00000117288	2	1.6058806713692	1.6058806713692	1.47639089861921	0.919365258540916	2.27105822500314	0.6369	1
ENSDARG00000117293	16	1.49070162826695	1.42579946951914	0.91069464716668	0.610916785692001	5.96280651306782	0.83796	1
ENSDARG00000117294	3	2.79601345489819	2.74239380432961	0.945176403283167	0.338044297185824	4.84283736252986	0.16214	0.66518023246493
ENSDARG00000117297	4	1.8193727251001	1.6250447065586	0.921693371601175	0.506599532292352	3.63874545020021	0.46416	0.968863311555737
ENSDARG00000117308	5	5.3704631184806	4.58352040824933	2.72255080962588	0.506948981784674	12.0087206035781	0.00615	0.107921896551724
ENSDARG00000117319	2	3.17912080586981	3.17912080586981	1.3007213709063	0.409144996473458	4.49595576008356	0.13562	0.61485093986637
ENSDARG00000117324	7	3.01371710559257	2.83977551071469	1.96550872574322	0.652187533493377	7.97354598329932	0.28272	0.829823961937716
ENSDARG00000117326	5	2.5724128949204	2.95482911947914	1.76814236426516	0.687347807871983	5.75209009923904	0.19537	0.721507931785196
ENSDARG00000117352	1	0.408076910867991	0.408076910867991	NA	NA	0.408076910867991	0.86671	1
ENSDARG00000117369	4	2.5056609328623	2.18121053688779	2.19644903134137	0.876594675095283	5.01132186572461	0.26896	0.816669116945107
ENSDARG00000117371	7	1.54352532429367	1.47422222785327	0.716251272366842	0.464035970834882	4.08378415041138	0.71589	1
ENSDARG00000117373	2	0.807906867089286	0.807906867089286	0.302306733864877	0.374185127246193	1.14255284857203	0.90438	1
ENSDARG00000117376	6	1.65658732940094	1.71824435725658	0.340109578246819	0.20530736424853	4.05779367139219	0.85672	1
ENSDARG00000117380	4	2.13727028143794	1.80983264248745	1.34647586772161	0.629997936814859	4.27454056287588	0.35768	0.898880750617284
ENSDARG00000117411	23	1.65419346632349	1.66363743321075	1.41197093969758	0.85357061821538	7.93323317145212	0.82349	1
ENSDARG00000117425	4	2.95194427978354	2.90187659293936	0.443187482538967	0.150134094865593	5.90388855956708	0.13979	0.621662813455657
ENSDARG00000117428	4	1.51715043337783	1.37251110324358	0.906305344118111	0.597373420709694	3.03430086675567	0.63425	1
ENSDARG00000117432	2	1.2847013235948	1.2847013235948	0.934829182430127	0.727662659998142	1.81684203542644	0.68266	1
ENSDARG00000117434	1	7.75647763521059	7.75647763521059	NA	NA	7.75647763521059	0.02194	0.242723173913043
ENSDARG00000117448	2	4.48724209354326	4.48724209354326	4.149014600859	0.924624639002442	6.34591862634032	0.04689	0.368530054054054
ENSDARG00000117472	8	1.67653699215208	1.8578374221748	1.20668365017485	0.719747703643507	4.74196270424334	0.68733	1
ENSDARG00000117519	1	1.28275143255326	1.28275143255326	NA	NA	1.28275143255326	0.76335	1
ENSDARG00000117524	1	1.35165069132102	1.35165069132102	NA	NA	1.35165069132102	0.63968	1
ENSDARG00000117525	3	2.00105061404171	2.12664862755447	1.06280383626292	0.531122915534992	3.46592133203714	0.36032	0.90195203148057
ENSDARG00000117545	8	1.74557385107381	1.759756977211	0.937151473098953	0.536873001690793	4.93722842862483	0.82297	1
ENSDARG00000117581	1	3.29649083057644	3.29649083057644	NA	NA	3.29649083057644	0.1271	0.598169149722736
ENSDARG00000117605	3	1.05651444358297	1.21033581756191	0.658433668507399	0.623213125486902	1.82993669521607	0.82774	1
ENSDARG00000117625	2	4.53284686698433	4.53284686698433	0.241014780326698	0.0531707307569037	6.41041351544963	0.0475	0.371317204301075
ENSDARG00000117626	4	1.66967567390807	1.50165558331651	1.05826080908321	0.633812198153564	3.33935134781614	0.80343	1
ENSDARG00000117640	1	2.37735167605219	2.37735167605219	NA	NA	2.37735167605219	0.44574	0.95691662518456
ENSDARG00000117642	2	1.04534084295115	1.04534084295115	1.47833519740404	1.4142135623731	1.47833519740404	0.76613	1
ENSDARG00000117666	4	3.41422061717882	3.64424220218845	1.99448907825905	0.584171118944007	6.82844123435765	0.08217	0.490177727006444
ENSDARG00000117668	1	1.29177380535467	1.29177380535467	NA	NA	1.29177380535467	0.66496	1
ENSDARG00000117672	1	3.02268644520527	3.02268644520527	NA	NA	3.02268644520527	0.21398	0.743894095238095
ENSDARG00000117688	1	2.29250894494599	2.29250894494599	NA	NA	2.29250894494599	0.35825	0.89942488899852
ENSDARG00000117690	1	1.74446101063095	1.74446101063095	NA	NA	1.74446101063095	0.46385	0.968863311555737
ENSDARG00000117699	1	1.89091666671176	1.89091666671176	NA	NA	1.89091666671176	0.47689	0.977300937437135
ENSDARG00000117719	6	4.17006050855939	2.85906635293648	5.26933370540073	1.26361085039054	10.2145204425014	0.01613	0.204447247820672
ENSDARG00000117740	10	2.13944742081447	2.06074610962923	0.909384986935015	0.425056011233415	6.76552678394645	0.62089	1
ENSDARG00000117748	3	1.04827212381594	1.02610288183524	0.603610542129733	0.575814741626877	1.81566057860734	0.878	1
ENSDARG00000117758	3	2.77200183769631	2.68924065491545	1.98570931805447	0.716344877932947	4.80124802156431	0.40242	0.930962514181983
ENSDARG00000117772	3	2.15695235257098	2.25287383992283	0.407950701233092	0.18913292208186	3.73595106415816	0.46703	0.969692235822113
ENSDARG00000117781	9	3.07411785602746	3.00590195365905	2.54740786653467	0.828663046063749	9.22235356808237	0.0614	0.425121904761905
ENSDARG00000117808	2	3.72180209229011	3.72180209229011	2.17136672293262	0.583418104748423	5.26342299538524	0.1169	0.581244846116268
ENSDARG00000117810	2	3.95621627489831	3.95621627489831	0.150816847877747	0.0381214871478742	5.59493471164236	0.06646	0.442979620170269
ENSDARG00000117824	18	2.55127166821182	2.75884698940291	1.61091844814475	0.631417840842423	10.8241289834501	0.16406	0.66607461722488
